1.00000000000000 0.00000000000000 0.20000000000000 10.00000000000000 -2.00000000000000
1.00000000000000 0.00000000000000 0.24750000000000 8.08080808080809 -2.00000000000000
1.00000000000000 0.00000000000000 0.29500000000000 6.77966101694998 -2.00000000000024
1.00000000000000 0.00000000000000 0.34250000000000 5.83941605843117 -2.00000000001268
1.00000000000000 0.00000000000000 0.39000000000000 5.12820512882544 -2.00000000024192
1.00000000000000 0.00000000000000 0.43750000000000 4.57142857967880 -2.00000000360947
1.00000000000000 0.00000000000000 0.48500000000000 4.12371137580263 -2.00000001726428
1.00000000000000 0.00000000000000 0.53250000000000 3.75586870137721 -2.00000008348336
1.00000000000000 0.00000000000000 0.58000000000000 3.44827641268513 -2.00000031935738
1.00000000000000 0.00000000000000 0.62750000000000 3.18725249228222 -2.00000093890709
1.00000000000000 0.00000000000000 0.67500000000000 2.96296666130387 -2.00000249638011
1.00000000000000 0.00000000000000 0.72250000000000 2.76817440774962 -2.00000600959910
1.00000000000000 0.00000000000000 0.77000000000000 2.59741930213026 -2.00001286264030
1.00000000000000 0.00000000000000 0.81750000000000 2.44651516142016 -2.00002614446098
1.00000000000000 0.00000000000000 0.86500000000000 2.31219060411129 -2.00004487255626
1.00000000000000 0.00000000000000 0.91250000000000 2.19186574858033 -2.00007749557955
1.00000000000000 0.00000000000000 0.96000000000000 2.08346040804359 -2.00012199172185
1.00000000000000 0.00000000000000 1.00750000000000 1.98531682520319 -2.00020670139221
1.00000000000000 0.00000000000000 1.05500000000000 1.89604065084583 -2.00032288664236
1.00000000000000 0.00000000000000 1.10250000000000 1.81444897648325 -2.00042999657278
1.00000000000000 0.00000000000000 1.15000000000000 1.73969860423620 -2.00065339487163
1.00000000000000 0.00000000000000 1.19750000000000 1.67086424512611 -2.00085993353852
1.00000000000000 0.00000000000000 1.24500000000000 1.60747519383103 -2.00130661631963
1.00000000000000 0.00000000000000 1.29250000000000 1.54864595799350 -2.00162490070660
1.00000000000000 0.00000000000000 1.34000000000000 1.49416830374554 -2.00218552701902
1.00000000000000 0.00000000000000 1.38750000000000 1.44342810941565 -2.00275650181421
1.00000000000000 0.00000000000000 1.43500000000000 1.39615104683854 -2.00347675221331
1.00000000000000 0.00000000000000 1.48250000000000 1.35202043993343 -2.00437030220131
1.00000000000000 0.00000000000000 1.53000000000000 1.31107743468354 -2.00594847506582
1.00000000000000 0.00000000000000 1.57750000000000 1.27224922551862 -2.00697315325563
1.00000000000000 0.00000000000000 1.62500000000000 1.23632933653303 -2.00903517186618
1.00000000000000 0.00000000000000 1.67250000000000 1.20243307607374 -2.01106931973334
1.00000000000000 0.00000000000000 1.72000000000000 1.17071801724464 -2.01363498966078
1.00000000000000 0.00000000000000 1.76750000000000 1.14062536893123 -2.01605533958595
1.00000000000000 0.00000000000000 1.81500000000000 1.11199639376081 -2.01827345467586
1.00000000000000 0.00000000000000 1.86250000000000 1.08606304801581 -2.02279242692945
1.00000000000000 0.00000000000000 1.91000000000000 1.06043911170893 -2.02543870336406
1.00000000000000 0.00000000000000 1.95750000000000 1.03760139066435 -2.03110472222546
1.00000000000000 0.00000000000000 2.00500000000000 1.01547627171745 -2.03602992479348
1.00000000000000 0.00000000000000 2.05250000000000 0.99622533394050 -2.04475249791287
1.00000000000000 0.00000000000000 2.10000000000000 0.97723093562413 -2.05218496481067
1.00000000000000 0.00000000000000 2.14750000000000 0.96158655371391 -2.06500712410063
1.00000000000000 0.00000000000000 2.19500000000000 0.94690292248124 -2.07845191484633
1.00000000000000 0.00000000000000 2.24250000000000 0.93371183228798 -2.09384878390580
1.00000000000000 0.00000000000000 2.29000000000000 0.92147173834619 -2.11017028081277
1.00000000000000 0.00000000000000 2.33750000000000 0.91059083000808 -2.12850606514389
1.00000000000000 0.00000000000000 2.38500000000000 0.90022258640554 -2.14703086857722
1.00000000000000 0.00000000000000 2.43250000000000 0.89099159927751 -2.16733706524255
1.00000000000000 0.00000000000000 2.48000000000000 0.88205385300290 -2.18749355544720
1.00000000000000 0.00000000000000 2.52750000000000 0.87384624565149 -2.20864638588415
1.00000000000000 0.00000000000000 2.57500000000000 0.86623656672748 -2.23055915932327
1.00000000000000 0.00000000000000 2.62250000000000 0.85911831140618 -2.25303777166270
1.00000000000000 0.00000000000000 2.67000000000000 0.85240719114607 -2.27592720036001
1.00000000000000 0.00000000000000 2.71750000000000 0.84613874206586 -2.29938203156396
1.00000000000000 0.00000000000000 2.76500000000000 0.84025777543994 -2.32331274909143
1.00000000000000 0.00000000000000 2.81250000000000 0.83471463500007 -2.34763491093771
1.00000000000000 0.00000000000000 2.86000000000000 0.82951252414991 -2.37240581906874
1.00000000000000 0.00000000000000 2.90750000000000 0.82458236562835 -2.39747322806443
1.00000000000000 0.00000000000000 2.95500000000000 0.81992241233477 -2.42287072844925
1.00000000000000 0.00000000000000 3.00250000000000 0.81552423966419 -2.44861152959174
1.00000000000000 0.00000000000000 3.05000000000000 0.81135511590271 -2.47463310350326
1.00000000000000 0.00000000000000 3.09750000000000 0.80741192548675 -2.50095843919520
1.00000000000000 0.00000000000000 3.14500000000000 0.80365187958586 -2.52748516129752
1.00000000000000 0.00000000000000 3.19250000000000 0.80008785359087 -2.55428047258886
1.00000000000000 0.00000000000000 3.24000000000000 0.79669327346627 -2.58128620603072
1.00000000000000 0.00000000000000 3.28750000000000 0.79348252301268 -2.60857379440419
1.00000000000000 0.00000000000000 3.33500000000000 0.79040434713300 -2.63599849768857
1.00000000000000 0.00000000000000 3.38250000000000 0.78747731856938 -2.66364203006093
1.00000000000000 0.00000000000000 3.43000000000000 0.78467967000405 -2.69145126811388
1.00000000000000 0.00000000000000 3.47750000000000 0.78200394483062 -2.71941871814850
1.00000000000000 0.00000000000000 3.52500000000000 0.77945222443155 -2.74756909112121
1.00000000000000 0.00000000000000 3.57250000000000 0.77701001492134 -2.77586827830650
1.00000000000000 0.00000000000000 3.62000000000000 0.77467260723082 -2.80431483817556
1.00000000000000 0.00000000000000 3.66750000000000 0.77243393598052 -2.83290146020854
1.00000000000000 0.00000000000000 3.71500000000000 0.77028794694159 -2.86161972288801
1.00000000000000 0.00000000000000 3.76250000000000 0.76822789036239 -2.89045743748851
1.00000000000000 0.00000000000000 3.81000000000000 0.76625249448167 -2.91942200397515
1.00000000000000 0.00000000000000 3.85750000000000 0.76435721886842 -2.94850797178492
1.00000000000000 0.00000000000000 3.90500000000000 0.76253445438923 -2.97769704438996
1.00000000000000 0.00000000000000 3.95250000000000 0.76078202646392 -3.00699095959863
