1.00000000000 0.00000000000 2.40000000000
1.00000000000 0.00000000000 2.44166666667
1.00000000000 0.00000000000 2.48333333333
1.00000000000 0.00000000000 2.52500000000
1.00000000000 0.00000000000 2.56666666667
1.00000000000 0.00000000000 2.60833333333
1.00000000000 0.00000000000 2.65000000000
1.00000000000 0.00000000000 2.69166666667
1.00000000000 0.00000000000 2.73333333333
1.00000000000 0.00000000000 2.77500000000
1.00000000000 0.00000000000 2.81666666667
1.00000000000 0.00000000000 2.85833333333
1.00000000000 0.00000000000 2.90000000000
1.00000000000 0.00000000000 2.94166666667
1.00000000000 0.00000000000 2.98333333333
1.00000000000 0.00000000000 3.02500000000
1.00000000000 0.00000000000 3.06666666667
1.00000000000 0.00000000000 3.10833333333
1.00000000000 0.00000000000 3.15000000000
1.00000000000 0.00000000000 3.19166666667
1.00000000000 0.00000000000 3.23333333333
1.00000000000 0.00000000000 3.27500000000
1.00000000000 0.00000000000 3.31666666667
1.00000000000 0.00000000000 3.35833333333
