1.00000000000 0.00000000000 0.20000000000
1.00000000000 0.00000000000 0.22968750000
1.00000000000 0.00000000000 0.25937500000
1.00000000000 0.00000000000 0.28906250000
1.00000000000 0.00000000000 0.31875000000
1.00000000000 0.00000000000 0.34843750000
1.00000000000 0.00000000000 0.37812500000
1.00000000000 0.00000000000 0.40781250000
1.00000000000 0.00000000000 0.43750000000
1.00000000000 0.00000000000 0.46718750000
1.00000000000 0.00000000000 0.49687500000
1.00000000000 0.00000000000 0.52656250000
1.00000000000 0.00000000000 0.55625000000
1.00000000000 0.00000000000 0.58593750000
1.00000000000 0.00000000000 0.61562500000
1.00000000000 0.00000000000 0.64531250000
1.00000000000 0.00000000000 0.67500000000
1.00000000000 0.00000000000 0.70468750000
1.00000000000 0.00000000000 0.73437500000
1.00000000000 0.00000000000 0.76406250000
1.00000000000 0.00000000000 0.79375000000
1.00000000000 0.00000000000 0.82343750000
1.00000000000 0.00000000000 0.85312500000
1.00000000000 0.00000000000 0.88281250000
1.00000000000 0.00000000000 0.91250000000
1.00000000000 0.00000000000 0.94218750000
1.00000000000 0.00000000000 0.97187500000
1.00000000000 0.00000000000 1.00156250000
1.00000000000 0.00000000000 1.03125000000
1.00000000000 0.00000000000 1.06093750000
1.00000000000 0.00000000000 1.09062500000
1.00000000000 0.00000000000 1.12031250000
1.00000000000 0.00000000000 1.15000000000
1.00000000000 0.00000000000 1.17968750000
1.00000000000 0.00000000000 1.20937500000
1.00000000000 0.00000000000 1.23906250000
1.00000000000 0.00000000000 1.26875000000
1.00000000000 0.00000000000 1.29843750000
1.00000000000 0.00000000000 1.32812500000
1.00000000000 0.00000000000 1.35781250000
1.00000000000 0.00000000000 1.38750000000
1.00000000000 0.00000000000 1.41718750000
1.00000000000 0.00000000000 1.44687500000
1.00000000000 0.00000000000 1.47656250000
1.00000000000 0.00000000000 1.50625000000
1.00000000000 0.00000000000 1.53593750000
1.00000000000 0.00000000000 1.56562500000
1.00000000000 0.00000000000 1.59531250000
1.00000000000 0.00000000000 1.62500000000
1.00000000000 0.00000000000 1.65468750000
1.00000000000 0.00000000000 1.68437500000
1.00000000000 0.00000000000 1.71406250000
1.00000000000 0.00000000000 1.74375000000
1.00000000000 0.00000000000 1.77343750000
1.00000000000 0.00000000000 1.80312500000
1.00000000000 0.00000000000 1.83281250000
1.00000000000 0.00000000000 1.86250000000
1.00000000000 0.00000000000 1.89218750000
1.00000000000 0.00000000000 1.92187500000
1.00000000000 0.00000000000 1.95156250000
1.00000000000 0.00000000000 1.98125000000
1.00000000000 0.00000000000 2.01093750000
1.00000000000 0.00000000000 2.04062500000
1.00000000000 0.00000000000 2.07031250000
1.00000000000 0.00000000000 2.10000000000
1.00000000000 0.00000000000 2.12968750000
1.00000000000 0.00000000000 2.15937500000
1.00000000000 0.00000000000 2.18906250000
1.00000000000 0.00000000000 2.21875000000
1.00000000000 0.00000000000 2.24843750000
1.00000000000 0.00000000000 2.27812500000
1.00000000000 0.00000000000 2.30781250000
1.00000000000 0.00000000000 2.33750000000
1.00000000000 0.00000000000 2.36718750000
1.00000000000 0.00000000000 2.39687500000
1.00000000000 0.00000000000 2.42656250000
1.00000000000 0.00000000000 2.45625000000
1.00000000000 0.00000000000 2.48593750000
1.00000000000 0.00000000000 2.51562500000
1.00000000000 0.00000000000 2.54531250000
1.00000000000 0.00000000000 2.57500000000
1.00000000000 0.00000000000 2.60468750000
1.00000000000 0.00000000000 2.63437500000
1.00000000000 0.00000000000 2.66406250000
1.00000000000 0.00000000000 2.69375000000
1.00000000000 0.00000000000 2.72343750000
1.00000000000 0.00000000000 2.75312500000
1.00000000000 0.00000000000 2.78281250000
1.00000000000 0.00000000000 2.81250000000
1.00000000000 0.00000000000 2.84218750000
1.00000000000 0.00000000000 2.87187500000
1.00000000000 0.00000000000 2.90156250000
1.00000000000 0.00000000000 2.93125000000
1.00000000000 0.00000000000 2.96093750000
1.00000000000 0.00000000000 2.99062500000
1.00000000000 0.00000000000 3.02031250000
1.00000000000 0.00000000000 3.05000000000
1.00000000000 0.00000000000 3.07968750000
1.00000000000 0.00000000000 3.10937500000
1.00000000000 0.00000000000 3.13906250000
1.00000000000 0.00000000000 3.16875000000
1.00000000000 0.00000000000 3.19843750000
1.00000000000 0.00000000000 3.22812500000
1.00000000000 0.00000000000 3.25781250000
1.00000000000 0.00000000000 3.28750000000
1.00000000000 0.00000000000 3.31718750000
1.00000000000 0.00000000000 3.34687500000
1.00000000000 0.00000000000 3.37656250000
1.00000000000 0.00000000000 3.40625000000
1.00000000000 0.00000000000 3.43593750000
1.00000000000 0.00000000000 3.46562500000
1.00000000000 0.00000000000 3.49531250000
1.00000000000 0.00000000000 3.52500000000
1.00000000000 0.00000000000 3.55468750000
1.00000000000 0.00000000000 3.58437500000
1.00000000000 0.00000000000 3.61406250000
1.00000000000 0.00000000000 3.64375000000
1.00000000000 0.00000000000 3.67343750000
1.00000000000 0.00000000000 3.70312500000
1.00000000000 0.00000000000 3.73281250000
1.00000000000 0.00000000000 3.76250000000
1.00000000000 0.00000000000 3.79218750000
1.00000000000 0.00000000000 3.82187500000
1.00000000000 0.00000000000 3.85156250000
1.00000000000 0.00000000000 3.88125000000
1.00000000000 0.00000000000 3.91093750000
1.00000000000 0.00000000000 3.94062500000
1.00000000000 0.00000000000 3.97031250000
