1.00000000000 0.20000000000 0.20000000000
1.00000000000 0.20000000000 0.23958333333
1.00000000000 0.20000000000 0.27916666667
1.00000000000 0.20000000000 0.31875000000
1.00000000000 0.20000000000 0.35833333333
1.00000000000 0.20000000000 0.39791666667
1.00000000000 0.20000000000 0.43750000000
1.00000000000 0.20000000000 0.47708333333
1.00000000000 0.20000000000 0.51666666667
1.00000000000 0.20000000000 0.55625000000
1.00000000000 0.20000000000 0.59583333333
1.00000000000 0.20000000000 0.63541666667
1.00000000000 0.20000000000 0.67500000000
1.00000000000 0.20000000000 0.71458333333
1.00000000000 0.20000000000 0.75416666667
1.00000000000 0.20000000000 0.79375000000
1.00000000000 0.20000000000 0.83333333333
1.00000000000 0.20000000000 0.87291666667
1.00000000000 0.20000000000 0.91250000000
1.00000000000 0.20000000000 0.95208333333
1.00000000000 0.20000000000 0.99166666667
1.00000000000 0.20000000000 1.03125000000
1.00000000000 0.20000000000 1.07083333333
1.00000000000 0.20000000000 1.11041666667
1.00000000000 0.20000000000 1.15000000000
1.00000000000 0.20000000000 1.18958333333
1.00000000000 0.20000000000 1.22916666667
1.00000000000 0.20000000000 1.26875000000
1.00000000000 0.20000000000 1.30833333333
1.00000000000 0.20000000000 1.34791666667
1.00000000000 0.20000000000 1.38750000000
1.00000000000 0.20000000000 1.42708333333
1.00000000000 0.20000000000 1.46666666667
1.00000000000 0.20000000000 1.50625000000
1.00000000000 0.20000000000 1.54583333333
1.00000000000 0.20000000000 1.58541666667
1.00000000000 0.20000000000 1.62500000000
1.00000000000 0.20000000000 1.66458333333
1.00000000000 0.20000000000 1.70416666667
1.00000000000 0.20000000000 1.74375000000
1.00000000000 0.20000000000 1.78333333333
1.00000000000 0.20000000000 1.82291666667
1.00000000000 0.20000000000 1.86250000000
1.00000000000 0.20000000000 1.90208333333
1.00000000000 0.20000000000 1.94166666667
1.00000000000 0.20000000000 1.98125000000
1.00000000000 0.20000000000 2.02083333333
1.00000000000 0.20000000000 2.06041666667
1.00000000000 0.20000000000 2.10000000000
1.00000000000 0.20000000000 2.13958333333
1.00000000000 0.20000000000 2.17916666667
1.00000000000 0.20000000000 2.21875000000
1.00000000000 0.20000000000 2.25833333333
1.00000000000 0.20000000000 2.29791666667
1.00000000000 0.20000000000 2.33750000000
1.00000000000 0.20000000000 2.37708333333
1.00000000000 0.20000000000 2.41666666667
1.00000000000 0.20000000000 2.45625000000
1.00000000000 0.20000000000 2.49583333333
1.00000000000 0.20000000000 2.53541666667
1.00000000000 0.20000000000 2.57500000000
1.00000000000 0.20000000000 2.61458333333
1.00000000000 0.20000000000 2.65416666667
1.00000000000 0.20000000000 2.69375000000
1.00000000000 0.20000000000 2.73333333333
1.00000000000 0.20000000000 2.77291666667
1.00000000000 0.20000000000 2.81250000000
1.00000000000 0.20000000000 2.85208333333
1.00000000000 0.20000000000 2.89166666667
1.00000000000 0.20000000000 2.93125000000
1.00000000000 0.20000000000 2.97083333333
1.00000000000 0.20000000000 3.01041666667
1.00000000000 0.20000000000 3.05000000000
1.00000000000 0.20000000000 3.08958333333
1.00000000000 0.20000000000 3.12916666667
1.00000000000 0.20000000000 3.16875000000
1.00000000000 0.20000000000 3.20833333333
1.00000000000 0.20000000000 3.24791666667
1.00000000000 0.20000000000 3.28750000000
1.00000000000 0.20000000000 3.32708333333
1.00000000000 0.20000000000 3.36666666667
1.00000000000 0.20000000000 3.40625000000
1.00000000000 0.20000000000 3.44583333333
1.00000000000 0.20000000000 3.48541666667
1.00000000000 0.20000000000 3.52500000000
1.00000000000 0.20000000000 3.56458333333
1.00000000000 0.20000000000 3.60416666667
1.00000000000 0.20000000000 3.64375000000
1.00000000000 0.20000000000 3.68333333333
1.00000000000 0.20000000000 3.72291666667
1.00000000000 0.20000000000 3.76250000000
1.00000000000 0.20000000000 3.80208333333
1.00000000000 0.20000000000 3.84166666667
1.00000000000 0.20000000000 3.88125000000
1.00000000000 0.20000000000 3.92083333333
1.00000000000 0.20000000000 3.96041666667
