1.00000000000000 0.00000000000000 0.20000000000000 10.00000000000000 -2.00000000000000
1.00000000000000 0.00000000000000 0.22968750000000 8.70748299319728 -2.00000000000000
1.00000000000000 0.00000000000000 0.25937500000000 7.71084337349400 -2.00000000000001
1.00000000000000 0.00000000000000 0.28906250000000 6.91891891891950 -2.00000000000017
1.00000000000000 0.00000000000000 0.31875000000000 6.27450980392796 -2.00000000000204
1.00000000000000 0.00000000000000 0.34843750000000 5.73991031395554 -2.00000000001888
1.00000000000000 0.00000000000000 0.37812500000000 5.28925619867840 -2.00000000012527
1.00000000000000 0.00000000000000 0.40781250000000 4.90421456091167 -2.00000000062179
1.00000000000000 0.00000000000000 0.43750000000000 4.57142857980748 -2.00000000366577
1.00000000000000 0.00000000000000 0.46718750000000 4.28093647533146 -2.00000000956892
1.00000000000000 0.00000000000000 0.49687500000000 4.02515728721619 -2.00000002708554
1.00000000000000 0.00000000000000 0.52656250000000 3.79821971226400 -2.00000006723901
1.00000000000000 0.00000000000000 0.55625000000000 3.59550592751873 -2.00000017218230
1.00000000000000 0.00000000000000 0.58593750000000 3.41333396568460 -2.00000037051832
1.00000000000000 0.00000000000000 0.61562500000000 3.24873224874753 -2.00000079063520
1.00000000000000 0.00000000000000 0.64531250000000 3.09927573720530 -2.00000137416530
1.00000000000000 0.00000000000000 0.67500000000000 2.96296667068633 -2.00000250271327
1.00000000000000 0.00000000000000 0.70468750000000 2.83814355694443 -2.00000428778428
1.00000000000000 0.00000000000000 0.73437500000000 2.72341373559877 -2.00000696208035
1.00000000000000 0.00000000000000 0.76406250000000 2.61760182475383 -2.00001139422597
1.00000000000000 0.00000000000000 0.79375000000000 2.51970923735726 -2.00001920715233
1.00000000000000 0.00000000000000 0.82343750000000 2.42887645959777 -2.00002795970004
1.00000000000000 0.00000000000000 0.85312500000000 2.34436725302374 -2.00003831273588
1.00000000000000 0.00000000000000 0.88281250000000 2.26554845996350 -2.00005449981153
1.00000000000000 0.00000000000000 0.91250000000000 2.19186651953963 -2.00007819907991
1.00000000000000 0.00000000000000 0.94218750000000 2.12283497543341 -2.00010857841616
1.00000000000000 0.00000000000000 0.97187500000000 2.05802980802707 -2.00014771967630
1.00000000000000 0.00000000000000 1.00156250000000 1.99706325680678 -2.00018366814554
1.00000000000000 0.00000000000000 1.03125000000000 1.93964036251631 -2.00025412384495
1.00000000000000 0.00000000000000 1.06093750000000 1.88541435647766 -2.00030679382552
1.00000000000000 0.00000000000000 1.09062500000000 1.83418451436866 -2.00040748598332
1.00000000000000 0.00000000000000 1.12031250000000 1.78568217079844 -2.00052205697262
1.00000000000000 0.00000000000000 1.15000000000000 1.73970500631253 -2.00066075725941
1.00000000000000 0.00000000000000 1.17968750000000 1.69601189533513 -2.00076403277816
1.00000000000000 0.00000000000000 1.20937500000000 1.65456029510736 -2.00098385689546
1.00000000000000 0.00000000000000 1.23906250000000 1.61517968575414 -2.00130857937974
1.00000000000000 0.00000000000000 1.26875000000000 1.57751562418881 -2.00147294818955
1.00000000000000 0.00000000000000 1.29843750000000 1.54184552414991 -2.00199004776340
1.00000000000000 0.00000000000000 1.32812500000000 1.50756425281361 -2.00223377326808
1.00000000000000 0.00000000000000 1.35781250000000 1.47465737054503 -2.00230821094317
1.00000000000000 0.00000000000000 1.38750000000000 1.44340608835288 -2.00272594758962
1.00000000000000 0.00000000000000 1.41718750000000 1.41346763012408 -2.00314865706647
1.00000000000000 0.00000000000000 1.44687500000000 1.38511221199889 -2.00408423173590
1.00000000000000 0.00000000000000 1.47656250000000 1.35769726526063 -2.00472486823639
1.00000000000000 0.00000000000000 1.50625000000000 1.33175387180985 -2.00595426941359
1.00000000000000 0.00000000000000 1.53593750000000 1.30602096269931 -2.00596657239597
1.00000000000000 0.00000000000000 1.56562500000000 1.28201343355910 -2.00715228191597
1.00000000000000 0.00000000000000 1.59531250000000 1.25854184935631 -2.00776754405124
1.00000000000000 0.00000000000000 1.62500000000000 1.23593815046798 -2.00839949451046
1.00000000000000 0.00000000000000 1.65468750000000 1.21480828841225 -2.01012808973215
1.00000000000000 0.00000000000000 1.68437500000000 1.19399925803444 -2.01114250025176
1.00000000000000 0.00000000000000 1.71406250000000 1.17405847425440 -2.01240960352669
1.00000000000000 0.00000000000000 1.74375000000000 1.15499142632766 -2.01401629965886
1.00000000000000 0.00000000000000 1.77343750000000 1.13709565040756 -2.01656806751966
1.00000000000000 0.00000000000000 1.80312500000000 1.11860728473485 -2.01698876028752
1.00000000000000 0.00000000000000 1.83281250000000 1.10256608217025 -2.02079689747765
1.00000000000000 0.00000000000000 1.86250000000000 1.08594095288939 -2.02256502475648
1.00000000000000 0.00000000000000 1.89218750000000 1.07047484318434 -2.02553911733787
1.00000000000000 0.00000000000000 1.92187500000000 1.05425523534753 -2.02614678043354
1.00000000000000 0.00000000000000 1.95156250000000 1.03985803712630 -2.02934795057929
1.00000000000000 0.00000000000000 1.98125000000000 1.02643594090004 -2.03362620790821
1.00000000000000 0.00000000000000 2.01093750000000 1.01358386234595 -2.03825379818631
1.00000000000000 0.00000000000000 2.04062500000000 1.00240706303903 -2.04553691301402
1.00000000000000 0.00000000000000 2.07031250000000 0.98788952189393 -2.04524002579603
1.00000000000000 0.00000000000000 2.10000000000000 0.97743789288238 -2.05261957505299
1.00000000000000 0.00000000000000 2.12968750000000 0.96696078613540 -2.05932429922274
1.00000000000000 0.00000000000000 2.15937500000000 0.95740236958568 -2.06739074182407
1.00000000000000 0.00000000000000 2.18906250000000 0.94865999418884 -2.07667601852900
1.00000000000000 0.00000000000000 2.21875000000000 0.94024838328342 -2.08617610041008
1.00000000000000 0.00000000000000 2.24843750000000 0.93204504683797 -2.09564503499975
1.00000000000000 0.00000000000000 2.27812500000000 0.92450887547966 -2.10614678195211
1.00000000000000 0.00000000000000 2.30781250000000 0.91738194934099 -2.11714552996351
1.00000000000000 0.00000000000000 2.33750000000000 0.91060308213993 -2.12853470450209
1.00000000000000 0.00000000000000 2.36718750000000 0.90390286080025 -2.13970755330058
1.00000000000000 0.00000000000000 2.39687500000000 0.89772482804930 -2.15173419723068
1.00000000000000 0.00000000000000 2.42656250000000 0.89205370598502 -2.16462407092928
1.00000000000000 0.00000000000000 2.45625000000000 0.88645994655829 -2.17736724373381
1.00000000000000 0.00000000000000 2.48593750000000 0.88099436636672 -2.19009693263976
1.00000000000000 0.00000000000000 2.51562500000000 0.87584596298464 -2.20330000063324
1.00000000000000 0.00000000000000 2.54531250000000 0.87090752554354 -2.21673181111005
1.00000000000000 0.00000000000000 2.57500000000000 0.86620782720545 -2.23048515505403
1.00000000000000 0.00000000000000 2.60468750000000 0.86170223695270 -2.24446504531272
1.00000000000000 0.00000000000000 2.63437500000000 0.85738250337742 -2.25866703233489
1.00000000000000 0.00000000000000 2.66406250000000 0.85322071288411 -2.27303330541781
1.00000000000000 0.00000000000000 2.69375000000000 0.84921186806777 -2.28756446960757
1.00000000000000 0.00000000000000 2.72343750000000 0.84537838812497 -2.30233520390911
1.00000000000000 0.00000000000000 2.75312500000000 0.84170165225827 -2.31730986137354
1.00000000000000 0.00000000000000 2.78281250000000 0.83813958462100 -2.33238531282813
1.00000000000000 0.00000000000000 2.81250000000000 0.83471390990681 -2.34763287161290
1.00000000000000 0.00000000000000 2.84218750000000 0.83140749812368 -2.36301599857339
1.00000000000000 0.00000000000000 2.87187500000000 0.82821382531699 -2.37852657958224
1.00000000000000 0.00000000000000 2.90156250000000 0.82517343816994 -2.39429230418997
1.00000000000000 0.00000000000000 2.93125000000000 0.82222194513612 -2.41013807668025
1.00000000000000 0.00000000000000 2.96093750000000 0.81935644832930 -2.42606323372503
1.00000000000000 0.00000000000000 2.99062500000000 0.81655321271292 -2.44200445176957
1.00000000000000 0.00000000000000 3.02031250000000 0.81394895668367 -2.45838020823364
1.00000000000000 0.00000000000000 3.05000000000000 0.81135917507214 -2.47464548397003
1.00000000000000 0.00000000000000 3.07968750000000 0.80886510184935 -2.49105174335168
1.00000000000000 0.00000000000000 3.10937500000000 0.80644806858659 -2.50754946326143
1.00000000000000 0.00000000000000 3.13906250000000 0.80409546191097 -2.52410591090491
1.00000000000000 0.00000000000000 3.16875000000000 0.80185202503443 -2.54086860432784
1.00000000000000 0.00000000000000 3.19843750000000 0.79964922585549 -2.55762807082216
1.00000000000000 0.00000000000000 3.22812500000000 0.79753578460178 -2.57454520466762
1.00000000000000 0.00000000000000 3.25781250000000 0.79547427302132 -2.59150603007725
1.00000000000000 0.00000000000000 3.28750000000000 0.79348107070808 -2.60856901995281
1.00000000000000 0.00000000000000 3.31718750000000 0.79154281076239 -2.62569591757588
1.00000000000000 0.00000000000000 3.34687500000000 0.78965774255600 -2.64288575711712
1.00000000000000 0.00000000000000 3.37656250000000 0.78783080291272 -2.66015994545997
1.00000000000000 0.00000000000000 3.40625000000000 0.78605927276652 -2.67751439786097
1.00000000000000 0.00000000000000 3.43593750000000 0.78433614159120 -2.69492996149850
1.00000000000000 0.00000000000000 3.46562500000000 0.78262163417474 -2.71227310093684
1.00000000000000 0.00000000000000 3.49531250000000 0.78103456559407 -2.72995988005302
1.00000000000000 0.00000000000000 3.52500000000000 0.77945262113292 -2.74757048949354
1.00000000000000 0.00000000000000 3.55468750000000 0.77791303171483 -2.76523772992380
1.00000000000000 0.00000000000000 3.58437500000000 0.77641681534023 -2.78296902248515
1.00000000000000 0.00000000000000 3.61406250000000 0.77495995776386 -2.80075372235594
1.00000000000000 0.00000000000000 3.64375000000000 0.77354165124691 -2.81859239173093
1.00000000000000 0.00000000000000 3.67343750000000 0.77216044658760 -2.83648314051164
1.00000000000000 0.00000000000000 3.70312500000000 0.77081553184044 -2.85442626634661
1.00000000000000 0.00000000000000 3.73281250000000 0.76950554595457 -2.87241992075855
1.00000000000000 0.00000000000000 3.76250000000000 0.76822788482860 -2.89045741666759
1.00000000000000 0.00000000000000 3.79218750000000 0.76698751418274 -2.90856046393986
1.00000000000000 0.00000000000000 3.82187500000000 0.76577271787760 -2.92668760613847
1.00000000000000 0.00000000000000 3.85156250000000 0.76458993817839 -2.94486593376519
1.00000000000000 0.00000000000000 3.88125000000000 0.76343669405239 -2.96308866879083
1.00000000000000 0.00000000000000 3.91093750000000 0.76231120983363 -2.98135149720872
1.00000000000000 0.00000000000000 3.94062500000000 0.76121439762407 -2.99966048563737
1.00000000000000 0.00000000000000 3.97031250000000 0.76014171513160 -3.01800015335844
