-1.00000000000000 0.00000000000000 1.00000000000000 2.00017922848146 -2.00017922848146
-1.00000000000000 0.00000000000000 1.02083333333000 1.95939590285628 -2.00021665082592
-1.00000000000000 0.00000000000000 1.04166666667000 1.92024973635713 -2.00026014204508
-1.00000000000000 0.00000000000000 1.06250000000000 1.88264508827423 -2.00031040629136
-1.00000000000000 0.00000000000000 1.08333333333000 1.84649371997866 -2.00036819663739
-1.00000000000000 0.00000000000000 1.10416666667000 1.81171409763647 -2.00043431614630
-1.00000000000000 0.00000000000000 1.12500000000000 1.77823077239453 -2.00050961894384
-1.00000000000000 0.00000000000000 1.14583333333000 1.74597382805495 -2.00059501130715
-1.00000000000000 0.00000000000000 1.16666666667000 1.71487838809638 -2.00069145278483
-1.00000000000000 0.00000000000000 1.18750000000000 1.68488417462249 -2.00079995736421
-1.00000000000000 0.00000000000000 1.20833333333000 1.65593511286196 -2.00092159470268
-1.00000000000000 0.00000000000000 1.22916666667000 1.62797897608207 -2.00105749143963
-1.00000000000000 0.00000000000000 1.25000000000000 1.60096706608616 -2.00120883260770
-1.00000000000000 0.00000000000000 1.27083333333000 1.57485392511664 -2.00137686316381
-1.00000000000000 0.00000000000000 1.29166666667000 1.54959707586213 -2.00156288966041
-1.00000000000000 0.00000000000000 1.31250000000000 1.52515678634731 -2.00176828208084
-1.00000000000000 0.00000000000000 1.33333333333000 1.50149585690310 -2.00199447586580
-1.00000000000000 0.00000000000000 1.35416666667000 1.47857942706736 -2.00224297415865
-1.00000000000000 0.00000000000000 1.37500000000000 1.45637480022045 -2.00251535030312
-1.00000000000000 0.00000000000000 1.39583333333000 1.43485128403857 -2.00281325063239
-1.00000000000000 0.00000000000000 1.41666666667000 1.41398004535509 -2.00313839759109
-1.00000000000000 0.00000000000000 1.43750000000000 1.39373397790708 -2.00349259324142
-1.00000000000000 0.00000000000000 1.45833333333000 1.37408758163573 -2.00387772321420
-1.00000000000000 0.00000000000000 1.47916666667000 1.35501685261985 -2.00429576117138
-1.00000000000000 0.00000000000000 1.50000000000000 1.33649918257544 -2.00474877386316
-1.00000000000000 0.00000000000000 1.52083333333000 1.31851326699189 -2.00523892687910
-1.00000000000000 0.00000000000000 1.54166666667000 1.30103902132037 -2.00576849120657
-1.00000000000000 0.00000000000000 1.56250000000000 1.28405750447295 -2.00633985073899
-1.00000000000000 0.00000000000000 1.58333333333000 1.26755084899802 -2.00695551090931
-1.00000000000000 0.00000000000000 1.60416666667000 1.25150219760220 -2.00761810865770
-1.00000000000000 0.00000000000000 1.62500000000000 1.23589564553941 -2.00833042400154
-1.00000000000000 0.00000000000000 1.64583333333000 1.22071618848568 -2.00909539354528
-1.00000000000000 0.00000000000000 1.66666666667000 1.20594967580513 -2.00991612634590
-1.00000000000000 0.00000000000000 1.68750000000000 1.19158276898905 -2.01079592266902
-1.00000000000000 0.00000000000000 1.70833333333000 1.17760290516620 -2.01173829632166
-1.00000000000000 0.00000000000000 1.72916666667000 1.16399826589317 -2.01274700144415
-1.00000000000000 0.00000000000000 1.75000000000000 1.15075775140609 -2.01382606496066
-1.00000000000000 0.00000000000000 1.77083333333000 1.13787096076851 -2.01497982635710
-1.00000000000000 0.00000000000000 1.79166666667000 1.12532817887283 -2.01621298715091
-1.00000000000000 0.00000000000000 1.81250000000000 1.11312037158390 -2.01753067349581
-1.00000000000000 0.00000000000000 1.83333333333000 1.10123919107988 -2.01893851697612
-1.00000000000000 0.00000000000000 1.85416666667000 1.08967699479154 -2.02044276117962
-1.00000000000000 0.00000000000000 1.87500000000000 1.07842688323303 -2.02205040606192
-1.00000000000000 0.00000000000000 1.89583333333000 1.06748276578441 -2.02376941012939
-1.00000000000000 0.00000000000000 1.91666666667000 1.05683947044147 -2.02560898501634
-1.00000000000000 0.00000000000000 1.93750000000000 1.04649292683185 -2.02758004573671
-1.00000000000000 0.00000000000000 1.95833333333000 1.03644126093790 -2.02969746933327
-1.00000000000000 0.00000000000000 1.97916666667000 1.02668230452938 -2.03197539438448
-1.00000000000000 0.00000000000000 2.00000000000000 1.01721950608565 -2.03443901217130
-1.00000000000000 0.00000000000000 2.02083333333000 1.00806123181019 -2.03712373927974
-1.00000000000000 0.00000000000000 2.04166666667000 0.99927174390387 -2.04017981047373
-1.00000000000000 0.00000000000000 2.06250000000000 0.99098908069312 -2.04391497892956
-1.00000000000000 0.00000000000000 2.08333333333000 0.98313934196123 -2.04820696241596
-1.00000000000000 0.00000000000000 2.10416666667000 0.97567253569191 -2.05297762718831
-1.00000000000000 0.00000000000000 2.12500000000000 0.96854947504513 -2.05816763447090
-1.00000000000000 0.00000000000000 2.14583333333000 0.96174067911184 -2.06373520725763
-1.00000000000000 0.00000000000000 2.16666666667000 0.95522172379550 -2.06964706822678
-1.00000000000000 0.00000000000000 2.18750000000000 0.94896936243757 -2.07587048033218
-1.00000000000000 0.00000000000000 2.20833333333000 0.94297013550306 -2.08239238256611
-1.00000000000000 0.00000000000000 2.22916666667000 0.93720554053401 -2.08918735077686
-1.00000000000000 0.00000000000000 2.25000000000000 0.93166113568220 -2.09623755528494
-1.00000000000000 0.00000000000000 2.27083333333000 0.92632389435600 -2.10352717676367
-1.00000000000000 0.00000000000000 2.29166666667000 0.92118198822511 -2.11104205635228
-1.00000000000000 0.00000000000000 2.31250000000000 0.91622461701572 -2.11876942684885
-1.00000000000000 0.00000000000000 2.33333333333000 0.91144187248262 -2.12669770245640
-1.00000000000000 0.00000000000000 2.35416666667000 0.90682462834207 -2.13481631255832
-1.00000000000000 0.00000000000000 2.37500000000000 0.90236444989526 -2.14311556850125
-1.00000000000000 0.00000000000000 2.39583333333000 0.89805351859627 -2.15158655496724
-1.00000000000000 0.00000000000000 2.41666666667000 0.89388456819049 -2.16022103979666
-1.00000000000000 0.00000000000000 2.43750000000000 0.88985082998837 -2.16901139809664
-1.00000000000000 0.00000000000000 2.45833333333000 0.88594598552139 -2.17795054773712
-1.00000000000000 0.00000000000000 2.47916666667000 0.88216412531653 -2.18703189401685
-1.00000000000000 0.00000000000000 2.50000000000000 0.87849971275968 -2.19624928189920
-1.00000000000000 0.00000000000000 2.52083333333000 0.87494755222655 -2.20559695456817
-1.00000000000000 0.00000000000000 2.54166666667000 0.87150276086064 -2.21506951719036
-1.00000000000000 0.00000000000000 2.56250000000000 0.86816074344699 -2.22466190508292
-1.00000000000000 0.00000000000000 2.58333333333000 0.86491716992977 -2.23436935564902
-1.00000000000000 0.00000000000000 2.60416666667000 0.86176795524127 -2.24418738344369
-1.00000000000000 0.00000000000000 2.62500000000000 0.85870924112551 -2.25411175795446
-1.00000000000000 0.00000000000000 2.64583333333000 0.85573737969185 -2.26413848376516
-1.00000000000000 0.00000000000000 2.66666666667000 0.85284891851370 -2.27426378270604
-1.00000000000000 0.00000000000000 2.68750000000000 0.85004058707754 -2.28448407777089
-1.00000000000000 0.00000000000000 2.70833333333000 0.84730928441683 -2.29479597862610
-1.00000000000000 0.00000000000000 2.72916666667000 0.84465206782343 -2.30519626843759
-1.00000000000000 0.00000000000000 2.75000000000000 0.84206614250883 -2.31568189189929
-1.00000000000000 0.00000000000000 2.77083333333000 0.83954885210525 -2.32624994437217
-1.00000000000000 0.00000000000000 2.79166666667000 0.83709766994258 -2.33689766192583
-1.00000000000000 0.00000000000000 2.81250000000000 0.83471019101310 -2.34762241222434
-1.00000000000000 0.00000000000000 2.83333333333000 0.83238412454707 -2.35842168621391
-1.00000000000000 0.00000000000000 2.85416666667000 0.83011728716134 -2.36929309044244
-1.00000000000000 0.00000000000000 2.87500000000000 0.82790759651746 -2.38023433998771
-1.00000000000000 0.00000000000000 2.89583333333000 0.82575306543355 -2.39124325198190
-1.00000000000000 0.00000000000000 2.91666666667000 0.82365179642837 -2.40231773958548
-1.00000000000000 0.00000000000000 2.93750000000000 0.82160197665010 -2.41345580640968
-1.00000000000000 0.00000000000000 2.95833333333000 0.81960187314847 -2.42465554139484
-1.00000000000000 0.00000000000000 2.97916666667000 0.81764982847854 -2.43591511401171
