-1.00000000000000 0.00000000000000 1.00000000000000 2.02743080246317 -2.02743080246317
-1.00000000000000 0.00000000000000 1.02083333333000 1.98893980823289 -2.03037605423111
-1.00000000000000 0.00000000000000 1.04166666667000 1.95217237949517 -2.03351289531398
-1.00000000000000 0.00000000000000 1.06250000000000 1.91702991855468 -2.03684428846435
-1.00000000000000 0.00000000000000 1.08333333333000 1.88342106834253 -2.04037282403146
-1.00000000000000 0.00000000000000 1.10416666667000 1.85126103694162 -2.04410072829587
-1.00000000000000 0.00000000000000 1.12500000000000 1.82047099827083 -2.04802987305468
-1.00000000000000 0.00000000000000 1.14583333333000 1.79097755896088 -2.05216178630337
-1.00000000000000 0.00000000000000 1.16666666667000 1.76271228327185 -2.05649766382304
-1.00000000000000 0.00000000000000 1.18750000000000 1.73561126866496 -2.06103838153964
-1.00000000000000 0.00000000000000 1.20833333333000 1.70961476569257 -2.06578450853949
-1.00000000000000 0.00000000000000 1.22916666667000 1.68466683707462 -2.07073632057650
-1.00000000000000 0.00000000000000 1.25000000000000 1.66071505117552 -2.07589381396940
-1.00000000000000 0.00000000000000 1.27083333333000 1.63771020575082 -2.08125671980288
-1.00000000000000 0.00000000000000 1.29166666667000 1.61560607867044 -2.08682451828804
-1.00000000000000 0.00000000000000 1.31250000000000 1.59435920244363 -2.09259645320726
-1.00000000000000 0.00000000000000 1.33333333333000 1.57392865979132 -2.09857154638318
-1.00000000000000 0.00000000000000 1.35416666667000 1.55427589812138 -2.10474861204455
-1.00000000000000 0.00000000000000 1.37500000000000 1.53536456075549 -2.11112627103880
-1.00000000000000 0.00000000000000 1.39583333333000 1.51716033303433 -2.11770296485536
-1.00000000000000 0.00000000000000 1.41666666667000 1.49963080188951 -2.12447696934847
-1.00000000000000 0.00000000000000 1.43750000000000 1.48274532739678 -2.13144640813287
-1.00000000000000 0.00000000000000 1.45833333333000 1.46647492501315 -2.13860926563929
-1.00000000000000 0.00000000000000 1.47916666667000 1.45079215756272 -2.14596339973303
-1.00000000000000 0.00000000000000 1.50000000000000 1.43567103592725 -2.15350655389087
-1.00000000000000 0.00000000000000 1.52083333333000 1.42108692752781 -2.16123636894381
-1.00000000000000 0.00000000000000 1.54166666667000 1.40701647197623 -2.16915039430138
-1.00000000000000 0.00000000000000 1.56250000000000 1.39343750314992 -2.17724609867176
-1.00000000000000 0.00000000000000 1.58333333333000 1.38032897703639 -2.18552088030301
-1.00000000000000 0.00000000000000 1.60416666667000 1.36767090493470 -2.19397207667065
-1.00000000000000 0.00000000000000 1.62500000000000 1.35544429147156 -2.20259697364129
-1.00000000000000 0.00000000000000 1.64583333333000 1.34363107695598 -2.21139281415225
-1.00000000000000 0.00000000000000 1.66666666667000 1.33221408380025 -2.22035680633819
-1.00000000000000 0.00000000000000 1.68750000000000 1.32117696660570 -2.22948613114712
-1.00000000000000 0.00000000000000 1.70833333333000 1.31050416556107 -2.23877794949580
-1.00000000000000 0.00000000000000 1.72916666667000 1.30018086297542 -2.24822940889934
-1.00000000000000 0.00000000000000 1.75000000000000 1.29019294264311 -2.25783764962544
-1.00000000000000 0.00000000000000 1.77083333333000 1.28052695177545 -2.26759981043143
-1.00000000000000 0.00000000000000 1.79166666667000 1.27117006538477 -2.27751303381862
-1.00000000000000 0.00000000000000 1.81250000000000 1.26211005288874 -2.28757447086084
-1.00000000000000 0.00000000000000 1.83333333333000 1.25333524673118 -2.29778128566965
-1.00000000000000 0.00000000000000 1.85416666667000 1.24483451294837 -2.30813065942925
-1.00000000000000 0.00000000000000 1.87500000000000 1.23659722349934 -2.31861979406127
-1.00000000000000 0.00000000000000 1.89583333333000 1.22861323020069 -2.32924591558471
-1.00000000000000 0.00000000000000 1.91666666667000 1.22087284022435 -2.34000627710075
-1.00000000000000 0.00000000000000 1.93750000000000 1.21336679301381 -2.35089816146425
-1.00000000000000 0.00000000000000 1.95833333333000 1.20608623849161 -2.36191888370871
-1.00000000000000 0.00000000000000 1.97916666667000 1.19902271653672 -2.37306579314959
-1.00000000000000 0.00000000000000 2.00000000000000 1.19216813761449 -2.38433627522897
-1.00000000000000 0.00000000000000 2.02083333333000 1.18551476445630 -2.39572775316815
-1.00000000000000 0.00000000000000 2.04166666667000 1.17905519478094 -2.40723768934834
-1.00000000000000 0.00000000000000 2.06250000000000 1.17278234496118 -2.41886358648243
-1.00000000000000 0.00000000000000 2.08333333333000 1.16668943455089 -2.43060298864380
-1.00000000000000 0.00000000000000 2.10416666667000 1.16076997167386 -2.44245348206763
-1.00000000000000 0.00000000000000 2.12500000000000 1.15501773919378 -2.45441269578678
-1.00000000000000 0.00000000000000 2.14583333333000 1.14942678159469 -2.46647830216811
-1.00000000000000 0.00000000000000 2.16666666667000 1.14399139257932 -2.47864801725901
-1.00000000000000 0.00000000000000 2.18750000000000 1.13870610331717 -2.49091960100631
-1.00000000000000 0.00000000000000 2.20833333333000 1.13356567128267 -2.50329085741211
-1.00000000000000 0.00000000000000 2.22916666667000 1.12856506969489 -2.51575963453196
-1.00000000000000 0.00000000000000 2.25000000000000 1.12369947750074 -2.52832382437666
-1.00000000000000 0.00000000000000 2.27083333333000 1.11896426985048 -2.54098136278174
-1.00000000000000 0.00000000000000 2.29166666667000 1.11435500908003 -2.55373022914545
-1.00000000000000 0.00000000000000 2.31250000000000 1.10986743614970 -2.56656844609619
-1.00000000000000 0.00000000000000 2.33333333333000 1.10549746249559 -2.57949407915269
-1.00000000000000 0.00000000000000 2.35416666667000 1.10124116230946 -2.59250523627386
-1.00000000000000 0.00000000000000 2.37500000000000 1.09709476520369 -2.60560006735875
-1.00000000000000 0.00000000000000 2.39583333333000 1.09305464922293 -2.61877676375963
-1.00000000000000 0.00000000000000 2.41666666667000 1.08911733421973 -2.63203355770132
-1.00000000000000 0.00000000000000 2.43750000000000 1.08527947555573 -2.64536872166709
-1.00000000000000 0.00000000000000 2.45833333333000 1.08153785809524 -2.65878056781387
-1.00000000000000 0.00000000000000 2.47916666667000 1.07788939050872 -2.67226744730646
-1.00000000000000 0.00000000000000 2.50000000000000 1.07433109985248 -2.68582774963120
-1.00000000000000 0.00000000000000 2.52083333333000 1.07086012639544 -2.69945990195161
-1.00000000000000 0.00000000000000 2.54166666667000 1.06747371871051 -2.71316236839277
-1.00000000000000 0.00000000000000 2.56250000000000 1.06416922900093 -2.72693364931488
-1.00000000000000 0.00000000000000 2.58333333333000 1.06094410863572 -2.74077228063875
-1.00000000000000 0.00000000000000 2.60416666667000 1.05779590391176 -2.75467683310707
-1.00000000000000 0.00000000000000 2.62500000000000 1.05472225201613 -2.76864591154234
-1.00000000000000 0.00000000000000 2.64583333333000 1.05172087716571 -2.78267815416410
-1.00000000000000 0.00000000000000 2.66666666667000 1.04878958694140 -2.79677223184724
-1.00000000000000 0.00000000000000 2.68750000000000 1.04592626879338 -2.81092684738221
-1.00000000000000 0.00000000000000 2.70833333333000 1.04312888669678 -2.82514073480031
-1.00000000000000 0.00000000000000 2.72916666667000 1.04039547797497 -2.83941265864348
-1.00000000000000 0.00000000000000 2.75000000000000 1.03772415026907 -2.85374141323994
-1.00000000000000 0.00000000000000 2.77083333333000 1.03511307863548 -2.86812582204902
-1.00000000000000 0.00000000000000 2.79166666667000 1.03256050278782 -2.88256473695276
-1.00000000000000 0.00000000000000 2.81250000000000 1.03006472446438 -2.89705703755607
-1.00000000000000 0.00000000000000 2.83333333333000 1.02762410490440 -2.91160163055904
-1.00000000000000 0.00000000000000 2.85416666667000 1.02523706244927 -2.92619744907739
-1.00000000000000 0.00000000000000 2.87500000000000 1.02290207025151 -2.94084345197309
-1.00000000000000 0.00000000000000 2.89583333333000 1.02061765407639 -2.95553862325947
-1.00000000000000 0.00000000000000 2.91666666667000 1.01838239021189 -2.97028197145474
-1.00000000000000 0.00000000000000 2.93750000000000 1.01619490347133 -2.98507252894703
-1.00000000000000 0.00000000000000 2.95833333333000 1.01405386527498 -2.99990935143510
-1.00000000000000 0.00000000000000 2.97916666667000 1.01195799182579 -3.01479151731770
