-1.00000000000000 0.00000000000000 1.00000000000000 2.00017916303882 -2.00017916303882
-1.00000000000000 0.00000000000000 1.02083333333000 1.95939583182820 -2.00021657831809
-1.00000000000000 0.00000000000000 1.04166666667000 1.92024965951287 -2.00026006199897
-1.00000000000000 0.00000000000000 1.06250000000000 1.88264500538628 -2.00031031822292
-1.00000000000000 0.00000000000000 1.08333333333000 1.84649363082277 -2.00036810005185
-1.00000000000000 0.00000000000000 1.10416666667000 1.81171400199160 -2.00043421053843
-1.00000000000000 0.00000000000000 1.12500000000000 1.77823067004274 -2.00050950379809
-1.00000000000000 0.00000000000000 1.14583333333000 1.74597371878126 -2.00059488609770
-1.00000000000000 0.00000000000000 1.16666666667000 1.71487827168849 -2.00069131697562
-1.00000000000000 0.00000000000000 1.18750000000000 1.68488405087059 -2.00079981040882
-1.00000000000000 0.00000000000000 1.20833333333000 1.65593498155838 -2.00092143604419
-1.00000000000000 0.00000000000000 1.22916666667000 1.62797883702095 -2.00105732051034
-1.00000000000000 0.00000000000000 1.25000000000000 1.60096691906301 -2.00120864882876
-1.00000000000000 0.00000000000000 1.27083333333000 1.57485376992792 -2.00137666594482
-1.00000000000000 0.00000000000000 1.29166666667000 1.54959691230478 -2.00156267839884
-1.00000000000000 0.00000000000000 1.31250000000000 1.52515661421817 -2.00176805616135
-1.00000000000000 0.00000000000000 1.33333333333000 1.50149567599835 -2.00199423465947
-1.00000000000000 0.00000000000000 1.35416666667000 1.47857923718188 -2.00224271702206
-1.00000000000000 0.00000000000000 1.37500000000000 1.45637460114711 -2.00251507657728
-1.00000000000000 0.00000000000000 1.39583333333000 1.43485107556749 -2.00281295964151
-1.00000000000000 0.00000000000000 1.41666666667000 1.41397982727280 -2.00313808864118
-1.00000000000000 0.00000000000000 1.43750000000000 1.39373374999559 -2.00349226561866
-1.00000000000000 0.00000000000000 1.45833333333000 1.37408734367154 -2.00387737618308
-1.00000000000000 0.00000000000000 1.47916666667000 1.35501660437280 -2.00429539397261
-1.00000000000000 0.00000000000000 1.50000000000000 1.33649892380747 -2.00474838571121
-1.00000000000000 0.00000000000000 1.52083333333000 1.31851299745567 -2.00523851695943
-1.00000000000000 0.00000000000000 1.54166666667000 1.30103874075766 -2.00576805867240
-1.00000000000000 0.00000000000000 1.56250000000000 1.28405721261283 -2.00633939470754
-1.00000000000000 0.00000000000000 1.58333333333000 1.26755054555479 -2.00695503045752
-1.00000000000000 0.00000000000000 1.60416666667000 1.25150188227303 -2.00761760281715
-1.00000000000000 0.00000000000000 1.62500000000000 1.23589531800151 -2.00832989175246
-1.00000000000000 0.00000000000000 1.64583333333000 1.22071584839307 -2.00909483380953
-1.00000000000000 0.00000000000000 1.66666666667000 1.20594932278469 -2.00991553797850
-1.00000000000000 0.00000000000000 1.68750000000000 1.19158240263587 -2.01079530444802
-1.00000000000000 0.00000000000000 1.70833333333000 1.17760252503789 -2.01173764693580
-1.00000000000000 0.00000000000000 1.72916666667000 1.16399787150285 -2.01274631947756
-1.00000000000000 0.00000000000000 1.75000000000000 1.15075734221365 -2.01382534887388
-1.00000000000000 0.00000000000000 1.77083333333000 1.13787053616944 -2.01497907446292
-1.00000000000000 0.00000000000000 1.79166666667000 1.12532773818385 -2.01621219758316
-1.00000000000000 0.00000000000000 1.81250000000000 1.11311991402386 -2.01752984416825
-1.00000000000000 0.00000000000000 1.83333333333000 1.10123871574395 -2.01893764552690
-1.00000000000000 0.00000000000000 1.85416666667000 1.08967650061516 -2.02044184489424
-1.00000000000000 0.00000000000000 1.87500000000000 1.07842636893998 -2.02204944176246
-1.00000000000000 0.00000000000000 1.89583333333000 1.06748222980856 -2.02376839400851
-1.00000000000000 0.00000000000000 1.91666666667000 1.05683891080270 -2.02560791237536
-1.00000000000000 0.00000000000000 1.93750000000000 1.04649234092531 -2.02757891054279
-1.00000000000000 0.00000000000000 1.95833333333000 1.03644064513340 -2.02969626338279
-1.00000000000000 0.00000000000000 1.97916666667000 1.02668165333436 -2.03197410556101
-1.00000000000000 0.00000000000000 2.00000000000000 1.01721880983286 -2.03443761966572
-1.00000000000000 0.00000000000000 2.02083333333000 1.00806046352561 -2.03712218670464
-1.00000000000000 0.00000000000000 2.04166666667000 0.99927078365992 -2.04017784997566
-1.00000000000000 0.00000000000000 2.06250000000000 0.99098818386936 -2.04391312923056
-1.00000000000000 0.00000000000000 2.08333333333000 0.98313847997321 -2.04820516660758
-1.00000000000000 0.00000000000000 2.10416666667000 0.97567169944536 -2.05297586758619
-1.00000000000000 0.00000000000000 2.12500000000000 0.96854865903762 -2.05816590045494
-1.00000000000000 0.00000000000000 2.14583333333000 0.96173987983699 -2.06373349214699
-1.00000000000000 0.00000000000000 2.16666666667000 0.95522093873364 -2.06964536725941
-1.00000000000000 0.00000000000000 2.18750000000000 0.94896858778857 -2.07586878578750
-1.00000000000000 0.00000000000000 2.20833333333000 0.94296937141886 -2.08239069521350
-1.00000000000000 0.00000000000000 2.22916666667000 0.93720478579948 -2.08918566834779
-1.00000000000000 0.00000000000000 2.25000000000000 0.93166038931219 -2.09623587595243
-1.00000000000000 0.00000000000000 2.27083333333000 0.92632315553720 -2.10352549902931
-1.00000000000000 0.00000000000000 2.29166666667000 0.92118125627021 -2.11104037895564
-1.00000000000000 0.00000000000000 2.31250000000000 0.91622389133117 -2.11876774870333
-1.00000000000000 0.00000000000000 2.33333333333000 0.91144115254777 -2.12669602260842
-1.00000000000000 0.00000000000000 2.35416666667000 0.90682391369582 -2.13481463016194
-1.00000000000000 0.00000000000000 2.37500000000000 0.90236374012677 -2.14311388280109
-1.00000000000000 0.00000000000000 2.39583333333000 0.89805281333789 -2.15158486528571
-1.00000000000000 0.00000000000000 2.41666666667000 0.89388386711200 -2.16021934552364
-1.00000000000000 0.00000000000000 2.43750000000000 0.88985013279218 -2.16900969868094
-1.00000000000000 0.00000000000000 2.45833333333000 0.88594529193854 -2.17794884267930
-1.00000000000000 0.00000000000000 2.47916666667000 0.88216343510332 -2.18703018286325
-1.00000000000000 0.00000000000000 2.50000000000000 0.87849902569477 -2.19624756423693
-1.00000000000000 0.00000000000000 2.52083333333000 0.87494686810857 -2.20559523002078
-1.00000000000000 0.00000000000000 2.54166666667000 0.87150207950603 -2.21506778541407
-1.00000000000000 0.00000000000000 2.56250000000000 0.86816006468812 -2.22466016576330
-1.00000000000000 0.00000000000000 2.58333333333000 0.86491649361325 -2.23436760849800
-1.00000000000000 0.00000000000000 2.60416666667000 0.86176728122649 -2.24418562819687
-1.00000000000000 0.00000000000000 2.62500000000000 0.85870856928329 -2.25410999436864
-1.00000000000000 0.00000000000000 2.64583333333000 0.85573670990323 -2.26413671161611
-1.00000000000000 0.00000000000000 2.66666666667000 0.85284825066888 -2.27426200178653
-1.00000000000000 0.00000000000000 2.68750000000000 0.85003992107493 -2.28448228788888
-1.00000000000000 0.00000000000000 2.70833333333000 0.84730862016220 -2.29479417960313
-1.00000000000000 0.00000000000000 2.72916666667000 0.84465140522916 -2.30519446010739
-1.00000000000000 0.00000000000000 2.75000000000000 0.84206548149328 -2.31568007410653
-1.00000000000000 0.00000000000000 2.77083333333000 0.83954819259217 -2.32624811697134
-1.00000000000000 0.00000000000000 2.79166666667000 0.83709701186061 -2.33689582478031
-1.00000000000000 0.00000000000000 2.81250000000000 0.83470953429532 -2.34762056520558
-1.00000000000000 0.00000000000000 2.83333333333000 0.83238346913063 -2.35841982920068
-1.00000000000000 0.00000000000000 2.85416666667000 0.83011663298714 -2.36929122332023
-1.00000000000000 0.00000000000000 2.87500000000000 0.82790694352979 -2.38023246264814
-1.00000000000000 0.00000000000000 2.89583333333000 0.82575241357987 -2.39124136432230
-1.00000000000000 0.00000000000000 2.91666666667000 0.82365114565908 -2.40231584150840
-1.00000000000000 0.00000000000000 2.93750000000000 0.82160132691832 -2.41345389782256
-1.00000000000000 0.00000000000000 2.95833333333000 0.81960122440982 -2.42465362220965
-1.00000000000000 0.00000000000000 2.97916666667000 0.81764918069100 -2.43591318414467
