-1.00000000000000 0.00000000000000 1.00000000000000 2.00017943789789 -2.00017943789789
-1.00000000000000 0.00000000000000 1.02083333333000 1.95939613014612 -2.00021688285096
-1.00000000000000 0.00000000000000 1.04166666667000 1.92024998225876 -2.00026039819261
-1.00000000000000 0.00000000000000 1.06250000000000 1.88264535351567 -2.00031068811040
-1.00000000000000 0.00000000000000 1.08333333333000 1.84649400527750 -2.00036850571114
-1.00000000000000 0.00000000000000 1.10416666667000 1.81171440370004 -2.00043465409150
-1.00000000000000 0.00000000000000 1.12500000000000 1.77823109992023 -2.00050998741026
-1.00000000000000 0.00000000000000 1.14583333333000 1.74597417773079 -2.00059541197738
-1.00000000000000 0.00000000000000 1.16666666667000 1.71487876060163 -2.00069188737429
-1.00000000000000 0.00000000000000 1.18750000000000 1.68488457062857 -2.00080042762143
-1.00000000000000 0.00000000000000 1.20833333333000 1.65593553303339 -2.00092210240983
-1.00000000000000 0.00000000000000 1.22916666667000 1.62797942107766 -2.00105803841338
-1.00000000000000 0.00000000000000 1.25000000000000 1.60096753656024 -2.00120942070030
-1.00000000000000 0.00000000000000 1.27083333333000 1.57485442172051 -2.00137749426457
-1.00000000000000 0.00000000000000 1.29166666667000 1.54959759924564 -2.00156356569745
-1.00000000000000 0.00000000000000 1.31250000000000 1.52515733716056 -2.00176900502323
-1.00000000000000 0.00000000000000 1.33333333333000 1.50149643579830 -2.00199524772607
-1.00000000000000 0.00000000000000 1.35416666667000 1.47858003470091 -2.00224379699574
-1.00000000000000 0.00000000000000 1.37500000000000 1.45637543725513 -2.00251622622580
-1.00000000000000 0.00000000000000 1.39583333333000 1.43485195114601 -2.00281418180318
-1.00000000000000 0.00000000000000 1.41666666667000 1.41398074321841 -2.00313938623079
-1.00000000000000 0.00000000000000 1.43750000000000 1.39373470722384 -2.00349364163426
-1.00000000000000 0.00000000000000 1.45833333333000 1.37408834312116 -2.00387883371378
-1.00000000000000 0.00000000000000 1.47916666667000 1.35501764701043 -2.00429693620745
-1.00000000000000 0.00000000000000 1.50000000000000 1.33650001063293 -2.00475001594939
-1.00000000000000 0.00000000000000 1.52083333333000 1.31851412950780 -2.00524023862204
-1.00000000000000 0.00000000000000 1.54166666667000 1.30103991912105 -2.00576987531595
-1.00000000000000 0.00000000000000 1.56250000000000 1.28405843842536 -2.00634131003963
-1.00000000000000 0.00000000000000 1.58333333333000 1.26755182001636 -2.00695704835501
-1.00000000000000 0.00000000000000 1.60416666667000 1.25150320665555 -2.00761972734745
-1.00000000000000 0.00000000000000 1.62500000000000 1.23589669366067 -2.00833212719858
-1.00000000000000 0.00000000000000 1.64583333333000 1.22071727678204 -2.00909718469971
-1.00000000000000 0.00000000000000 1.66666666667000 1.20595080547055 -2.00991800912159
-1.00000000000000 0.00000000000000 1.68750000000000 1.19158394131923 -2.01079790097619
-1.00000000000000 0.00000000000000 1.70833333333000 1.17760412157679 -2.01174037435643
-1.00000000000000 0.00000000000000 1.72916666667000 1.16399952794219 -2.01274918373725
-1.00000000000000 0.00000000000000 1.75000000000000 1.15075906082192 -2.01382835643836
-1.00000000000000 0.00000000000000 1.77083333333000 1.13787231948553 -2.01498223241849
-1.00000000000000 0.00000000000000 1.79166666667000 1.12532958907756 -2.01621551376771
-1.00000000000000 0.00000000000000 1.81250000000000 1.11312183577601 -2.01753332734401
-1.00000000000000 0.00000000000000 1.83333333333000 1.10124071215488 -2.01894130561361
-1.00000000000000 0.00000000000000 1.85416666667000 1.08967857615597 -2.02044569329283
-1.00000000000000 0.00000000000000 1.87500000000000 1.07842852897078 -2.02205349182021
-1.00000000000000 0.00000000000000 1.89583333333000 1.06748448090712 -2.02377266171620
-1.00000000000000 0.00000000000000 1.91666666667000 1.05684126128555 -2.02561241746749
-1.00000000000000 0.00000000000000 1.93750000000000 1.04649480173277 -2.02758367835724
-1.00000000000000 0.00000000000000 1.95833333333000 1.03644323151231 -2.02970132837482
-1.00000000000000 0.00000000000000 1.97916666667000 1.02668438835344 -2.03197951861960
-1.00000000000000 0.00000000000000 2.00000000000000 1.01722173409486 -2.03444346818972
-1.00000000000000 0.00000000000000 2.02083333333000 1.00806369054499 -2.03712870797297
-1.00000000000000 0.00000000000000 2.04166666667000 0.99927481668494 -2.04018608406841
-1.00000000000000 0.00000000000000 2.06250000000000 0.99099195052915 -2.04392089796637
-1.00000000000000 0.00000000000000 2.08333333333000 0.98314210032290 -2.04821270900276
-1.00000000000000 0.00000000000000 2.10416666667000 0.97567521168086 -2.05298325791507
-1.00000000000000 0.00000000000000 2.12500000000000 0.96855208626916 -2.05817318332197
-1.00000000000000 0.00000000000000 2.14583333333000 0.96174323679139 -2.06374069561164
-1.00000000000000 0.00000000000000 2.16666666667000 0.95522423599346 -2.06965251132236
-1.00000000000000 0.00000000000000 2.18750000000000 0.94897184131435 -2.07587590287515
-1.00000000000000 0.00000000000000 2.20833333333000 0.94297258057250 -2.08239778209446
-1.00000000000000 0.00000000000000 2.22916666667000 0.93720795568453 -2.08919273454988
-1.00000000000000 0.00000000000000 2.25000000000000 0.93166352406621 -2.09624292914897
-1.00000000000000 0.00000000000000 2.27083333333000 0.92632625857616 -2.10353254551361
-1.00000000000000 0.00000000000000 2.29166666667000 0.92118433048078 -2.11104742402152
-1.00000000000000 0.00000000000000 2.31250000000000 0.91622693920628 -2.11877479691452
-1.00000000000000 0.00000000000000 2.33333333333000 0.91144417627413 -2.12670307796993
-1.00000000000000 0.00000000000000 2.35416666667000 0.90682691521007 -2.13482169622673
-1.00000000000000 0.00000000000000 2.37500000000000 0.90236672115443 -2.14312096274177
-1.00000000000000 0.00000000000000 2.39583333333000 0.89805577542309 -2.15159196194815
-1.00000000000000 0.00000000000000 2.41666666667000 0.89388681164165 -2.16022646147031
-1.00000000000000 0.00000000000000 2.43750000000000 0.88985306101616 -2.16901683622688
-1.00000000000000 0.00000000000000 2.45833333333000 0.88594820498649 -2.17795600392216
-1.00000000000000 0.00000000000000 2.47916666667000 0.88216633399882 -2.18703736970836
-1.00000000000000 0.00000000000000 2.50000000000000 0.87850191136738 -2.19625477841845
-1.00000000000000 0.00000000000000 2.52083333333000 0.87494974140407 -2.20560247311984
-1.00000000000000 0.00000000000000 2.54166666667000 0.87150494119539 -2.21507505887451
-1.00000000000000 0.00000000000000 2.56250000000000 0.86816291547540 -2.22466747090571
-1.00000000000000 0.00000000000000 2.58333333333000 0.86491933414264 -2.23437494653227
-1.00000000000000 0.00000000000000 2.60416666667000 0.86177011208856 -2.24419300023350
-1.00000000000000 0.00000000000000 2.62500000000000 0.85871139102061 -2.25411740142910
-1.00000000000000 0.00000000000000 2.64583333333000 0.85573952301542 -2.26414415464212
-1.00000000000000 0.00000000000000 2.66666666667000 0.85285105561711 -2.27426948164847
-1.00000000000000 0.00000000000000 2.68750000000000 0.85004271828589 -2.28448980539334
-1.00000000000000 0.00000000000000 2.70833333333000 0.84731141003166 -2.29480173549960
-1.00000000000000 0.00000000000000 2.72916666667000 0.84465418812509 -2.30520205509422
-1.00000000000000 0.00000000000000 2.75000000000000 0.84206825775860 -2.31568770883614
-1.00000000000000 0.00000000000000 2.77083333333000 0.83955096254712 -2.32625579205484
-1.00000000000000 0.00000000000000 2.79166666667000 0.83709977580491 -2.33690354079149
-1.00000000000000 0.00000000000000 2.81250000000000 0.83471229251000 -2.34762832268438
-1.00000000000000 0.00000000000000 2.83333333333000 0.83238622187965 -2.35842762865624
-1.00000000000000 0.00000000000000 2.85416666667000 0.83011938051880 -2.36929906523352
-1.00000000000000 0.00000000000000 2.87500000000000 0.82790968607802 -2.38024034747430
-1.00000000000000 0.00000000000000 2.89583333333000 0.82575515136531 -2.39124929249263
-1.00000000000000 0.00000000000000 2.91666666667000 0.82365387889008 -2.40232381343213
-1.00000000000000 0.00000000000000 2.93750000000000 0.82160405579182 -2.41346191388848
-1.00000000000000 0.00000000000000 2.95833333333000 0.81960394911217 -2.42466168278745
-1.00000000000000 0.00000000000000 2.97916666667000 0.81765190139866 -2.43592128958623
