-1.00000000000 0.00000000000 2.00000000000 0.00000000000 0.69314720122 -1.38629440243
-1.00000000000 0.00000000000 2.01562500000 0.00000000000 0.69314720122 -1.39712482745
-1.00000000000 0.00000000000 2.03125000000 0.00000000000 0.69314720122 -1.40795525247
-1.00000000000 0.00000000000 2.04687500000 0.00000000000 0.69314720122 -1.41878567749
-1.00000000000 0.00000000000 2.06250000000 0.00000000000 0.69314720122 -1.42961610251
-1.00000000000 0.00000000000 2.07812500000 0.00000000000 0.69314720122 -1.44044652753
-1.00000000000 0.00000000000 2.09375000000 0.00000000000 0.69314720122 -1.45127695255
-1.00000000000 0.00000000000 2.10937500000 0.00000000000 0.69314720122 -1.46210737757
-1.00000000000 0.00000000000 2.12500000000 0.00000000000 0.69314720122 -1.47293780259
-1.00000000000 0.00000000000 2.14062500000 0.00000000000 0.69314720122 -1.48376822761
-1.00000000000 0.00000000000 2.15625000000 0.00000000000 0.69314720122 -1.49459865262
-1.00000000000 0.00000000000 2.17187500000 0.00000000000 0.69314720122 -1.50542907764
-1.00000000000 0.00000000000 2.18750000000 0.00000000000 0.69314720122 -1.51625950266
-1.00000000000 0.00000000000 2.20312500000 0.00000000000 0.69314720122 -1.52708992768
-1.00000000000 0.00000000000 2.21875000000 0.00000000000 0.69314720122 -1.53792035270
-1.00000000000 0.00000000000 2.23437500000 0.00000000000 0.69314720122 -1.54875077772
-1.00000000000 0.00000000000 2.25000000000 0.00000000000 0.69314720122 -1.55958120274
-1.00000000000 0.00000000000 2.26562500000 0.00000000000 0.69314720122 -1.57041162776
-1.00000000000 0.00000000000 2.28125000000 0.00000000000 0.69314720122 -1.58124205278
-1.00000000000 0.00000000000 2.29687500000 0.00000000000 0.69314720122 -1.59207247780
-1.00000000000 0.00000000000 2.31250000000 0.00000000000 0.69314720122 -1.60290290282
-1.00000000000 0.00000000000 2.32812500000 0.00000000000 0.69314720122 -1.61373332783
-1.00000000000 0.00000000000 2.34375000000 0.00000000000 0.69314720122 -1.62456375285
-1.00000000000 0.00000000000 2.35937500000 0.00000000000 0.69314720122 -1.63539417787
-1.00000000000 0.00000000000 2.37500000000 0.00000000000 0.69314720122 -1.64622460289
-1.00000000000 0.00000000000 2.39062500000 0.00000000000 0.69314720122 -1.65705502791
-1.00000000000 0.00000000000 2.40625000000 0.00000000000 0.69314720122 -1.66788545293
-1.00000000000 0.00000000000 2.42187500000 0.00000000000 0.69314720122 -1.67871587795
-1.00000000000 0.00000000000 2.43750000000 0.00000000000 0.69314720122 -1.68954630297
-1.00000000000 0.00000000000 2.45312500000 0.00000000000 0.69314720122 -1.70037672799
-1.00000000000 0.00000000000 2.46875000000 0.00000000000 0.69314720122 -1.71120715301
-1.00000000000 0.00000000000 2.48437500000 0.00000000000 0.69314720122 -1.72203757802
-1.00000000000 0.00000000000 2.50000000000 0.00000000000 0.69314720122 -1.73286800304
-1.00000000000 0.00000000000 2.51562500000 0.00000000000 0.69314720122 -1.74369842806
-1.00000000000 0.00000000000 2.53125000000 0.00000000000 0.69314720122 -1.75452885308
-1.00000000000 0.00000000000 2.54687500000 0.00000000000 0.69314720122 -1.76535927810
-1.00000000000 0.00000000000 2.56250000000 0.00000000000 0.69314720122 -1.77618970312
-1.00000000000 0.00000000000 2.57812500000 0.00000000000 0.69314720122 -1.78702012814
-1.00000000000 0.00000000000 2.59375000000 0.00000000000 0.69314720122 -1.79785055316
-1.00000000000 0.00000000000 2.60937500000 0.00000000000 0.69314720122 -1.80868097818
-1.00000000000 0.00000000000 2.62500000000 0.00000000000 0.69314720122 -1.81951140320
-1.00000000000 0.00000000000 2.64062500000 0.00000000000 0.69314720122 -1.83034182821
-1.00000000000 0.00000000000 2.65625000000 0.00000000000 0.69314720122 -1.84117225323
-1.00000000000 0.00000000000 2.67187500000 0.00000000000 0.69314720122 -1.85200267825
-1.00000000000 0.00000000000 2.68750000000 0.00000000000 0.69314720122 -1.86283310327
-1.00000000000 0.00000000000 2.70312500000 0.00000000000 0.69314720122 -1.87366352829
-1.00000000000 0.00000000000 2.71875000000 0.00000000000 0.69314720122 -1.88449395331
-1.00000000000 0.00000000000 2.73437500000 0.00000000000 0.69314720122 -1.89532437833
-1.00000000000 0.00000000000 2.75000000000 0.00000000000 0.69314720122 -1.90615480335
-1.00000000000 0.00000000000 2.76562500000 0.00000000000 0.69314720122 -1.91698522837
-1.00000000000 0.00000000000 2.78125000000 0.00000000000 0.69314720122 -1.92781565339
-1.00000000000 0.00000000000 2.79687500000 0.00000000000 0.69314720122 -1.93864607840
-1.00000000000 0.00000000000 2.81250000000 0.00000000000 0.69314720122 -1.94947650342
-1.00000000000 0.00000000000 2.82812500000 0.00000000000 0.69314720122 -1.96030692844
-1.00000000000 0.00000000000 2.84375000000 0.00000000000 0.69314720122 -1.97113735346
-1.00000000000 0.00000000000 2.85937500000 0.00000000000 0.69314720122 -1.98196777848
-1.00000000000 0.00000000000 2.87500000000 0.00000000000 0.69314720122 -1.99279820350
-1.00000000000 0.00000000000 2.89062500000 0.00000000000 0.69314720122 -2.00362862852
-1.00000000000 0.00000000000 2.90625000000 0.00000000000 0.69314720122 -2.01445905354
-1.00000000000 0.00000000000 2.92187500000 0.00000000000 0.69314720122 -2.02528947856
-1.00000000000 0.00000000000 2.93750000000 0.00000000000 0.69314720122 -2.03611990358
-1.00000000000 0.00000000000 2.95312500000 0.00000000000 0.69314720122 -2.04695032859
-1.00000000000 0.00000000000 2.96875000000 0.00000000000 0.69314720122 -2.05778075361
-1.00000000000 0.00000000000 2.98437500000 0.00000000000 0.69314720122 -2.06861117863
