-1.00000000000 0.00000000000 2.00000000000 -0.01000000000 0.69080645747 -1.38161291493
-1.00000000000 0.00000000000 2.00000000000 -0.00875000000 0.69108185268 -1.38216370536
-1.00000000000 0.00000000000 2.00000000000 -0.00750000000 0.69136216746 -1.38272433491
-1.00000000000 0.00000000000 2.00000000000 -0.00625000000 0.69164741011 -1.38329482021
-1.00000000000 0.00000000000 2.00000000000 -0.00500000000 0.69193758908 -1.38387517816
-1.00000000000 0.00000000000 2.00000000000 -0.00375000000 0.69223271295 -1.38446542589
-1.00000000000 0.00000000000 2.00000000000 -0.00250000000 0.69253279041 -1.38506558083
-1.00000000000 0.00000000000 2.00000000000 -0.00125000000 0.69283783031 -1.38567566062
-1.00000000000 0.00000000000 2.00000000000 0.00000000000 0.69314784160 -1.38629568319
-1.00000000000 0.00000000000 2.00000000000 0.00125000000 0.69346283336 -1.38692566672
-1.00000000000 0.00000000000 2.00000000000 0.00250000000 0.69378281483 -1.38756562966
-1.00000000000 0.00000000000 2.00000000000 0.00375000000 0.69410779535 -1.38821559069
-1.00000000000 0.00000000000 2.00000000000 0.00500000000 0.69443778440 -1.38887556880
-1.00000000000 0.00000000000 2.00000000000 0.00625000000 0.69477279161 -1.38954558321
-1.00000000000 0.00000000000 2.00000000000 0.00750000000 0.69511282671 -1.39022565343
-1.00000000000 0.00000000000 2.00000000000 0.00875000000 0.69545789960 -1.39091579921
-1.00000000000 0.00000000000 2.01562500000 -0.01000000000 0.69082531323 -1.39244477198
-1.00000000000 0.00000000000 2.01562500000 -0.00875000000 0.69109840801 -1.39299522865
-1.00000000000 0.00000000000 2.01562500000 -0.00750000000 0.69137640639 -1.39355556913
-1.00000000000 0.00000000000 2.01562500000 -0.00625000000 0.69165931659 -1.39412581000
-1.00000000000 0.00000000000 2.01562500000 -0.00500000000 0.69194714695 -1.39470596808
-1.00000000000 0.00000000000 2.01562500000 -0.00375000000 0.69223990597 -1.39529606046
-1.00000000000 0.00000000000 2.01562500000 -0.00250000000 0.69253760223 -1.39589610450
-1.00000000000 0.00000000000 2.01562500000 -0.00125000000 0.69284024449 -1.39650611780
-1.00000000000 0.00000000000 2.01562500000 0.00000000000 0.69314784160 -1.39712611822
-1.00000000000 0.00000000000 2.01562500000 0.00125000000 0.69346040255 -1.39775612388
-1.00000000000 0.00000000000 2.01562500000 0.00250000000 0.69377793646 -1.39839615318
-1.00000000000 0.00000000000 2.01562500000 0.00375000000 0.69410045259 -1.39904622475
-1.00000000000 0.00000000000 2.01562500000 0.00500000000 0.69442796032 -1.39970635751
-1.00000000000 0.00000000000 2.01562500000 0.00625000000 0.69476046915 -1.40037657063
-1.00000000000 0.00000000000 2.01562500000 0.00750000000 0.69509798874 -1.40105688356
-1.00000000000 0.00000000000 2.01562500000 0.00875000000 0.69544052887 -1.40174731601
-1.00000000000 0.00000000000 2.03125000000 -0.01000000000 0.69084387996 -1.40327663117
-1.00000000000 0.00000000000 2.03125000000 -0.00875000000 0.69111470947 -1.40382675360
-1.00000000000 0.00000000000 2.03125000000 -0.00750000000 0.69139042687 -1.40438680458
-1.00000000000 0.00000000000 2.03125000000 -0.00625000000 0.69167104031 -1.40495680064
-1.00000000000 0.00000000000 2.03125000000 -0.00500000000 0.69195655805 -1.40553675854
-1.00000000000 0.00000000000 2.03125000000 -0.00375000000 0.69224698847 -1.40612669534
-1.00000000000 0.00000000000 2.03125000000 -0.00250000000 0.69254234009 -1.40672662831
-1.00000000000 0.00000000000 2.03125000000 -0.00125000000 0.69284262154 -1.40733657501
-1.00000000000 0.00000000000 2.03125000000 0.00000000000 0.69314784160 -1.40795655324
-1.00000000000 0.00000000000 2.03125000000 0.00125000000 0.69345800915 -1.40858658108
-1.00000000000 0.00000000000 2.03125000000 0.00250000000 0.69377313321 -1.40922667684
-1.00000000000 0.00000000000 2.03125000000 0.00375000000 0.69409322295 -1.40987685913
-1.00000000000 0.00000000000 2.03125000000 0.00500000000 0.69441828765 -1.41053714679
-1.00000000000 0.00000000000 2.03125000000 0.00625000000 0.69474833671 -1.41120755895
-1.00000000000 0.00000000000 2.03125000000 0.00750000000 0.69508337969 -1.41188811499
-1.00000000000 0.00000000000 2.03125000000 0.00875000000 0.69542342625 -1.41257883458
-1.00000000000 0.00000000000 2.04687500000 -0.01000000000 0.69086216426 -1.41410849248
-1.00000000000 0.00000000000 2.04687500000 -0.00875000000 0.69113076283 -1.41465828017
-1.00000000000 0.00000000000 2.04687500000 -0.00750000000 0.69140423388 -1.41521804122
-1.00000000000 0.00000000000 2.04687500000 -0.00625000000 0.69168258546 -1.41578779211
-1.00000000000 0.00000000000 2.04687500000 -0.00500000000 0.69196582573 -1.41636754955
-1.00000000000 0.00000000000 2.04687500000 -0.00375000000 0.69225396300 -1.41695733052
-1.00000000000 0.00000000000 2.04687500000 -0.00250000000 0.69254700568 -1.41755715226
-1.00000000000 0.00000000000 2.04687500000 -0.00125000000 0.69284496232 -1.41816703226
-1.00000000000 0.00000000000 2.04687500000 0.00000000000 0.69314784160 -1.41878698827
-1.00000000000 0.00000000000 2.04687500000 0.00125000000 0.69345565230 -1.41941703830
-1.00000000000 0.00000000000 2.04687500000 0.00250000000 0.69376840337 -1.42005720064
-1.00000000000 0.00000000000 2.04687500000 0.00375000000 0.69408610385 -1.42070749381
-1.00000000000 0.00000000000 2.04687500000 0.00500000000 0.69440876293 -1.42136793662
-1.00000000000 0.00000000000 2.04687500000 0.00625000000 0.69473638993 -1.42203854814
-1.00000000000 0.00000000000 2.04687500000 0.00750000000 0.69506899429 -1.42271934769
-1.00000000000 0.00000000000 2.04687500000 0.00875000000 0.69540658559 -1.42341035487
-1.00000000000 0.00000000000 2.06250000000 -0.01000000000 0.69088017253 -1.42494035584
-1.00000000000 0.00000000000 2.06250000000 -0.00875000000 0.69114657373 -1.42548980832
-1.00000000000 0.00000000000 2.06250000000 -0.00750000000 0.69141783226 -1.42604927903
-1.00000000000 0.00000000000 2.06250000000 -0.00625000000 0.69169395607 -1.42661878440
-1.00000000000 0.00000000000 2.06250000000 -0.00500000000 0.69197495325 -1.42719834108
-1.00000000000 0.00000000000 2.06250000000 -0.00375000000 0.69226083200 -1.42778796600
-1.00000000000 0.00000000000 2.06250000000 -0.00250000000 0.69255160065 -1.42838767634
-1.00000000000 0.00000000000 2.06250000000 -0.00125000000 0.69284726765 -1.42899748954
-1.00000000000 0.00000000000 2.06250000000 0.00000000000 0.69314784160 -1.42961742329
-1.00000000000 0.00000000000 2.06250000000 0.00125000000 0.69345333118 -1.43024749557
-1.00000000000 0.00000000000 2.06250000000 0.00250000000 0.69376374525 -1.43088772458
-1.00000000000 0.00000000000 2.06250000000 0.00375000000 0.69407909275 -1.43153812880
-1.00000000000 0.00000000000 2.06250000000 0.00500000000 0.69439938279 -1.43219872700
-1.00000000000 0.00000000000 2.06250000000 0.00625000000 0.69472462457 -1.43286953818
-1.00000000000 0.00000000000 2.06250000000 0.00750000000 0.69505482745 -1.43355058161
-1.00000000000 0.00000000000 2.06250000000 0.00875000000 0.69539000090 -1.43424187686
-1.00000000000 0.00000000000 2.07812500000 -0.01000000000 0.69089791096 -1.43577222122
-1.00000000000 0.00000000000 2.07812500000 -0.00875000000 0.69116214762 -1.43632133802
-1.00000000000 0.00000000000 2.07812500000 -0.00750000000 0.69143122670 -1.43688051799
-1.00000000000 0.00000000000 2.07812500000 -0.00625000000 0.69170515608 -1.43744977748
-1.00000000000 0.00000000000 2.07812500000 -0.00500000000 0.69198394376 -1.43802913312
-1.00000000000 0.00000000000 2.07812500000 -0.00375000000 0.69226759784 -1.43861860176
-1.00000000000 0.00000000000 2.07812500000 -0.00250000000 0.69255612658 -1.43921820054
-1.00000000000 0.00000000000 2.07812500000 -0.00125000000 0.69284953833 -1.43982794685
-1.00000000000 0.00000000000 2.07812500000 0.00000000000 0.69314784160 -1.44044785832
-1.00000000000 0.00000000000 2.07812500000 0.00125000000 0.69345104499 -1.44107795286
-1.00000000000 0.00000000000 2.07812500000 0.00250000000 0.69375915724 -1.44171824864
-1.00000000000 0.00000000000 2.07812500000 0.00375000000 0.69407218723 -1.44236876409
-1.00000000000 0.00000000000 2.07812500000 0.00500000000 0.69439014396 -1.44302951791
-1.00000000000 0.00000000000 2.07812500000 0.00625000000 0.69471303654 -1.44370052905
-1.00000000000 0.00000000000 2.07812500000 0.00750000000 0.69504087422 -1.44438181675
-1.00000000000 0.00000000000 2.07812500000 0.00875000000 0.69537366640 -1.44507340049
-1.00000000000 0.00000000000 2.09375000000 -0.01000000000 0.69091538558 -1.44660408857
-1.00000000000 0.00000000000 2.09375000000 -0.00875000000 0.69117748978 -1.44715286923
-1.00000000000 0.00000000000 2.09375000000 -0.00750000000 0.69144442176 -1.44771175806
-1.00000000000 0.00000000000 2.09375000000 -0.00625000000 0.69171618930 -1.44828077135
-1.00000000000 0.00000000000 2.09375000000 -0.00500000000 0.69199280032 -1.44885992566
-1.00000000000 0.00000000000 2.09375000000 -0.00375000000 0.69227426284 -1.44944923781
-1.00000000000 0.00000000000 2.09375000000 -0.00250000000 0.69256058502 -1.45004872488
-1.00000000000 0.00000000000 2.09375000000 -0.00125000000 0.69285177514 -1.45065840419
-1.00000000000 0.00000000000 2.09375000000 0.00000000000 0.69314784160 -1.45127829334
-1.00000000000 0.00000000000 2.09375000000 0.00125000000 0.69344879292 -1.45190841019
-1.00000000000 0.00000000000 2.09375000000 0.00250000000 0.69375463777 -1.45254877284
-1.00000000000 0.00000000000 2.09375000000 0.00375000000 0.69406538492 -1.45319939967
-1.00000000000 0.00000000000 2.09375000000 0.00500000000 0.69438104327 -1.45386030934
-1.00000000000 0.00000000000 2.09375000000 0.00625000000 0.69470162185 -1.45453152074
-1.00000000000 0.00000000000 2.09375000000 0.00750000000 0.69502712982 -1.45521305306
-1.00000000000 0.00000000000 2.09375000000 0.00875000000 0.69535757647 -1.45590492574
-1.00000000000 0.00000000000 2.10937500000 -0.01000000000 0.69093260223 -1.45743595784
-1.00000000000 0.00000000000 2.10937500000 -0.00875000000 0.69119260536 -1.45798440193
-1.00000000000 0.00000000000 2.10937500000 -0.00750000000 0.69145742185 -1.45854299922
-1.00000000000 0.00000000000 2.10937500000 -0.00625000000 0.69172705943 -1.45911176597
-1.00000000000 0.00000000000 2.10937500000 -0.00500000000 0.69200152590 -1.45969071869
-1.00000000000 0.00000000000 2.10937500000 -0.00375000000 0.69228082922 -1.46027987414
-1.00000000000 0.00000000000 2.10937500000 -0.00250000000 0.69256497746 -1.46087924934
-1.00000000000 0.00000000000 2.10937500000 -0.00125000000 0.69285397882 -1.46148886157
-1.00000000000 0.00000000000 2.10937500000 0.00000000000 0.69314784160 -1.46210872837
-1.00000000000 0.00000000000 2.10937500000 0.00125000000 0.69344657424 -1.46273886754
-1.00000000000 0.00000000000 2.10937500000 0.00250000000 0.69375018532 -1.46337929716
-1.00000000000 0.00000000000 2.10937500000 0.00375000000 0.69405868351 -1.46403003554
-1.00000000000 0.00000000000 2.10937500000 0.00500000000 0.69437207764 -1.46469110128
-1.00000000000 0.00000000000 2.10937500000 0.00625000000 0.69469037664 -1.46536251323
-1.00000000000 0.00000000000 2.10937500000 0.00750000000 0.69501358958 -1.46604429053
-1.00000000000 0.00000000000 2.10937500000 0.00875000000 0.69534172566 -1.46673645256
-1.00000000000 0.00000000000 2.12500000000 -0.01000000000 0.69094956658 -1.46826782899
-1.00000000000 0.00000000000 2.12500000000 -0.00875000000 0.69120749933 -1.46881593607
-1.00000000000 0.00000000000 2.12500000000 -0.00750000000 0.69147023127 -1.46937424145
-1.00000000000 0.00000000000 2.12500000000 -0.00625000000 0.69173777005 -1.46994276135
-1.00000000000 0.00000000000 2.12500000000 -0.00500000000 0.69201012339 -1.47052151220
-1.00000000000 0.00000000000 2.12500000000 -0.00375000000 0.69228729917 -1.47111051074
-1.00000000000 0.00000000000 2.12500000000 -0.00250000000 0.69256930537 -1.47170977392
-1.00000000000 0.00000000000 2.12500000000 -0.00125000000 0.69285615010 -1.47231931897
-1.00000000000 0.00000000000 2.12500000000 0.00000000000 0.69314784160 -1.47293916339
-1.00000000000 0.00000000000 2.12500000000 0.00125000000 0.69344438820 -1.47356932493
-1.00000000000 0.00000000000 2.12500000000 0.00250000000 0.69374579840 -1.47420982160
-1.00000000000 0.00000000000 2.12500000000 0.00375000000 0.69405208079 -1.47486067168
-1.00000000000 0.00000000000 2.12500000000 0.00500000000 0.69436324410 -1.47552189371
-1.00000000000 0.00000000000 2.12500000000 0.00625000000 0.69467929718 -1.47619350650
-1.00000000000 0.00000000000 2.12500000000 0.00750000000 0.69500024900 -1.47687552912
-1.00000000000 0.00000000000 2.12500000000 0.00875000000 0.69532610867 -1.47756798092
-1.00000000000 0.00000000000 2.14062500000 -0.01000000000 0.69096628414 -1.47909970198
-1.00000000000 0.00000000000 2.14062500000 -0.00875000000 0.69122217653 -1.47964747162
-1.00000000000 0.00000000000 2.14062500000 -0.00750000000 0.69148285418 -1.48020548473
-1.00000000000 0.00000000000 2.14062500000 -0.00625000000 0.69174832465 -1.48077375745
-1.00000000000 0.00000000000 2.14062500000 -0.00500000000 0.69201859559 -1.48135230618
-1.00000000000 0.00000000000 2.14062500000 -0.00375000000 0.69229367479 -1.48194114760
-1.00000000000 0.00000000000 2.14062500000 -0.00250000000 0.69257357015 -1.48254029861
-1.00000000000 0.00000000000 2.14062500000 -0.00125000000 0.69285828971 -1.48314977641
-1.00000000000 0.00000000000 2.14062500000 0.00000000000 0.69314784160 -1.48376959842
-1.00000000000 0.00000000000 2.14062500000 0.00125000000 0.69344223409 -1.48439978235
-1.00000000000 0.00000000000 2.14062500000 0.00250000000 0.69374147558 -1.48504034617
-1.00000000000 0.00000000000 2.14062500000 0.00375000000 0.69404557458 -1.48569130810
-1.00000000000 0.00000000000 2.14062500000 0.00500000000 0.69435453974 -1.48635268663
-1.00000000000 0.00000000000 2.14062500000 0.00625000000 0.69466837981 -1.48702450053
-1.00000000000 0.00000000000 2.14062500000 0.00750000000 0.69498710368 -1.48770676882
-1.00000000000 0.00000000000 2.14062500000 0.00875000000 0.69531072037 -1.48839951080
-1.00000000000 0.00000000000 2.15625000000 -0.01000000000 0.69098276024 -1.48993157678
-1.00000000000 0.00000000000 2.15625000000 -0.00875000000 0.69123664165 -1.49047900857
-1.00000000000 0.00000000000 2.15625000000 -0.00750000000 0.69149529462 -1.49103672903
-1.00000000000 0.00000000000 2.15625000000 -0.00625000000 0.69175872661 -1.49160475426
-1.00000000000 0.00000000000 2.15625000000 -0.00500000000 0.69202694522 -1.49218310062
-1.00000000000 0.00000000000 2.15625000000 -0.00375000000 0.69229995813 -1.49277178472
-1.00000000000 0.00000000000 2.15625000000 -0.00250000000 0.69257777318 -1.49337082343
-1.00000000000 0.00000000000 2.15625000000 -0.00125000000 0.69286039832 -1.49398023387
-1.00000000000 0.00000000000 2.15625000000 0.00000000000 0.69314784160 -1.49460003344
-1.00000000000 0.00000000000 2.15625000000 0.00125000000 0.69344011121 -1.49523023980
-1.00000000000 0.00000000000 2.15625000000 0.00250000000 0.69373721547 -1.49587087085
-1.00000000000 0.00000000000 2.15625000000 0.00375000000 0.69403916279 -1.49652194478
-1.00000000000 0.00000000000 2.15625000000 0.00500000000 0.69434596175 -1.49718348003
-1.00000000000 0.00000000000 2.15625000000 0.00625000000 0.69465762101 -1.49785549531
-1.00000000000 0.00000000000 2.15625000000 0.00750000000 0.69497414938 -1.49853800960
-1.00000000000 0.00000000000 2.15625000000 0.00875000000 0.69529555578 -1.49923104215
-1.00000000000 0.00000000000 2.17187500000 -0.01000000000 0.69099900010 -1.50076345333
-1.00000000000 0.00000000000 2.17187500000 -0.00875000000 0.69125089928 -1.50131054686
-1.00000000000 0.00000000000 2.17187500000 -0.00750000000 0.69150755652 -1.50186797433
-1.00000000000 0.00000000000 2.17187500000 -0.00625000000 0.69176897923 -1.50243575177
-1.00000000000 0.00000000000 2.17187500000 -0.00500000000 0.69203517491 -1.50301389551
-1.00000000000 0.00000000000 2.17187500000 -0.00375000000 0.69230615118 -1.50360242209
-1.00000000000 0.00000000000 2.17187500000 -0.00250000000 0.69258191579 -1.50420134835
-1.00000000000 0.00000000000 2.17187500000 -0.00125000000 0.69286247660 -1.50481069136
-1.00000000000 0.00000000000 2.17187500000 0.00000000000 0.69314784160 -1.50543046847
-1.00000000000 0.00000000000 2.17187500000 0.00125000000 0.69343801889 -1.50606069727
-1.00000000000 0.00000000000 2.17187500000 0.00250000000 0.69373301670 -1.50670139565
-1.00000000000 0.00000000000 2.17187500000 0.00375000000 0.69403284338 -1.50735258172
-1.00000000000 0.00000000000 2.17187500000 0.00500000000 0.69433750740 -1.50801427388
-1.00000000000 0.00000000000 2.17187500000 0.00625000000 0.69464701735 -1.50868649081
-1.00000000000 0.00000000000 2.17187500000 0.00750000000 0.69496138195 -1.50936925143
-1.00000000000 0.00000000000 2.17187500000 0.00875000000 0.69528061004 -1.51006257494
-1.00000000000 0.00000000000 2.18750000000 -0.01000000000 0.69101500874 -1.51159533162
-1.00000000000 0.00000000000 2.18750000000 -0.00875000000 0.69126495382 -1.51214208649
-1.00000000000 0.00000000000 2.18750000000 -0.00750000000 0.69151964370 -1.51269922060
-1.00000000000 0.00000000000 2.18750000000 -0.00625000000 0.69177908570 -1.51326674997
-1.00000000000 0.00000000000 2.18750000000 -0.00500000000 0.69204328724 -1.51384469083
-1.00000000000 0.00000000000 2.18750000000 -0.00375000000 0.69231225587 -1.51443305972
-1.00000000000 0.00000000000 2.18750000000 -0.00250000000 0.69258599926 -1.51503187339
-1.00000000000 0.00000000000 2.18750000000 -0.00125000000 0.69286452520 -1.51564114888
-1.00000000000 0.00000000000 2.18750000000 0.00000000000 0.69314784160 -1.51626090349
-1.00000000000 0.00000000000 2.18750000000 0.00125000000 0.69343595647 -1.51689115478
-1.00000000000 0.00000000000 2.18750000000 0.00250000000 0.69372887797 -1.51753192056
-1.00000000000 0.00000000000 2.18750000000 0.00375000000 0.69402661436 -1.51818321891
-1.00000000000 0.00000000000 2.18750000000 0.00500000000 0.69432917403 -1.51884506820
-1.00000000000 0.00000000000 2.18750000000 0.00625000000 0.69463656550 -1.51951748703
-1.00000000000 0.00000000000 2.18750000000 0.00750000000 0.69494879739 -1.52020049429
-1.00000000000 0.00000000000 2.18750000000 0.00875000000 0.69526587847 -1.52089410914
-1.00000000000 0.00000000000 2.20312500000 -0.01000000000 0.69103079107 -1.52242721159
-1.00000000000 0.00000000000 2.20312500000 -0.00875000000 0.69127880960 -1.52297362741
-1.00000000000 0.00000000000 2.20312500000 -0.00750000000 0.69153155987 -1.52353046784
-1.00000000000 0.00000000000 2.20312500000 -0.00625000000 0.69178904911 -1.52409774883
-1.00000000000 0.00000000000 2.20312500000 -0.00500000000 0.69205128469 -1.52467548659
-1.00000000000 0.00000000000 2.20312500000 -0.00375000000 0.69231827408 -1.52526369758
-1.00000000000 0.00000000000 2.20312500000 -0.00250000000 0.69259002487 -1.52586239853
-1.00000000000 0.00000000000 2.20312500000 -0.00125000000 0.69286654476 -1.52647160643
-1.00000000000 0.00000000000 2.20312500000 0.00000000000 0.69314784160 -1.52709133852
-1.00000000000 0.00000000000 2.20312500000 0.00125000000 0.69343392332 -1.52772161231
-1.00000000000 0.00000000000 2.20312500000 0.00250000000 0.69372479799 -1.52836244558
-1.00000000000 0.00000000000 2.20312500000 0.00375000000 0.69402047381 -1.52901385636
-1.00000000000 0.00000000000 2.20312500000 0.00500000000 0.69432095907 -1.52967586296
-1.00000000000 0.00000000000 2.20312500000 0.00625000000 0.69462626222 -1.53034848395
-1.00000000000 0.00000000000 2.20312500000 0.00750000000 0.69493639179 -1.53103173817
-1.00000000000 0.00000000000 2.20312500000 0.00875000000 0.69525135647 -1.53172564473
-1.00000000000 0.00000000000 2.21875000000 -0.01000000000 0.69104635187 -1.53325909321
-1.00000000000 0.00000000000 2.21875000000 -0.00875000000 0.69129247081 -1.53380516960
-1.00000000000 0.00000000000 2.21875000000 -0.00750000000 0.69154330863 -1.53436171601
-1.00000000000 0.00000000000 2.21875000000 -0.00625000000 0.69179887249 -1.53492874835
-1.00000000000 0.00000000000 2.21875000000 -0.00500000000 0.69205916970 -1.53550628276
-1.00000000000 0.00000000000 2.21875000000 -0.00375000000 0.69232420763 -1.53609433568
-1.00000000000 0.00000000000 2.21875000000 -0.00250000000 0.69259399382 -1.53669292378
-1.00000000000 0.00000000000 2.21875000000 -0.00125000000 0.69286853589 -1.53730206400
-1.00000000000 0.00000000000 2.21875000000 0.00000000000 0.69314784160 -1.53792177354
-1.00000000000 0.00000000000 2.21875000000 0.00125000000 0.69343191881 -1.53855206987
-1.00000000000 0.00000000000 2.21875000000 0.00250000000 0.69372077553 -1.53919297070
-1.00000000000 0.00000000000 2.21875000000 0.00375000000 0.69401441985 -1.53984449405
-1.00000000000 0.00000000000 2.21875000000 0.00500000000 0.69431286001 -1.54050665816
-1.00000000000 0.00000000000 2.21875000000 0.00625000000 0.69461610436 -1.54117948155
-1.00000000000 0.00000000000 2.21875000000 0.00750000000 0.69492416137 -1.54186298304
-1.00000000000 0.00000000000 2.21875000000 0.00875000000 0.69523703963 -1.54255718167
-1.00000000000 0.00000000000 2.23437500000 -0.01000000000 0.69106169575 -1.54409097645
-1.00000000000 0.00000000000 2.23437500000 -0.00875000000 0.69130594150 -1.54463671304
-1.00000000000 0.00000000000 2.23437500000 -0.00750000000 0.69155489347 -1.54519296510
-1.00000000000 0.00000000000 2.23437500000 -0.00625000000 0.69180855877 -1.54575974850
-1.00000000000 0.00000000000 2.23437500000 -0.00500000000 0.69206694460 -1.54633707935
-1.00000000000 0.00000000000 2.23437500000 -0.00375000000 0.69233005830 -1.54692497402
-1.00000000000 0.00000000000 2.23437500000 -0.00250000000 0.69259790731 -1.54752344914
-1.00000000000 0.00000000000 2.23437500000 -0.00125000000 0.69287049918 -1.54813252160
-1.00000000000 0.00000000000 2.23437500000 0.00000000000 0.69314784160 -1.54875220857
-1.00000000000 0.00000000000 2.23437500000 0.00125000000 0.69342994236 -1.54938252745
-1.00000000000 0.00000000000 2.23437500000 0.00250000000 0.69371680937 -1.55002349594
-1.00000000000 0.00000000000 2.23437500000 0.00375000000 0.69400845067 -1.55067513198
-1.00000000000 0.00000000000 2.23437500000 0.00500000000 0.69430487442 -1.55133745378
-1.00000000000 0.00000000000 2.23437500000 0.00625000000 0.69460608887 -1.55201047983
-1.00000000000 0.00000000000 2.23437500000 0.00750000000 0.69491210243 -1.55269422887
-1.00000000000 0.00000000000 2.23437500000 0.00875000000 0.69522292361 -1.55338871993
-1.00000000000 0.00000000000 2.25000000000 -0.01000000000 0.69107682723 -1.55492286127
-1.00000000000 0.00000000000 2.25000000000 -0.00875000000 0.69131922564 -1.55546825769
-1.00000000000 0.00000000000 2.25000000000 -0.00750000000 0.69156631782 -1.55602421510
-1.00000000000 0.00000000000 2.25000000000 -0.00625000000 0.69181811080 -1.55659074929
-1.00000000000 0.00000000000 2.25000000000 -0.00500000000 0.69207461171 -1.55716787634
-1.00000000000 0.00000000000 2.25000000000 -0.00375000000 0.69233582781 -1.55775561258
-1.00000000000 0.00000000000 2.25000000000 -0.00250000000 0.69260176649 -1.55835397459
-1.00000000000 0.00000000000 2.25000000000 -0.00125000000 0.69287243521 -1.55896297923
-1.00000000000 0.00000000000 2.25000000000 0.00000000000 0.69314784160 -1.55958264359
-1.00000000000 0.00000000000 2.25000000000 0.00125000000 0.69342799336 -1.56021298506
-1.00000000000 0.00000000000 2.25000000000 0.00250000000 0.69371289835 -1.56085402128
-1.00000000000 0.00000000000 2.25000000000 0.00375000000 0.69400256451 -1.56150577014
-1.00000000000 0.00000000000 2.25000000000 0.00500000000 0.69429699992 -1.56216824982
-1.00000000000 0.00000000000 2.25000000000 0.00625000000 0.69459621278 -1.56284147875
-1.00000000000 0.00000000000 2.25000000000 0.00750000000 0.69490021140 -1.56352547565
-1.00000000000 0.00000000000 2.25000000000 0.00875000000 0.69520900422 -1.56422025950
-1.00000000000 0.00000000000 2.26562500000 -0.01000000000 0.69109175069 -1.56575474765
-1.00000000000 0.00000000000 2.26562500000 -0.00875000000 0.69133232708 -1.56629980354
-1.00000000000 0.00000000000 2.26562500000 -0.00750000000 0.69157758498 -1.56685546597
-1.00000000000 0.00000000000 2.26562500000 -0.00625000000 0.69182753134 -1.56742175069
-1.00000000000 0.00000000000 2.26562500000 -0.00500000000 0.69208217323 -1.56799867373
-1.00000000000 0.00000000000 2.26562500000 -0.00375000000 0.69234151785 -1.56858625137
-1.00000000000 0.00000000000 2.26562500000 -0.00250000000 0.69260557248 -1.56918450015
-1.00000000000 0.00000000000 2.26562500000 -0.00125000000 0.69287434455 -1.56979343688
-1.00000000000 0.00000000000 2.26562500000 0.00000000000 0.69314784160 -1.57041307862
-1.00000000000 0.00000000000 2.26562500000 0.00125000000 0.69342607126 -1.57104344270
-1.00000000000 0.00000000000 2.26562500000 0.00250000000 0.69370904131 -1.57168454672
-1.00000000000 0.00000000000 2.26562500000 0.00375000000 0.69399675963 -1.57233640853
-1.00000000000 0.00000000000 2.26562500000 0.00500000000 0.69428923421 -1.57299904627
-1.00000000000 0.00000000000 2.26562500000 0.00625000000 0.69458647319 -1.57367247832
-1.00000000000 0.00000000000 2.26562500000 0.00750000000 0.69488848480 -1.57435672337
-1.00000000000 0.00000000000 2.26562500000 0.00875000000 0.69519527739 -1.57505180033
-1.00000000000 0.00000000000 2.28125000000 -0.01000000000 0.69110647038 -1.57658663555
-1.00000000000 0.00000000000 2.28125000000 -0.00875000000 0.69134524956 -1.57713135056
-1.00000000000 0.00000000000 2.28125000000 -0.00750000000 0.69158869817 -1.57768671770
-1.00000000000 0.00000000000 2.28125000000 -0.00625000000 0.69183682310 -1.57825275269
-1.00000000000 0.00000000000 2.28125000000 -0.00500000000 0.69208963134 -1.57882947150
-1.00000000000 0.00000000000 2.28125000000 -0.00375000000 0.69234713003 -1.57941689037
-1.00000000000 0.00000000000 2.28125000000 -0.00250000000 0.69260932638 -1.58001502580
-1.00000000000 0.00000000000 2.28125000000 -0.00125000000 0.69287622775 -1.58062389455
-1.00000000000 0.00000000000 2.28125000000 0.00000000000 0.69314784160 -1.58124351364
-1.00000000000 0.00000000000 2.28125000000 0.00125000000 0.69342417550 -1.58187390036
-1.00000000000 0.00000000000 2.28125000000 0.00250000000 0.69370523715 -1.58251507225
-1.00000000000 0.00000000000 2.28125000000 0.00375000000 0.69399103436 -1.58316704715
-1.00000000000 0.00000000000 2.28125000000 0.00500000000 0.69428157507 -1.58382984312
-1.00000000000 0.00000000000 2.28125000000 0.00625000000 0.69457686730 -1.58450347852
-1.00000000000 0.00000000000 2.28125000000 0.00750000000 0.69487691923 -1.58518797199
-1.00000000000 0.00000000000 2.28125000000 0.00875000000 0.69518173913 -1.58588334240
-1.00000000000 0.00000000000 2.29687500000 -0.01000000000 0.69112099045 -1.58741852493
-1.00000000000 0.00000000000 2.29687500000 -0.00875000000 0.69135799672 -1.58796289872
-1.00000000000 0.00000000000 2.29687500000 -0.00750000000 0.69159966053 -1.58851797028
-1.00000000000 0.00000000000 2.29687500000 -0.00625000000 0.69184598869 -1.58908375528
-1.00000000000 0.00000000000 2.29687500000 -0.00500000000 0.69209698815 -1.58966026965
-1.00000000000 0.00000000000 2.29687500000 -0.00375000000 0.69235266594 -1.59024752959
-1.00000000000 0.00000000000 2.29687500000 -0.00250000000 0.69261302925 -1.59084555155
-1.00000000000 0.00000000000 2.29687500000 -0.00125000000 0.69287808533 -1.59145435225
-1.00000000000 0.00000000000 2.29687500000 0.00000000000 0.69314784160 -1.59207394867
-1.00000000000 0.00000000000 2.29687500000 0.00125000000 0.69342230554 -1.59270435804
-1.00000000000 0.00000000000 2.29687500000 0.00250000000 0.69370148480 -1.59334559789
-1.00000000000 0.00000000000 2.29687500000 0.00375000000 0.69398538709 -1.59399768598
-1.00000000000 0.00000000000 2.29687500000 0.00500000000 0.69427402029 -1.59466064036
-1.00000000000 0.00000000000 2.29687500000 0.00625000000 0.69456739237 -1.59533447934
-1.00000000000 0.00000000000 2.29687500000 0.00750000000 0.69486551140 -1.59601922150
-1.00000000000 0.00000000000 2.29687500000 0.00875000000 0.69516838561 -1.59671488569
-1.00000000000 0.00000000000 2.31250000000 -0.01000000000 0.69113531493 -1.59825041578
-1.00000000000 0.00000000000 2.31250000000 -0.00875000000 0.69137057211 -1.59879444801
-1.00000000000 0.00000000000 2.31250000000 -0.00750000000 0.69161047511 -1.59934922369
-1.00000000000 0.00000000000 2.31250000000 -0.00625000000 0.69185503068 -1.59991475845
-1.00000000000 0.00000000000 2.31250000000 -0.00500000000 0.69210424570 -1.60049106817
-1.00000000000 0.00000000000 2.31250000000 -0.00375000000 0.69235812714 -1.60107816902
-1.00000000000 0.00000000000 2.31250000000 -0.00250000000 0.69261668212 -1.60167607740
-1.00000000000 0.00000000000 2.31250000000 -0.00125000000 0.69287991783 -1.60228480997
-1.00000000000 0.00000000000 2.31250000000 0.00000000000 0.69314784160 -1.60290438369
-1.00000000000 0.00000000000 2.31250000000 0.00125000000 0.69342046087 -1.60353481575
-1.00000000000 0.00000000000 2.31250000000 0.00250000000 0.69369778319 -1.60417612362
-1.00000000000 0.00000000000 2.31250000000 0.00375000000 0.69397981623 -1.60482832503
-1.00000000000 0.00000000000 2.31250000000 0.00500000000 0.69426656778 -1.60549143799
-1.00000000000 0.00000000000 2.31250000000 0.00625000000 0.69455804573 -1.60616548076
-1.00000000000 0.00000000000 2.31250000000 0.00750000000 0.69485425811 -1.60685047188
-1.00000000000 0.00000000000 2.31250000000 0.00875000000 0.69515521305 -1.60754643018
-1.00000000000 0.00000000000 2.32812500000 -0.01000000000 0.69114944775 -1.60908230805
-1.00000000000 0.00000000000 2.32812500000 -0.00875000000 0.69138297917 -1.60962599839
-1.00000000000 0.00000000000 2.32812500000 -0.00750000000 0.69162114487 -1.61018047790
-1.00000000000 0.00000000000 2.32812500000 -0.00625000000 0.69186395154 -1.61074576218
-1.00000000000 0.00000000000 2.32812500000 -0.00500000000 0.69211140599 -1.61132186706
-1.00000000000 0.00000000000 2.32812500000 -0.00375000000 0.69236351513 -1.61190880865
-1.00000000000 0.00000000000 2.32812500000 -0.00250000000 0.69262028599 -1.61250660333
-1.00000000000 0.00000000000 2.32812500000 -0.00125000000 0.69288172573 -1.61311526772
-1.00000000000 0.00000000000 2.32812500000 0.00000000000 0.69314784160 -1.61373481872
-1.00000000000 0.00000000000 2.32812500000 0.00125000000 0.69341864096 -1.61436527348
-1.00000000000 0.00000000000 2.32812500000 0.00250000000 0.69369413131 -1.61500664944
-1.00000000000 0.00000000000 2.32812500000 0.00375000000 0.69397432023 -1.61565896429
-1.00000000000 0.00000000000 2.32812500000 0.00500000000 0.69425921546 -1.61632223599
-1.00000000000 0.00000000000 2.32812500000 0.00625000000 0.69454882481 -1.61699648277
-1.00000000000 0.00000000000 2.32812500000 0.00750000000 0.69484315624 -1.61768172313
-1.00000000000 0.00000000000 2.32812500000 0.00875000000 0.69514221781 -1.61837797584
-1.00000000000 0.00000000000 2.34375000000 -0.01000000000 0.69116339274 -1.61991420173
-1.00000000000 0.00000000000 2.34375000000 -0.00875000000 0.69139522127 -1.62045754985
-1.00000000000 0.00000000000 2.34375000000 -0.00750000000 0.69163167271 -1.62101173292
-1.00000000000 0.00000000000 2.34375000000 -0.00625000000 0.69187275369 -1.62157676647
-1.00000000000 0.00000000000 2.34375000000 -0.00500000000 0.69211847096 -1.62215266630
-1.00000000000 0.00000000000 2.34375000000 -0.00375000000 0.69236883136 -1.62273944849
-1.00000000000 0.00000000000 2.34375000000 -0.00250000000 0.69262384186 -1.62333712935
-1.00000000000 0.00000000000 2.34375000000 -0.00125000000 0.69288350954 -1.62394572549
-1.00000000000 0.00000000000 2.34375000000 0.00000000000 0.69314784160 -1.62456525374
-1.00000000000 0.00000000000 2.34375000000 0.00125000000 0.69341684533 -1.62519573124
-1.00000000000 0.00000000000 2.34375000000 0.00250000000 0.69369052815 -1.62583717536
-1.00000000000 0.00000000000 2.34375000000 0.00375000000 0.69396889761 -1.62648960376
-1.00000000000 0.00000000000 2.34375000000 0.00500000000 0.69425196133 -1.62715303436
-1.00000000000 0.00000000000 2.34375000000 0.00625000000 0.69453972709 -1.62782748536
-1.00000000000 0.00000000000 2.34375000000 0.00750000000 0.69483220275 -1.62851297520
-1.00000000000 0.00000000000 2.34375000000 0.00875000000 0.69512939633 -1.62920952264
-1.00000000000 0.00000000000 2.35937500000 -0.01000000000 0.69117715360 -1.63074609678
-1.00000000000 0.00000000000 2.35937500000 -0.00875000000 0.69140730167 -1.63128910237
-1.00000000000 0.00000000000 2.35937500000 -0.00750000000 0.69164206144 -1.63184298871
-1.00000000000 0.00000000000 2.35937500000 -0.00625000000 0.69188143949 -1.63240777130
-1.00000000000 0.00000000000 2.35937500000 -0.00500000000 0.69212544250 -1.63298346589
-1.00000000000 0.00000000000 2.35937500000 -0.00375000000 0.69237407725 -1.63357008852
-1.00000000000 0.00000000000 2.35937500000 -0.00250000000 0.69262735066 -1.63416765547
-1.00000000000 0.00000000000 2.35937500000 -0.00125000000 0.69288526973 -1.63477618328
-1.00000000000 0.00000000000 2.35937500000 0.00000000000 0.69314784160 -1.63539568877
-1.00000000000 0.00000000000 2.35937500000 0.00125000000 0.69341507349 -1.63602618901
-1.00000000000 0.00000000000 2.35937500000 0.00250000000 0.69368697276 -1.63666770137
-1.00000000000 0.00000000000 2.35937500000 0.00375000000 0.69396354689 -1.63732024343
-1.00000000000 0.00000000000 2.35937500000 0.00500000000 0.69424480343 -1.63798383310
-1.00000000000 0.00000000000 2.35937500000 0.00625000000 0.69453075010 -1.63865848852
-1.00000000000 0.00000000000 2.35937500000 0.00750000000 0.69482139469 -1.63934422811
-1.00000000000 0.00000000000 2.35937500000 0.00875000000 0.69511674514 -1.64004107056
-1.00000000000 0.00000000000 2.37500000000 -0.01000000000 0.69119073397 -1.64157799317
-1.00000000000 0.00000000000 2.37500000000 -0.00875000000 0.69141922355 -1.64212065592
-1.00000000000 0.00000000000 2.37500000000 -0.00750000000 0.69165231380 -1.64267424527
-1.00000000000 0.00000000000 2.37500000000 -0.00625000000 0.69189001123 -1.64323877666
-1.00000000000 0.00000000000 2.37500000000 -0.00500000000 0.69213232245 -1.64381426583
-1.00000000000 0.00000000000 2.37500000000 -0.00375000000 0.69237925421 -1.64440072875
-1.00000000000 0.00000000000 2.37500000000 -0.00250000000 0.69263081333 -1.64499818167
-1.00000000000 0.00000000000 2.37500000000 -0.00125000000 0.69288700677 -1.64560664109
-1.00000000000 0.00000000000 2.37500000000 0.00000000000 0.69314784160 -1.64622612379
-1.00000000000 0.00000000000 2.37500000000 0.00125000000 0.69341332497 -1.64685664681
-1.00000000000 0.00000000000 2.37500000000 0.00250000000 0.69368346419 -1.64749822746
-1.00000000000 0.00000000000 2.37500000000 0.00375000000 0.69395826665 -1.64815088330
-1.00000000000 0.00000000000 2.37500000000 0.00500000000 0.69423773987 -1.64881463219
-1.00000000000 0.00000000000 2.37500000000 0.00625000000 0.69452189147 -1.64948949223
-1.00000000000 0.00000000000 2.37500000000 0.00750000000 0.69481072918 -1.65017548181
-1.00000000000 0.00000000000 2.37500000000 0.00875000000 0.69510426088 -1.65087261959
-1.00000000000 0.00000000000 2.39062500000 -0.01000000000 0.69120413736 -1.65240989089
-1.00000000000 0.00000000000 2.39062500000 -0.00875000000 0.69143099001 -1.65295221049
-1.00000000000 0.00000000000 2.39062500000 -0.00750000000 0.69166243245 -1.65350550257
-1.00000000000 0.00000000000 2.39062500000 -0.00625000000 0.69189847113 -1.65406978255
-1.00000000000 0.00000000000 2.39062500000 -0.00500000000 0.69213911262 -1.65464506610
-1.00000000000 0.00000000000 2.39062500000 -0.00375000000 0.69238436357 -1.65523136916
-1.00000000000 0.00000000000 2.39062500000 -0.00250000000 0.69263423078 -1.65582870795
-1.00000000000 0.00000000000 2.39062500000 -0.00125000000 0.69288872112 -1.65643709892
-1.00000000000 0.00000000000 2.39062500000 0.00000000000 0.69314784160 -1.65705655882
-1.00000000000 0.00000000000 2.39062500000 0.00125000000 0.69341159932 -1.65768710463
-1.00000000000 0.00000000000 2.39062500000 0.00250000000 0.69368000152 -1.65832875364
-1.00000000000 0.00000000000 2.39062500000 0.00375000000 0.69395305553 -1.65898152337
-1.00000000000 0.00000000000 2.39062500000 0.00500000000 0.69423076878 -1.65964543163
-1.00000000000 0.00000000000 2.39062500000 0.00625000000 0.69451314886 -1.66032049649
-1.00000000000 0.00000000000 2.39062500000 0.00750000000 0.69480020342 -1.66100673631
-1.00000000000 0.00000000000 2.39062500000 0.00875000000 0.69509194026 -1.66170416969
-1.00000000000 0.00000000000 2.40625000000 -0.01000000000 0.69121736723 -1.66324178990
-1.00000000000 0.00000000000 2.40625000000 -0.00875000000 0.69144260407 -1.66378376605
-1.00000000000 0.00000000000 2.40625000000 -0.00750000000 0.69167241999 -1.66433676061
-1.00000000000 0.00000000000 2.40625000000 -0.00625000000 0.69190682138 -1.66490078895
-1.00000000000 0.00000000000 2.40625000000 -0.00500000000 0.69214581473 -1.66547586670
-1.00000000000 0.00000000000 2.40625000000 -0.00375000000 0.69238940666 -1.66606200977
-1.00000000000 0.00000000000 2.40625000000 -0.00250000000 0.69263760387 -1.66665923432
-1.00000000000 0.00000000000 2.40625000000 -0.00125000000 0.69289041321 -1.66726755678
-1.00000000000 0.00000000000 2.40625000000 0.00000000000 0.69314784160 -1.66788699384
-1.00000000000 0.00000000000 2.40625000000 0.00125000000 0.69340989609 -1.66851756247
-1.00000000000 0.00000000000 2.40625000000 0.00250000000 0.69367658386 -1.66915927990
-1.00000000000 0.00000000000 2.40625000000 0.00375000000 0.69394791216 -1.66981216362
-1.00000000000 0.00000000000 2.40625000000 0.00500000000 0.69422388838 -1.67047623141
-1.00000000000 0.00000000000 2.40625000000 0.00625000000 0.69450452001 -1.67115150129
-1.00000000000 0.00000000000 2.40625000000 0.00750000000 0.69478981468 -1.67183799158
-1.00000000000 0.00000000000 2.40625000000 0.00875000000 0.69507978010 -1.67253572086
-1.00000000000 0.00000000000 2.42187500000 -0.01000000000 0.69123042691 -1.67407369018
-1.00000000000 0.00000000000 2.42187500000 -0.00875000000 0.69145406868 -1.67461532259
-1.00000000000 0.00000000000 2.42187500000 -0.00750000000 0.69168227897 -1.67516801937
-1.00000000000 0.00000000000 2.42187500000 -0.00625000000 0.69191506409 -1.67573179585
-1.00000000000 0.00000000000 2.42187500000 -0.00500000000 0.69215243050 -1.67630666762
-1.00000000000 0.00000000000 2.42187500000 -0.00375000000 0.69239438474 -1.67689265055
-1.00000000000 0.00000000000 2.42187500000 -0.00250000000 0.69264093348 -1.67748976076
-1.00000000000 0.00000000000 2.42187500000 -0.00125000000 0.69289208347 -1.67809801465
-1.00000000000 0.00000000000 2.42187500000 0.00000000000 0.69314784160 -1.67871742887
-1.00000000000 0.00000000000 2.42187500000 0.00125000000 0.69340821485 -1.67934802034
-1.00000000000 0.00000000000 2.42187500000 0.00250000000 0.69367321032 -1.67998980625
-1.00000000000 0.00000000000 2.42187500000 0.00375000000 0.69394283523 -1.68064280407
-1.00000000000 0.00000000000 2.42187500000 0.00500000000 0.69421709688 -1.68130703152
-1.00000000000 0.00000000000 2.42187500000 0.00625000000 0.69449600273 -1.68198250661
-1.00000000000 0.00000000000 2.42187500000 0.00750000000 0.69477956030 -1.68266924760
-1.00000000000 0.00000000000 2.42187500000 0.00875000000 0.69506777726 -1.68336727306
-1.00000000000 0.00000000000 2.43750000000 -0.01000000000 0.69124331967 -1.68490559170
-1.00000000000 0.00000000000 2.43750000000 -0.00875000000 0.69146538670 -1.68544688009
-1.00000000000 0.00000000000 2.43750000000 -0.00750000000 0.69169201183 -1.68599927884
-1.00000000000 0.00000000000 2.43750000000 -0.00625000000 0.69192320133 -1.68656280324
-1.00000000000 0.00000000000 2.43750000000 -0.00500000000 0.69215896158 -1.68713746886
-1.00000000000 0.00000000000 2.43750000000 -0.00375000000 0.69239929908 -1.68772329151
-1.00000000000 0.00000000000 2.43750000000 -0.00250000000 0.69264422043 -1.68832028729
-1.00000000000 0.00000000000 2.43750000000 -0.00125000000 0.69289373233 -1.68892847254
-1.00000000000 0.00000000000 2.43750000000 0.00000000000 0.69314784160 -1.68954786389
-1.00000000000 0.00000000000 2.43750000000 0.00125000000 0.69340655517 -1.69017847822
-1.00000000000 0.00000000000 2.43750000000 0.00250000000 0.69366988007 -1.69082033268
-1.00000000000 0.00000000000 2.43750000000 0.00375000000 0.69393782346 -1.69147344469
-1.00000000000 0.00000000000 2.43750000000 0.00500000000 0.69421039260 -1.69213783196
-1.00000000000 0.00000000000 2.43750000000 0.00625000000 0.69448759485 -1.69281351244
-1.00000000000 0.00000000000 2.43750000000 0.00750000000 0.69476943769 -1.69350050438
-1.00000000000 0.00000000000 2.43750000000 0.00875000000 0.69505592873 -1.69419882628
-1.00000000000 0.00000000000 2.45312500000 -0.01000000000 0.69125604869 -1.69573749445
-1.00000000000 0.00000000000 2.45312500000 -0.00875000000 0.69147656093 -1.69627843852
-1.00000000000 0.00000000000 2.45312500000 -0.00750000000 0.69170162099 -1.69683053900
-1.00000000000 0.00000000000 2.45312500000 -0.00625000000 0.69193123510 -1.69739381112
-1.00000000000 0.00000000000 2.45312500000 -0.00500000000 0.69216540959 -1.69796827041
-1.00000000000 0.00000000000 2.45312500000 -0.00375000000 0.69240415089 -1.69855393265
-1.00000000000 0.00000000000 2.45312500000 -0.00250000000 0.69264746554 -1.69915081390
-1.00000000000 0.00000000000 2.45312500000 -0.00125000000 0.69289536019 -1.69975893046
-1.00000000000 0.00000000000 2.45312500000 0.00000000000 0.69314784160 -1.70037829892
-1.00000000000 0.00000000000 2.45312500000 0.00125000000 0.69340491663 -1.70100893612
-1.00000000000 0.00000000000 2.45312500000 0.00250000000 0.69366659228 -1.70165085918
-1.00000000000 0.00000000000 2.45312500000 0.00375000000 0.69393287562 -1.70230408550
-1.00000000000 0.00000000000 2.45312500000 0.00500000000 0.69420377385 -1.70296863272
-1.00000000000 0.00000000000 2.45312500000 0.00625000000 0.69447929428 -1.70364451878
-1.00000000000 0.00000000000 2.45312500000 0.00750000000 0.69475944433 -1.70433176188
-1.00000000000 0.00000000000 2.45312500000 0.00875000000 0.69504423154 -1.70503038050
-1.00000000000 0.00000000000 2.46875000000 -0.01000000000 0.69126861707 -1.70656939839
-1.00000000000 0.00000000000 2.46875000000 -0.00875000000 0.69148759408 -1.70710999788
-1.00000000000 0.00000000000 2.46875000000 -0.00750000000 0.69171110879 -1.70766179983
-1.00000000000 0.00000000000 2.46875000000 -0.00625000000 0.69193916738 -1.70822481947
-1.00000000000 0.00000000000 2.46875000000 -0.00500000000 0.69217177611 -1.70879907226
-1.00000000000 0.00000000000 2.46875000000 -0.00375000000 0.69240894135 -1.70938457396
-1.00000000000 0.00000000000 2.46875000000 -0.00250000000 0.69265066960 -1.70998134058
-1.00000000000 0.00000000000 2.46875000000 -0.00125000000 0.69289696745 -1.71058938839
-1.00000000000 0.00000000000 2.46875000000 0.00000000000 0.69314784160 -1.71120873394
-1.00000000000 0.00000000000 2.46875000000 0.00125000000 0.69340329885 -1.71183939404
-1.00000000000 0.00000000000 2.46875000000 0.00250000000 0.69366334614 -1.71248138577
-1.00000000000 0.00000000000 2.46875000000 0.00375000000 0.69392799047 -1.71313472648
-1.00000000000 0.00000000000 2.46875000000 0.00500000000 0.69419723901 -1.71379943380
-1.00000000000 0.00000000000 2.46875000000 0.00625000000 0.69447109898 -1.71447552562
-1.00000000000 0.00000000000 2.46875000000 0.00750000000 0.69474957776 -1.71516302010
-1.00000000000 0.00000000000 2.46875000000 0.00875000000 0.69503268281 -1.71586193569
-1.00000000000 0.00000000000 2.48437500000 -0.01000000000 0.69128102783 -1.71740130351
-1.00000000000 0.00000000000 2.48437500000 -0.00875000000 0.69149848881 -1.71794155814
-1.00000000000 0.00000000000 2.48437500000 -0.00750000000 0.69172047752 -1.71849306134
-1.00000000000 0.00000000000 2.48437500000 -0.00625000000 0.69194700006 -1.71905582828
-1.00000000000 0.00000000000 2.48437500000 -0.00500000000 0.69217806266 -1.71962987442
-1.00000000000 0.00000000000 2.48437500000 -0.00375000000 0.69241367162 -1.72021521544
-1.00000000000 0.00000000000 2.48437500000 -0.00250000000 0.69265383339 -1.72081186734
-1.00000000000 0.00000000000 2.48437500000 -0.00125000000 0.69289855450 -1.72141984634
-1.00000000000 0.00000000000 2.48437500000 0.00000000000 0.69314784160 -1.72203916897
-1.00000000000 0.00000000000 2.48437500000 0.00125000000 0.69340170143 -1.72266985198
-1.00000000000 0.00000000000 2.48437500000 0.00250000000 0.69366014085 -1.72331191243
-1.00000000000 0.00000000000 2.48437500000 0.00375000000 0.69392316685 -1.72396536764
-1.00000000000 0.00000000000 2.48437500000 0.00500000000 0.69419078649 -1.72463023519
-1.00000000000 0.00000000000 2.48437500000 0.00625000000 0.69446300697 -1.72530653294
-1.00000000000 0.00000000000 2.48437500000 0.00750000000 0.69473983558 -1.72599427902
-1.00000000000 0.00000000000 2.48437500000 0.00875000000 0.69502127974 -1.72669349185
-1.00000000000 0.00000000000 2.50000000000 -0.01000000000 0.69129328391 -1.72823320978
-1.00000000000 0.00000000000 2.50000000000 -0.00875000000 0.69150924772 -1.72877311929
-1.00000000000 0.00000000000 2.50000000000 -0.00750000000 0.69172972940 -1.72932432350
-1.00000000000 0.00000000000 2.50000000000 -0.00625000000 0.69195473502 -1.72988683756
-1.00000000000 0.00000000000 2.50000000000 -0.00500000000 0.69218427074 -1.73046067686
-1.00000000000 0.00000000000 2.50000000000 -0.00375000000 0.69241834284 -1.73104585709
-1.00000000000 0.00000000000 2.50000000000 -0.00250000000 0.69265695767 -1.73164239417
-1.00000000000 0.00000000000 2.50000000000 -0.00125000000 0.69290012173 -1.73225030432
-1.00000000000 0.00000000000 2.50000000000 0.00000000000 0.69314784160 -1.73286960399
-1.00000000000 0.00000000000 2.50000000000 0.00125000000 0.69340012398 -1.73350030994
-1.00000000000 0.00000000000 2.50000000000 0.00250000000 0.69365697567 -1.73414243917
-1.00000000000 0.00000000000 2.50000000000 0.00375000000 0.69391840359 -1.73479600897
-1.00000000000 0.00000000000 2.50000000000 0.00500000000 0.69418441475 -1.73546103688
-1.00000000000 0.00000000000 2.50000000000 0.00625000000 0.69445501629 -1.73613754073
-1.00000000000 0.00000000000 2.50000000000 0.00750000000 0.69473021545 -1.73682553863
-1.00000000000 0.00000000000 2.50000000000 0.00875000000 0.69501001958 -1.73752504895
-1.00000000000 0.00000000000 2.51562500000 -0.01000000000 0.69130538820 -1.73906511719
-1.00000000000 0.00000000000 2.51562500000 -0.00875000000 0.69151987332 -1.73960468131
-1.00000000000 0.00000000000 2.51562500000 -0.00750000000 0.69173886661 -1.74015558630
-1.00000000000 0.00000000000 2.51562500000 -0.00625000000 0.69196237407 -1.74071784728
-1.00000000000 0.00000000000 2.51562500000 -0.00500000000 0.69219040183 -1.74129147960
-1.00000000000 0.00000000000 2.51562500000 -0.00375000000 0.69242295608 -1.74187649890
-1.00000000000 0.00000000000 2.51562500000 -0.00250000000 0.69266004316 -1.74247292108
-1.00000000000 0.00000000000 2.51562500000 -0.00125000000 0.69290166949 -1.74308076230
-1.00000000000 0.00000000000 2.51562500000 0.00000000000 0.69314784160 -1.74370003902
-1.00000000000 0.00000000000 2.51562500000 0.00125000000 0.69339856613 -1.74433076792
-1.00000000000 0.00000000000 2.51562500000 0.00250000000 0.69365384983 -1.74497296598
-1.00000000000 0.00000000000 2.51562500000 0.00375000000 0.69391369956 -1.74562665046
-1.00000000000 0.00000000000 2.51562500000 0.00500000000 0.69417812228 -1.74629183887
-1.00000000000 0.00000000000 2.51562500000 0.00625000000 0.69444712507 -1.74696854900
-1.00000000000 0.00000000000 2.51562500000 0.00750000000 0.69472071510 -1.74765679892
-1.00000000000 0.00000000000 2.51562500000 0.00875000000 0.69499889967 -1.74835660697
-1.00000000000 0.00000000000 2.53125000000 -0.01000000000 0.69131734349 -1.74989702570
-1.00000000000 0.00000000000 2.53125000000 -0.00875000000 0.69153036807 -1.75043624418
-1.00000000000 0.00000000000 2.53125000000 -0.00750000000 0.69174789125 -1.75098684974
-1.00000000000 0.00000000000 2.53125000000 -0.00625000000 0.69196991899 -1.75154885744
-1.00000000000 0.00000000000 2.53125000000 -0.00500000000 0.69219645733 -1.75212228261
-1.00000000000 0.00000000000 2.53125000000 -0.00375000000 0.69242751244 -1.75270714086
-1.00000000000 0.00000000000 2.53125000000 -0.00250000000 0.69266309059 -1.75330344805
-1.00000000000 0.00000000000 2.53125000000 -0.00125000000 0.69290319815 -1.75391122031
-1.00000000000 0.00000000000 2.53125000000 0.00000000000 0.69314784160 -1.75453047404
-1.00000000000 0.00000000000 2.53125000000 0.00125000000 0.69339702752 -1.75516122591
-1.00000000000 0.00000000000 2.53125000000 0.00250000000 0.69365076261 -1.75580349287
-1.00000000000 0.00000000000 2.53125000000 0.00375000000 0.69390905368 -1.75645729212
-1.00000000000 0.00000000000 2.53125000000 0.00500000000 0.69417190762 -1.75712264115
-1.00000000000 0.00000000000 2.53125000000 0.00625000000 0.69443933145 -1.75779955772
-1.00000000000 0.00000000000 2.53125000000 0.00750000000 0.69471133230 -1.75848805987
-1.00000000000 0.00000000000 2.53125000000 0.00875000000 0.69498791740 -1.75918816591
-1.00000000000 0.00000000000 2.54687500000 -0.01000000000 0.69132915251 -1.76072893531
-1.00000000000 0.00000000000 2.54687500000 -0.00875000000 0.69154073439 -1.76126780789
-1.00000000000 0.00000000000 2.54687500000 -0.00750000000 0.69175680541 -1.76181811379
-1.00000000000 0.00000000000 2.54687500000 -0.00625000000 0.69197737150 -1.76237986803
-1.00000000000 0.00000000000 2.54687500000 -0.00500000000 0.69220243864 -1.76295308591
-1.00000000000 0.00000000000 2.54687500000 -0.00375000000 0.69243201295 -1.76353778299
-1.00000000000 0.00000000000 2.54687500000 -0.00250000000 0.69266610065 -1.76413397510
-1.00000000000 0.00000000000 2.54687500000 -0.00125000000 0.69290470806 -1.76474167834
-1.00000000000 0.00000000000 2.54687500000 0.00000000000 0.69314784160 -1.76536090907
-1.00000000000 0.00000000000 2.54687500000 0.00125000000 0.69339550780 -1.76599168393
-1.00000000000 0.00000000000 2.54687500000 0.00250000000 0.69364771331 -1.76663401982
-1.00000000000 0.00000000000 2.54687500000 0.00375000000 0.69390446486 -1.76728793394
-1.00000000000 0.00000000000 2.54687500000 0.00500000000 0.69416576931 -1.76795344372
-1.00000000000 0.00000000000 2.54687500000 0.00625000000 0.69443163363 -1.76863056690
-1.00000000000 0.00000000000 2.54687500000 0.00750000000 0.69470206487 -1.76931932148
-1.00000000000 0.00000000000 2.54687500000 0.00875000000 0.69497707023 -1.77001972573
-1.00000000000 0.00000000000 2.56250000000 -0.01000000000 0.69134081795 -1.77156084599
-1.00000000000 0.00000000000 2.56250000000 -0.00875000000 0.69155097461 -1.77209937243
-1.00000000000 0.00000000000 2.56250000000 -0.00750000000 0.69176561110 -1.77264937845
-1.00000000000 0.00000000000 2.56250000000 -0.00625000000 0.69198473329 -1.77321087905
-1.00000000000 0.00000000000 2.56250000000 -0.00500000000 0.69220834711 -1.77378388948
-1.00000000000 0.00000000000 2.56250000000 -0.00375000000 0.69243645864 -1.77436842527
-1.00000000000 0.00000000000 2.56250000000 -0.00250000000 0.69266907403 -1.77496450221
-1.00000000000 0.00000000000 2.56250000000 -0.00125000000 0.69290619956 -1.77557213638
-1.00000000000 0.00000000000 2.56250000000 0.00000000000 0.69314784160 -1.77619134409
-1.00000000000 0.00000000000 2.56250000000 0.00125000000 0.69339400662 -1.77682214196
-1.00000000000 0.00000000000 2.56250000000 0.00250000000 0.69364470121 -1.77746454685
-1.00000000000 0.00000000000 2.56250000000 0.00375000000 0.69389993206 -1.77811857591
-1.00000000000 0.00000000000 2.56250000000 0.00500000000 0.69415970598 -1.77878424657
-1.00000000000 0.00000000000 2.56250000000 0.00625000000 0.69442402986 -1.77946157652
-1.00000000000 0.00000000000 2.56250000000 0.00750000000 0.69469291072 -1.78015058372
-1.00000000000 0.00000000000 2.56250000000 0.00875000000 0.69496635568 -1.78085128643
-1.00000000000 0.00000000000 2.57812500000 -0.01000000000 0.69135234239 -1.78239275772
-1.00000000000 0.00000000000 2.57812500000 -0.00875000000 0.69156109101 -1.78293093777
-1.00000000000 0.00000000000 2.57812500000 -0.00750000000 0.69177431029 -1.78348064371
-1.00000000000 0.00000000000 2.57812500000 -0.00625000000 0.69199200600 -1.78404189048
-1.00000000000 0.00000000000 2.57812500000 -0.00500000000 0.69221418407 -1.78461469331
-1.00000000000 0.00000000000 2.57812500000 -0.00375000000 0.69244085050 -1.78519906770
-1.00000000000 0.00000000000 2.57812500000 -0.00250000000 0.69267201140 -1.78579502940
-1.00000000000 0.00000000000 2.57812500000 -0.00125000000 0.69290767299 -1.78640259444
-1.00000000000 0.00000000000 2.57812500000 0.00000000000 0.69314784160 -1.78702177912
-1.00000000000 0.00000000000 2.57812500000 0.00125000000 0.69339252364 -1.78765260000
-1.00000000000 0.00000000000 2.57812500000 0.00250000000 0.69364172565 -1.78829507394
-1.00000000000 0.00000000000 2.57812500000 0.00375000000 0.69389545427 -1.78894921805
-1.00000000000 0.00000000000 2.57812500000 0.00500000000 0.69415371625 -1.78961504970
-1.00000000000 0.00000000000 2.57812500000 0.00625000000 0.69441651843 -1.79029258657
-1.00000000000 0.00000000000 2.57812500000 0.00750000000 0.69468386777 -1.79098184659
-1.00000000000 0.00000000000 2.57812500000 0.00875000000 0.69495577134 -1.79168284799
-1.00000000000 0.00000000000 2.59375000000 -0.01000000000 0.69136372838 -1.79322467048
-1.00000000000 0.00000000000 2.59375000000 -0.00875000000 0.69157108584 -1.79376250391
-1.00000000000 0.00000000000 2.59375000000 -0.00750000000 0.69178290489 -1.79431190955
-1.00000000000 0.00000000000 2.59375000000 -0.00625000000 0.69199919125 -1.79487290232
-1.00000000000 0.00000000000 2.59375000000 -0.00500000000 0.69221995081 -1.79544549741
-1.00000000000 0.00000000000 2.59375000000 -0.00375000000 0.69244518950 -1.79602971027
-1.00000000000 0.00000000000 2.59375000000 -0.00250000000 0.69267491341 -1.79662555664
-1.00000000000 0.00000000000 2.59375000000 -0.00125000000 0.69290912868 -1.79723305251
-1.00000000000 0.00000000000 2.59375000000 0.00000000000 0.69314784160 -1.79785221414
-1.00000000000 0.00000000000 2.59375000000 0.00125000000 0.69339105853 -1.79848305807
-1.00000000000 0.00000000000 2.59375000000 0.00250000000 0.69363878597 -1.79912560110
-1.00000000000 0.00000000000 2.59375000000 0.00375000000 0.69389103049 -1.79977986033
-1.00000000000 0.00000000000 2.59375000000 0.00500000000 0.69414779879 -1.80044585310
-1.00000000000 0.00000000000 2.59375000000 0.00625000000 0.69440909766 -1.80112359705
-1.00000000000 0.00000000000 2.59375000000 0.00750000000 0.69467493401 -1.80181311008
-1.00000000000 0.00000000000 2.59375000000 0.00875000000 0.69494531485 -1.80251441039
-1.00000000000 0.00000000000 2.60937500000 -0.01000000000 0.69137497840 -1.80405658426
-1.00000000000 0.00000000000 2.60937500000 -0.00875000000 0.69158096128 -1.80459407083
-1.00000000000 0.00000000000 2.60937500000 -0.00750000000 0.69179139678 -1.80514317597
-1.00000000000 0.00000000000 2.60937500000 -0.00625000000 0.69200629061 -1.80570391456
-1.00000000000 0.00000000000 2.60937500000 -0.00500000000 0.69222564858 -1.80627630176
-1.00000000000 0.00000000000 2.60937500000 -0.00375000000 0.69244947660 -1.80686035300
-1.00000000000 0.00000000000 2.60937500000 -0.00250000000 0.69267778068 -1.80745608396
-1.00000000000 0.00000000000 2.60937500000 -0.00125000000 0.69291056694 -1.80806351060
-1.00000000000 0.00000000000 2.60937500000 0.00000000000 0.69314784160 -1.80868264917
-1.00000000000 0.00000000000 2.60937500000 0.00125000000 0.69338961098 -1.80931351615
-1.00000000000 0.00000000000 2.60937500000 0.00250000000 0.69363588152 -1.80995612833
-1.00000000000 0.00000000000 2.60937500000 0.00375000000 0.69388665974 -1.81061050276
-1.00000000000 0.00000000000 2.60937500000 0.00500000000 0.69414195229 -1.81127665677
-1.00000000000 0.00000000000 2.60937500000 0.00625000000 0.69440176592 -1.81195460795
-1.00000000000 0.00000000000 2.60937500000 0.00750000000 0.69466610747 -1.81264437418
-1.00000000000 0.00000000000 2.60937500000 0.00875000000 0.69493498390 -1.81334597362
-1.00000000000 0.00000000000 2.62500000000 -0.01000000000 0.69138609487 -1.81488849903
-1.00000000000 0.00000000000 2.62500000000 -0.00875000000 0.69159071943 -1.81542563851
-1.00000000000 0.00000000000 2.62500000000 -0.00750000000 0.69179978779 -1.81597444295
-1.00000000000 0.00000000000 2.62500000000 -0.00625000000 0.69201330560 -1.81653492719
-1.00000000000 0.00000000000 2.62500000000 -0.00500000000 0.69223127862 -1.81710710637
-1.00000000000 0.00000000000 2.62500000000 -0.00375000000 0.69245371271 -1.81769099587
-1.00000000000 0.00000000000 2.62500000000 -0.00250000000 0.69268061384 -1.81828661134
-1.00000000000 0.00000000000 2.62500000000 -0.00125000000 0.69291198808 -1.81889396871
-1.00000000000 0.00000000000 2.62500000000 0.00000000000 0.69314784160 -1.81951308419
-1.00000000000 0.00000000000 2.62500000000 0.00125000000 0.69338818067 -1.82014397425
-1.00000000000 0.00000000000 2.62500000000 0.00250000000 0.69363301167 -1.82078665562
-1.00000000000 0.00000000000 2.62500000000 0.00375000000 0.69388234108 -1.82144114534
-1.00000000000 0.00000000000 2.62500000000 0.00500000000 0.69413617550 -1.82210746070
-1.00000000000 0.00000000000 2.62500000000 0.00625000000 0.69439452162 -1.82278561925
-1.00000000000 0.00000000000 2.62500000000 0.00750000000 0.69465738623 -1.82347563887
-1.00000000000 0.00000000000 2.62500000000 0.00875000000 0.69492477625 -1.82417753766
-1.00000000000 0.00000000000 2.64062500000 -0.01000000000 0.69139708015 -1.82572041478
-1.00000000000 0.00000000000 2.64062500000 -0.00875000000 0.69160036239 -1.82625720695
-1.00000000000 0.00000000000 2.64062500000 -0.00750000000 0.69180807971 -1.82680571049
-1.00000000000 0.00000000000 2.64062500000 -0.00625000000 0.69202023772 -1.82736594022
-1.00000000000 0.00000000000 2.64062500000 -0.00500000000 0.69223684212 -1.82793791123
-1.00000000000 0.00000000000 2.64062500000 -0.00375000000 0.69245789874 -1.82852163887
-1.00000000000 0.00000000000 2.64062500000 -0.00250000000 0.69268341350 -1.82911713878
-1.00000000000 0.00000000000 2.64062500000 -0.00125000000 0.69291339241 -1.82972442683
-1.00000000000 0.00000000000 2.64062500000 0.00000000000 0.69314784160 -1.83034351922
-1.00000000000 0.00000000000 2.64062500000 0.00125000000 0.69338676728 -1.83097443236
-1.00000000000 0.00000000000 2.64062500000 0.00250000000 0.69363017580 -1.83161718298
-1.00000000000 0.00000000000 2.64062500000 0.00375000000 0.69387807359 -1.83227178807
-1.00000000000 0.00000000000 2.64062500000 0.00500000000 0.69413046717 -1.83293826488
-1.00000000000 0.00000000000 2.64062500000 0.00625000000 0.69438736321 -1.83361663097
-1.00000000000 0.00000000000 2.64062500000 0.00750000000 0.69464876843 -1.83430690414
-1.00000000000 0.00000000000 2.64062500000 0.00875000000 0.69491468970 -1.83500910250
-1.00000000000 0.00000000000 2.65625000000 -0.01000000000 0.69140793656 -1.83655233149
-1.00000000000 0.00000000000 2.65625000000 -0.00875000000 0.69160989219 -1.83708877612
-1.00000000000 0.00000000000 2.65625000000 -0.00750000000 0.69181627428 -1.83763697857
-1.00000000000 0.00000000000 2.65625000000 -0.00625000000 0.69202708842 -1.83819695362
-1.00000000000 0.00000000000 2.65625000000 -0.00500000000 0.69224234027 -1.83876871633
-1.00000000000 0.00000000000 2.65625000000 -0.00375000000 0.69246203558 -1.83935228202
-1.00000000000 0.00000000000 2.65625000000 -0.00250000000 0.69268618025 -1.83994766628
-1.00000000000 0.00000000000 2.65625000000 -0.00125000000 0.69291478023 -1.84055488497
-1.00000000000 0.00000000000 2.65625000000 0.00000000000 0.69314784160 -1.84117395424
-1.00000000000 0.00000000000 2.65625000000 0.00125000000 0.69338537054 -1.84180489049
-1.00000000000 0.00000000000 2.65625000000 0.00250000000 0.69362737333 -1.84244771040
-1.00000000000 0.00000000000 2.65625000000 0.00375000000 0.69387385635 -1.84310243093
-1.00000000000 0.00000000000 2.65625000000 0.00500000000 0.69412482610 -1.84376906932
-1.00000000000 0.00000000000 2.65625000000 0.00625000000 0.69438028916 -1.84444764308
-1.00000000000 0.00000000000 2.65625000000 0.00750000000 0.69464025223 -1.84513816999
-1.00000000000 0.00000000000 2.65625000000 0.00875000000 0.69490472212 -1.84584066812
-1.00000000000 0.00000000000 2.67187500000 -0.01000000000 0.69141866635 -1.84738424915
-1.00000000000 0.00000000000 2.67187500000 -0.00875000000 0.69161931079 -1.84792034602
-1.00000000000 0.00000000000 2.67187500000 -0.00750000000 0.69182437322 -1.84846824719
-1.00000000000 0.00000000000 2.67187500000 -0.00625000000 0.69203385914 -1.84902796740
-1.00000000000 0.00000000000 2.67187500000 -0.00500000000 0.69224777419 -1.84959952167
-1.00000000000 0.00000000000 2.67187500000 -0.00375000000 0.69246612409 -1.85018292530
-1.00000000000 0.00000000000 2.67187500000 -0.00250000000 0.69268891465 -1.85077819384
-1.00000000000 0.00000000000 2.67187500000 -0.00125000000 0.69291615181 -1.85138534313
-1.00000000000 0.00000000000 2.67187500000 0.00000000000 0.69314784160 -1.85200438927
-1.00000000000 0.00000000000 2.67187500000 0.00125000000 0.69338399013 -1.85263534863
-1.00000000000 0.00000000000 2.67187500000 0.00250000000 0.69362460365 -1.85327823788
-1.00000000000 0.00000000000 2.67187500000 0.00375000000 0.69386968849 -1.85393307394
-1.00000000000 0.00000000000 2.67187500000 0.00500000000 0.69411925109 -1.85459987401
-1.00000000000 0.00000000000 2.67187500000 0.00625000000 0.69437329799 -1.85527865558
-1.00000000000 0.00000000000 2.67187500000 0.00750000000 0.69463183585 -1.85596943640
-1.00000000000 0.00000000000 2.67187500000 0.00875000000 0.69489487140 -1.85667223452
-1.00000000000 0.00000000000 2.68750000000 -0.01000000000 0.69142927171 -1.85821616773
-1.00000000000 0.00000000000 2.68750000000 -0.00875000000 0.69162862014 -1.85875191664
-1.00000000000 0.00000000000 2.68750000000 -0.00750000000 0.69183237817 -1.85929951633
-1.00000000000 0.00000000000 2.68750000000 -0.00625000000 0.69204055127 -1.85985898154
-1.00000000000 0.00000000000 2.68750000000 -0.00500000000 0.69225314502 -1.86043032725
-1.00000000000 0.00000000000 2.68750000000 -0.00375000000 0.69247016510 -1.86101356871
-1.00000000000 0.00000000000 2.68750000000 -0.00250000000 0.69269161729 -1.86160872146
-1.00000000000 0.00000000000 2.68750000000 -0.00125000000 0.69291750746 -1.86221580130
-1.00000000000 0.00000000000 2.68750000000 0.00000000000 0.69314784160 -1.86283482429
-1.00000000000 0.00000000000 2.68750000000 0.00125000000 0.69338262578 -1.86346580679
-1.00000000000 0.00000000000 2.68750000000 0.00250000000 0.69362186620 -1.86410876542
-1.00000000000 0.00000000000 2.68750000000 0.00375000000 0.69386556915 -1.86476371708
-1.00000000000 0.00000000000 2.68750000000 0.00500000000 0.69411374100 -1.86543067894
-1.00000000000 0.00000000000 2.68750000000 0.00625000000 0.69436638826 -1.86610966846
-1.00000000000 0.00000000000 2.68750000000 0.00750000000 0.69462351753 -1.86680070337
-1.00000000000 0.00000000000 2.68750000000 0.00875000000 0.69488513551 -1.86750380167
-1.00000000000 0.00000000000 2.70312500000 -0.01000000000 0.69143975481 -1.86904808723
-1.00000000000 0.00000000000 2.70312500000 -0.00875000000 0.69163782213 -1.86958348795
-1.00000000000 0.00000000000 2.70312500000 -0.00750000000 0.69184029077 -1.87013078600
-1.00000000000 0.00000000000 2.70312500000 -0.00625000000 0.69204716617 -1.87068999605
-1.00000000000 0.00000000000 2.70312500000 -0.00500000000 0.69225845385 -1.87126113306
-1.00000000000 0.00000000000 2.70312500000 -0.00375000000 0.69247415945 -1.87184421226
-1.00000000000 0.00000000000 2.70312500000 -0.00250000000 0.69269428870 -1.87243924914
-1.00000000000 0.00000000000 2.70312500000 -0.00125000000 0.69291884744 -1.87304625948
-1.00000000000 0.00000000000 2.70312500000 0.00000000000 0.69314784160 -1.87366525932
-1.00000000000 0.00000000000 2.70312500000 0.00125000000 0.69338127721 -1.87429626497
-1.00000000000 0.00000000000 2.70312500000 0.00250000000 0.69361916042 -1.87493929302
-1.00000000000 0.00000000000 2.70312500000 0.00375000000 0.69386149747 -1.87559436036
-1.00000000000 0.00000000000 2.70312500000 0.00500000000 0.69410829470 -1.87626148411
-1.00000000000 0.00000000000 2.70312500000 0.00625000000 0.69435955856 -1.87694068172
-1.00000000000 0.00000000000 2.70312500000 0.00750000000 0.69461529558 -1.87763197088
-1.00000000000 0.00000000000 2.70312500000 0.00875000000 0.69487551244 -1.87833536957
-1.00000000000 0.00000000000 2.71875000000 -0.01000000000 0.69145011775 -1.87988000762
-1.00000000000 0.00000000000 2.71875000000 -0.00875000000 0.69164691860 -1.88041505996
-1.00000000000 0.00000000000 2.71875000000 -0.00750000000 0.69184811261 -1.88096205617
-1.00000000000 0.00000000000 2.71875000000 -0.00625000000 0.69205370516 -1.88152101090
-1.00000000000 0.00000000000 2.71875000000 -0.00500000000 0.69226370174 -1.88209193910
-1.00000000000 0.00000000000 2.71875000000 -0.00375000000 0.69247810793 -1.88267485593
-1.00000000000 0.00000000000 2.71875000000 -0.00250000000 0.69269692943 -1.88326977688
-1.00000000000 0.00000000000 2.71875000000 -0.00125000000 0.69292017202 -1.88387671768
-1.00000000000 0.00000000000 2.71875000000 0.00000000000 0.69314784160 -1.88449569434
-1.00000000000 0.00000000000 2.71875000000 0.00125000000 0.69337994415 -1.88512672315
-1.00000000000 0.00000000000 2.71875000000 0.00250000000 0.69361648577 -1.88576982068
-1.00000000000 0.00000000000 2.71875000000 0.00375000000 0.69385747265 -1.88642500377
-1.00000000000 0.00000000000 2.71875000000 0.00500000000 0.69410291109 -1.88709228952
-1.00000000000 0.00000000000 2.71875000000 0.00625000000 0.69435280748 -1.88777169535
-1.00000000000 0.00000000000 2.71875000000 0.00750000000 0.69460716834 -1.88846323892
-1.00000000000 0.00000000000 2.71875000000 0.00875000000 0.69486600026 -1.88916693820
-1.00000000000 0.00000000000 2.73437500000 -0.01000000000 0.69146036257 -1.89071192890
-1.00000000000 0.00000000000 2.73437500000 -0.00875000000 0.69165591136 -1.89124663264
-1.00000000000 0.00000000000 2.73437500000 -0.00750000000 0.69185584524 -1.89179332684
-1.00000000000 0.00000000000 2.73437500000 -0.00625000000 0.69206016955 -1.89235202611
-1.00000000000 0.00000000000 2.73437500000 -0.00500000000 0.69226888973 -1.89292274536
-1.00000000000 0.00000000000 2.73437500000 -0.00375000000 0.69248201133 -1.89350549973
-1.00000000000 0.00000000000 2.73437500000 -0.00250000000 0.69269954000 -1.89410030467
-1.00000000000 0.00000000000 2.73437500000 -0.00125000000 0.69292148147 -1.89470717589
-1.00000000000 0.00000000000 2.73437500000 0.00000000000 0.69314784160 -1.89532612937
-1.00000000000 0.00000000000 2.73437500000 0.00125000000 0.69337862632 -1.89595718136
-1.00000000000 0.00000000000 2.73437500000 0.00250000000 0.69361384170 -1.89660034840
-1.00000000000 0.00000000000 2.73437500000 0.00375000000 0.69385349387 -1.89725564730
-1.00000000000 0.00000000000 2.73437500000 0.00500000000 0.69409758909 -1.89792309516
-1.00000000000 0.00000000000 2.73437500000 0.00625000000 0.69434613370 -1.89860270934
-1.00000000000 0.00000000000 2.73437500000 0.00750000000 0.69459913417 -1.89929450749
-1.00000000000 0.00000000000 2.73437500000 0.00875000000 0.69485659705 -1.89999850755
-1.00000000000 0.00000000000 2.75000000000 -0.01000000000 0.69147049129 -1.90154385104
-1.00000000000 0.00000000000 2.75000000000 -0.00875000000 0.69166480218 -1.90207820598
-1.00000000000 0.00000000000 2.75000000000 -0.00750000000 0.69186349018 -1.90262459800
-1.00000000000 0.00000000000 2.75000000000 -0.00625000000 0.69206656060 -1.90318304166
-1.00000000000 0.00000000000 2.75000000000 -0.00500000000 0.69227401885 -1.90375355184
-1.00000000000 0.00000000000 2.75000000000 -0.00375000000 0.69248587042 -1.90433614366
-1.00000000000 0.00000000000 2.75000000000 -0.00250000000 0.69270212092 -1.90493083252
-1.00000000000 0.00000000000 2.75000000000 -0.00125000000 0.69292277604 -1.90553763412
-1.00000000000 0.00000000000 2.75000000000 0.00000000000 0.69314784160 -1.90615656439
-1.00000000000 0.00000000000 2.75000000000 0.00125000000 0.69337732348 -1.90678763957
-1.00000000000 0.00000000000 2.75000000000 0.00250000000 0.69361122770 -1.90743087617
-1.00000000000 0.00000000000 2.75000000000 0.00375000000 0.69384956035 -1.90808629097
-1.00000000000 0.00000000000 2.75000000000 0.00500000000 0.69409232765 -1.90875390103
-1.00000000000 0.00000000000 2.75000000000 0.00625000000 0.69433953589 -1.90943372369
-1.00000000000 0.00000000000 2.75000000000 0.00750000000 0.69459119148 -1.91012577658
-1.00000000000 0.00000000000 2.75000000000 0.00875000000 0.69484730095 -1.91083007760
-1.00000000000 0.00000000000 2.76562500000 -0.01000000000 0.69148050586 -1.91237577403
-1.00000000000 0.00000000000 2.76562500000 -0.00875000000 0.69167359276 -1.91290977999
-1.00000000000 0.00000000000 2.76562500000 -0.00750000000 0.69187104891 -1.91345586964
-1.00000000000 0.00000000000 2.76562500000 -0.00625000000 0.69207287957 -1.91401405755
-1.00000000000 0.00000000000 2.76562500000 -0.00500000000 0.69227909009 -1.91458435854
-1.00000000000 0.00000000000 2.76562500000 -0.00375000000 0.69248968595 -1.91516678770
-1.00000000000 0.00000000000 2.76562500000 -0.00250000000 0.69270467270 -1.91576136043
-1.00000000000 0.00000000000 2.76562500000 -0.00125000000 0.69292405599 -1.91636809236
-1.00000000000 0.00000000000 2.76562500000 0.00000000000 0.69314784160 -1.91698699942
-1.00000000000 0.00000000000 2.76562500000 0.00125000000 0.69337603536 -1.91761809780
-1.00000000000 0.00000000000 2.76562500000 0.00250000000 0.69360864325 -1.91826140400
-1.00000000000 0.00000000000 2.76562500000 0.00375000000 0.69384567133 -1.91891693476
-1.00000000000 0.00000000000 2.76562500000 0.00500000000 0.69408712574 -1.91958470712
-1.00000000000 0.00000000000 2.76562500000 0.00625000000 0.69433301275 -1.92026473839
-1.00000000000 0.00000000000 2.76562500000 0.00750000000 0.69458333873 -1.92095704618
-1.00000000000 0.00000000000 2.76562500000 0.00875000000 0.69483811014 -1.92166164835
-1.00000000000 0.00000000000 2.78125000000 -0.01000000000 0.69149040822 -1.92320769785
-1.00000000000 0.00000000000 2.78125000000 -0.00875000000 0.69168228481 -1.92374135463
-1.00000000000 0.00000000000 2.78125000000 -0.00750000000 0.69187852288 -1.92428714176
-1.00000000000 0.00000000000 2.78125000000 -0.00625000000 0.69207912765 -1.92484507377
-1.00000000000 0.00000000000 2.78125000000 -0.00500000000 0.69228410443 -1.92541516545
-1.00000000000 0.00000000000 2.78125000000 -0.00375000000 0.69249345865 -1.92599743187
-1.00000000000 0.00000000000 2.78125000000 -0.00250000000 0.69270719582 -1.92659188839
-1.00000000000 0.00000000000 2.78125000000 -0.00125000000 0.69292532157 -1.92719855061
-1.00000000000 0.00000000000 2.78125000000 0.00000000000 0.69314784160 -1.92781743444
-1.00000000000 0.00000000000 2.78125000000 0.00125000000 0.69337476173 -1.92844855605
-1.00000000000 0.00000000000 2.78125000000 0.00250000000 0.69360608787 -1.92909193188
-1.00000000000 0.00000000000 2.78125000000 0.00375000000 0.69384182604 -1.92974757867
-1.00000000000 0.00000000000 2.78125000000 0.00500000000 0.69408198236 -1.93041551343
-1.00000000000 0.00000000000 2.78125000000 0.00625000000 0.69432656303 -1.93109575344
-1.00000000000 0.00000000000 2.78125000000 0.00750000000 0.69457557439 -1.93178831627
-1.00000000000 0.00000000000 2.78125000000 0.00875000000 0.69482902284 -1.93249321979
-1.00000000000 0.00000000000 2.79687500000 -0.01000000000 0.69150020022 -1.93403962250
-1.00000000000 0.00000000000 2.79687500000 -0.00875000000 0.69169087997 -1.93457292991
-1.00000000000 0.00000000000 2.79687500000 -0.00750000000 0.69188591351 -1.93511841435
-1.00000000000 0.00000000000 2.79687500000 -0.00625000000 0.69208530603 -1.93567609031
-1.00000000000 0.00000000000 2.79687500000 -0.00500000000 0.69228906282 -1.93624597257
-1.00000000000 0.00000000000 2.79687500000 -0.00375000000 0.69249718924 -1.93682807616
-1.00000000000 0.00000000000 2.79687500000 -0.00250000000 0.69270969078 -1.93742241640
-1.00000000000 0.00000000000 2.79687500000 -0.00125000000 0.69292657301 -1.93802900888
-1.00000000000 0.00000000000 2.79687500000 0.00000000000 0.69314784160 -1.93864786947
-1.00000000000 0.00000000000 2.79687500000 0.00125000000 0.69337350232 -1.93927901431
-1.00000000000 0.00000000000 2.79687500000 0.00250000000 0.69360356105 -1.93992245982
-1.00000000000 0.00000000000 2.79687500000 0.00375000000 0.69383802376 -1.94057822271
-1.00000000000 0.00000000000 2.79687500000 0.00500000000 0.69407689652 -1.94124631996
-1.00000000000 0.00000000000 2.79687500000 0.00625000000 0.69432018550 -1.94192676883
-1.00000000000 0.00000000000 2.79687500000 0.00750000000 0.69456789698 -1.94261958686
-1.00000000000 0.00000000000 2.79687500000 0.00875000000 0.69482003732 -1.94332479189
-1.00000000000 0.00000000000 2.81250000000 -0.01000000000 0.69150988372 -1.94487154796
-1.00000000000 0.00000000000 2.81250000000 -0.00875000000 0.69169937984 -1.94540450581
-1.00000000000 0.00000000000 2.81250000000 -0.00750000000 0.69189322218 -1.94594968739
-1.00000000000 0.00000000000 2.81250000000 -0.00625000000 0.69209141588 -1.94650710717
-1.00000000000 0.00000000000 2.81250000000 -0.00500000000 0.69229396618 -1.94707677989
-1.00000000000 0.00000000000 2.81250000000 -0.00375000000 0.69250087842 -1.94765872056
-1.00000000000 0.00000000000 2.81250000000 -0.00250000000 0.69271215803 -1.94825294446
-1.00000000000 0.00000000000 2.81250000000 -0.00125000000 0.69292781054 -1.94885946716
-1.00000000000 0.00000000000 2.81250000000 0.00000000000 0.69314784160 -1.94947830449
-1.00000000000 0.00000000000 2.81250000000 0.00125000000 0.69337225692 -1.95010947258
-1.00000000000 0.00000000000 2.81250000000 0.00250000000 0.69360106233 -1.95075298781
-1.00000000000 0.00000000000 2.81250000000 0.00375000000 0.69383426377 -1.95140886687
-1.00000000000 0.00000000000 2.81250000000 0.00500000000 0.69407186727 -1.95207712670
-1.00000000000 0.00000000000 2.81250000000 0.00625000000 0.69431387895 -1.95275778455
-1.00000000000 0.00000000000 2.81250000000 0.00750000000 0.69456030504 -1.95345085793
-1.00000000000 0.00000000000 2.81250000000 0.00875000000 0.69481115188 -1.95415636465
-1.00000000000 0.00000000000 2.82812500000 -0.01000000000 0.69151946050 -1.95570347422
-1.00000000000 0.00000000000 2.82812500000 -0.00875000000 0.69170778601 -1.95623608232
-1.00000000000 0.00000000000 2.82812500000 -0.00750000000 0.69190045026 -1.95678096089
-1.00000000000 0.00000000000 2.82812500000 -0.00625000000 0.69209745833 -1.95733812435
-1.00000000000 0.00000000000 2.82812500000 -0.00500000000 0.69229881544 -1.95790758742
-1.00000000000 0.00000000000 2.82812500000 -0.00375000000 0.69250452688 -1.95848936508
-1.00000000000 0.00000000000 2.82812500000 -0.00250000000 0.69271459804 -1.95908347257
-1.00000000000 0.00000000000 2.82812500000 -0.00125000000 0.69292903441 -1.95968992545
-1.00000000000 0.00000000000 2.82812500000 0.00000000000 0.69314784160 -1.96030873952
-1.00000000000 0.00000000000 2.82812500000 0.00125000000 0.69337102528 -1.96093993086
-1.00000000000 0.00000000000 2.82812500000 0.00250000000 0.69359859124 -1.96158351585
-1.00000000000 0.00000000000 2.82812500000 0.00375000000 0.69383054537 -1.96223951114
-1.00000000000 0.00000000000 2.82812500000 0.00500000000 0.69406689367 -1.96290793365
-1.00000000000 0.00000000000 2.82812500000 0.00625000000 0.69430764220 -1.96358880060
-1.00000000000 0.00000000000 2.82812500000 0.00750000000 0.69455279716 -1.96428212948
-1.00000000000 0.00000000000 2.82812500000 0.00875000000 0.69480236484 -1.96498793807
-1.00000000000 0.00000000000 2.84375000000 -0.01000000000 0.69152893231 -1.96653540126
-1.00000000000 0.00000000000 2.84375000000 -0.00875000000 0.69171610002 -1.96706765944
-1.00000000000 0.00000000000 2.84375000000 -0.00750000000 0.69190759906 -1.96761223483
-1.00000000000 0.00000000000 2.84375000000 -0.00625000000 0.69210343449 -1.96816914184
-1.00000000000 0.00000000000 2.84375000000 -0.00500000000 0.69230361148 -1.96873839515
-1.00000000000 0.00000000000 2.84375000000 -0.00375000000 0.69250813528 -1.96932000970
-1.00000000000 0.00000000000 2.84375000000 -0.00250000000 0.69271701125 -1.96991400074
-1.00000000000 0.00000000000 2.84375000000 -0.00125000000 0.69293024484 -1.97052038376
-1.00000000000 0.00000000000 2.84375000000 0.00000000000 0.69314784160 -1.97113917454
-1.00000000000 0.00000000000 2.84375000000 0.00125000000 0.69336980718 -1.97177038916
-1.00000000000 0.00000000000 2.84375000000 0.00250000000 0.69359614732 -1.97241404394
-1.00000000000 0.00000000000 2.84375000000 0.00375000000 0.69382686788 -1.97307015552
-1.00000000000 0.00000000000 2.84375000000 0.00500000000 0.69406197479 -1.97373874080
-1.00000000000 0.00000000000 2.84375000000 0.00625000000 0.69430147410 -1.97441981697
-1.00000000000 0.00000000000 2.84375000000 0.00750000000 0.69454537195 -1.97511340149
-1.00000000000 0.00000000000 2.84375000000 0.00875000000 0.69479367459 -1.97581951212
-1.00000000000 0.00000000000 2.85937500000 -0.01000000000 0.69153830088 -1.97736732907
-1.00000000000 0.00000000000 2.85937500000 -0.00875000000 0.69172432337 -1.97789923714
-1.00000000000 0.00000000000 2.85937500000 -0.00750000000 0.69191466989 -1.97844350921
-1.00000000000 0.00000000000 2.85937500000 -0.00625000000 0.69210934545 -1.97900015963
-1.00000000000 0.00000000000 2.85937500000 -0.00500000000 0.69230835517 -1.97956920307
-1.00000000000 0.00000000000 2.85937500000 -0.00375000000 0.69251170429 -1.98015065444
-1.00000000000 0.00000000000 2.85937500000 -0.00250000000 0.69271939810 -1.98074452895
-1.00000000000 0.00000000000 2.85937500000 -0.00125000000 0.69293144204 -1.98135084207
-1.00000000000 0.00000000000 2.85937500000 0.00000000000 0.69314784160 -1.98196960957
-1.00000000000 0.00000000000 2.85937500000 0.00125000000 0.69336860239 -1.98260084746
-1.00000000000 0.00000000000 2.85937500000 0.00250000000 0.69359373013 -1.98324457209
-1.00000000000 0.00000000000 2.85937500000 0.00375000000 0.69382323061 -1.98390080003
-1.00000000000 0.00000000000 2.85937500000 0.00500000000 0.69405710974 -1.98456954816
-1.00000000000 0.00000000000 2.85937500000 0.00625000000 0.69429537352 -1.98525083366
-1.00000000000 0.00000000000 2.85937500000 0.00750000000 0.69453802805 -1.98594467396
-1.00000000000 0.00000000000 2.85937500000 0.00875000000 0.69478507953 -1.98665108680
-1.00000000000 0.00000000000 2.87500000000 -0.01000000000 0.69154756787 -1.98819925763
-1.00000000000 0.00000000000 2.87500000000 -0.00875000000 0.69173245754 -1.98873081543
-1.00000000000 0.00000000000 2.87500000000 -0.00750000000 0.69192166400 -1.98927478401
-1.00000000000 0.00000000000 2.87500000000 -0.00625000000 0.69211519225 -1.98983117773
-1.00000000000 0.00000000000 2.87500000000 -0.00500000000 0.69231304737 -1.99040001119
-1.00000000000 0.00000000000 2.87500000000 -0.00375000000 0.69251523454 -1.99098129929
-1.00000000000 0.00000000000 2.87500000000 -0.00250000000 0.69272175903 -1.99157505721
-1.00000000000 0.00000000000 2.87500000000 -0.00125000000 0.69293262623 -1.99218130040
-1.00000000000 0.00000000000 2.87500000000 0.00000000000 0.69314784160 -1.99280004459
-1.00000000000 0.00000000000 2.87500000000 0.00125000000 0.69336741071 -1.99343130579
-1.00000000000 0.00000000000 2.87500000000 0.00250000000 0.69359133923 -1.99407510028
-1.00000000000 0.00000000000 2.87500000000 0.00375000000 0.69381963292 -1.99473144464
-1.00000000000 0.00000000000 2.87500000000 0.00500000000 0.69405229764 -1.99540035572
-1.00000000000 0.00000000000 2.87500000000 0.00625000000 0.69428933936 -1.99608185066
-1.00000000000 0.00000000000 2.87500000000 0.00750000000 0.69453076413 -1.99677594688
-1.00000000000 0.00000000000 2.87500000000 0.00875000000 0.69477657812 -1.99748266209
-1.00000000000 0.00000000000 2.89062500000 -0.01000000000 0.69155673494 -1.99903118694
-1.00000000000 0.00000000000 2.89062500000 -0.00875000000 0.69174050397 -1.99956239429
-1.00000000000 0.00000000000 2.89062500000 -0.00750000000 0.69192858266 -2.00010605924
-1.00000000000 0.00000000000 2.89062500000 -0.00625000000 0.69212097595 -2.00066219611
-1.00000000000 0.00000000000 2.89062500000 -0.00500000000 0.69231768890 -2.00123081949
-1.00000000000 0.00000000000 2.89062500000 -0.00375000000 0.69251872666 -2.00181194424
-1.00000000000 0.00000000000 2.89062500000 -0.00250000000 0.69272409445 -2.00240558552
-1.00000000000 0.00000000000 2.89062500000 -0.00125000000 0.69293379762 -2.00301175874
-1.00000000000 0.00000000000 2.89062500000 0.00000000000 0.69314784160 -2.00363047962
-1.00000000000 0.00000000000 2.89062500000 0.00125000000 0.69336623191 -2.00426176412
-1.00000000000 0.00000000000 2.89062500000 0.00250000000 0.69358897419 -2.00490562852
-1.00000000000 0.00000000000 2.89062500000 0.00375000000 0.69381607416 -2.00556208936
-1.00000000000 0.00000000000 2.89062500000 0.00500000000 0.69404753763 -2.00623116347
-1.00000000000 0.00000000000 2.89062500000 0.00625000000 0.69428337054 -2.00691286797
-1.00000000000 0.00000000000 2.89062500000 0.00750000000 0.69452357890 -2.00760722025
-1.00000000000 0.00000000000 2.89062500000 0.00875000000 0.69476816882 -2.00831423800
-1.00000000000 0.00000000000 2.90625000000 -0.01000000000 0.69156580369 -2.00986311699
-1.00000000000 0.00000000000 2.90625000000 -0.00875000000 0.69174846407 -2.01039397372
-1.00000000000 0.00000000000 2.90625000000 -0.00750000000 0.69193542706 -2.01093733489
-1.00000000000 0.00000000000 2.90625000000 -0.00625000000 0.69212669756 -2.01149321479
-1.00000000000 0.00000000000 2.90625000000 -0.00500000000 0.69232228060 -2.01206162798
-1.00000000000 0.00000000000 2.90625000000 -0.00375000000 0.69252218127 -2.01264258930
-1.00000000000 0.00000000000 2.90625000000 -0.00250000000 0.69272640478 -2.01323611388
-1.00000000000 0.00000000000 2.90625000000 -0.00125000000 0.69293495642 -2.01384221710
-1.00000000000 0.00000000000 2.90625000000 0.00000000000 0.69314784160 -2.01446091464
-1.00000000000 0.00000000000 2.90625000000 0.00125000000 0.69336506579 -2.01509222246
-1.00000000000 0.00000000000 2.90625000000 0.00250000000 0.69358663460 -2.01573615681
-1.00000000000 0.00000000000 2.90625000000 0.00375000000 0.69381255370 -2.01639273419
-1.00000000000 0.00000000000 2.90625000000 0.00500000000 0.69404282888 -2.01706197142
-1.00000000000 0.00000000000 2.90625000000 0.00625000000 0.69427746601 -2.01774388558
-1.00000000000 0.00000000000 2.90625000000 0.00750000000 0.69451647107 -2.01843849406
-1.00000000000 0.00000000000 2.90625000000 0.00875000000 0.69475985015 -2.01914581450
-1.00000000000 0.00000000000 2.92187500000 -0.01000000000 0.69157477570 -2.02069504775
-1.00000000000 0.00000000000 2.92187500000 -0.00875000000 0.69175633923 -2.02122555370
-1.00000000000 0.00000000000 2.92187500000 -0.00750000000 0.69194219840 -2.02176861094
-1.00000000000 0.00000000000 2.92187500000 -0.00625000000 0.69213235808 -2.02232423375
-1.00000000000 0.00000000000 2.92187500000 -0.00500000000 0.69232682324 -2.02289243666
-1.00000000000 0.00000000000 2.92187500000 -0.00375000000 0.69252559896 -2.02347323447
-1.00000000000 0.00000000000 2.92187500000 -0.00250000000 0.69272869041 -2.02406664228
-1.00000000000 0.00000000000 2.92187500000 -0.00125000000 0.69293610283 -2.02467267546
-1.00000000000 0.00000000000 2.92187500000 0.00000000000 0.69314784160 -2.02529134967
-1.00000000000 0.00000000000 2.92187500000 0.00125000000 0.69336391215 -2.02592268082
-1.00000000000 0.00000000000 2.92187500000 0.00250000000 0.69358432005 -2.02656668514
-1.00000000000 0.00000000000 2.92187500000 0.00375000000 0.69380907093 -2.02722337913
-1.00000000000 0.00000000000 2.92187500000 0.00500000000 0.69403817054 -2.02789277955
-1.00000000000 0.00000000000 2.92187500000 0.00625000000 0.69427162472 -2.02857490349
-1.00000000000 0.00000000000 2.92187500000 0.00750000000 0.69450943941 -2.02926976829
-1.00000000000 0.00000000000 2.92187500000 0.00875000000 0.69475162065 -2.02997739159
-1.00000000000 0.00000000000 2.93750000000 -0.01000000000 0.69158365250 -2.03152697923
-1.00000000000 0.00000000000 2.93750000000 -0.00875000000 0.69176413080 -2.03205713422
-1.00000000000 0.00000000000 2.93750000000 -0.00750000000 0.69194889784 -2.03259988740
-1.00000000000 0.00000000000 2.93750000000 -0.00625000000 0.69213795847 -2.03315525300
-1.00000000000 0.00000000000 2.93750000000 -0.00500000000 0.69233131762 -2.03372324551
-1.00000000000 0.00000000000 2.93750000000 -0.00375000000 0.69252898033 -2.03430387973
-1.00000000000 0.00000000000 2.93750000000 -0.00250000000 0.69273095174 -2.03489717073
-1.00000000000 0.00000000000 2.93750000000 -0.00125000000 0.69293723705 -2.03550313384
-1.00000000000 0.00000000000 2.93750000000 0.00000000000 0.69314784160 -2.03612178469
-1.00000000000 0.00000000000 2.93750000000 0.00125000000 0.69336277079 -2.03675313919
-1.00000000000 0.00000000000 2.93750000000 0.00250000000 0.69358203014 -2.03739721352
-1.00000000000 0.00000000000 2.93750000000 0.00375000000 0.69380562525 -2.03805402417
-1.00000000000 0.00000000000 2.93750000000 0.00500000000 0.69403356183 -2.03872358788
-1.00000000000 0.00000000000 2.93750000000 0.00625000000 0.69426584568 -2.03940592169
-1.00000000000 0.00000000000 2.93750000000 0.00750000000 0.69450248271 -2.04010104295
-1.00000000000 0.00000000000 2.93750000000 0.00875000000 0.69474347890 -2.04080896926
-1.00000000000 0.00000000000 2.95312500000 -0.01000000000 0.69159243561 -2.04235891140
-1.00000000000 0.00000000000 2.95312500000 -0.00875000000 0.69177184010 -2.04288871528
-1.00000000000 0.00000000000 2.95312500000 -0.00750000000 0.69195552652 -2.04343116425
-1.00000000000 0.00000000000 2.95312500000 -0.00625000000 0.69214349969 -2.04398627251
-1.00000000000 0.00000000000 2.95312500000 -0.00500000000 0.69233576450 -2.04455405454
-1.00000000000 0.00000000000 2.95312500000 -0.00375000000 0.69253232596 -2.04513452510
-1.00000000000 0.00000000000 2.95312500000 -0.00250000000 0.69273318915 -2.04572769922
-1.00000000000 0.00000000000 2.95312500000 -0.00125000000 0.69293835927 -2.04633359223
-1.00000000000 0.00000000000 2.95312500000 0.00000000000 0.69314784160 -2.04695221971
-1.00000000000 0.00000000000 2.95312500000 0.00125000000 0.69336164150 -2.04758359757
-1.00000000000 0.00000000000 2.95312500000 0.00250000000 0.69357976447 -2.04822774195
-1.00000000000 0.00000000000 2.95312500000 0.00375000000 0.69380221606 -2.04888466931
-1.00000000000 0.00000000000 2.95312500000 0.00500000000 0.69402900195 -2.04955439638
-1.00000000000 0.00000000000 2.95312500000 0.00625000000 0.69426012789 -2.05023694018
-1.00000000000 0.00000000000 2.95312500000 0.00750000000 0.69449559975 -2.05093231803
-1.00000000000 0.00000000000 2.95312500000 0.00875000000 0.69473542349 -2.05164054750
-1.00000000000 0.00000000000 2.96875000000 -0.01000000000 0.69160112649 -2.05319084427
-1.00000000000 0.00000000000 2.96875000000 -0.00875000000 0.69177946842 -2.05372029688
-1.00000000000 0.00000000000 2.96875000000 -0.00750000000 0.69196208556 -2.05426244150
-1.00000000000 0.00000000000 2.96875000000 -0.00625000000 0.69214898267 -2.05481729231
-1.00000000000 0.00000000000 2.96875000000 -0.00500000000 0.69234016463 -2.05538486375
-1.00000000000 0.00000000000 2.96875000000 -0.00375000000 0.69253563640 -2.05596517056
-1.00000000000 0.00000000000 2.96875000000 -0.00250000000 0.69273540303 -2.05655822776
-1.00000000000 0.00000000000 2.96875000000 -0.00125000000 0.69293946968 -2.05716405063
-1.00000000000 0.00000000000 2.96875000000 0.00000000000 0.69314784160 -2.05778265474
-1.00000000000 0.00000000000 2.96875000000 0.00125000000 0.69336052411 -2.05841405596
-1.00000000000 0.00000000000 2.96875000000 0.00250000000 0.69357752267 -2.05905827042
-1.00000000000 0.00000000000 2.96875000000 0.00375000000 0.69379884280 -2.05971531455
-1.00000000000 0.00000000000 2.96875000000 0.00500000000 0.69402449013 -2.06038520507
-1.00000000000 0.00000000000 2.96875000000 0.00625000000 0.69425447039 -2.06106795896
-1.00000000000 0.00000000000 2.96875000000 0.00750000000 0.69448878939 -2.06176359351
-1.00000000000 0.00000000000 2.96875000000 0.00875000000 0.69472745307 -2.06247212630
-1.00000000000 0.00000000000 2.98437500000 -0.01000000000 0.69160972659 -2.06402277780
-1.00000000000 0.00000000000 2.98437500000 -0.00875000000 0.69178701704 -2.06455187899
-1.00000000000 0.00000000000 2.98437500000 -0.00750000000 0.69196857604 -2.06509371913
-1.00000000000 0.00000000000 2.98437500000 -0.00625000000 0.69215440833 -2.06564831237
-1.00000000000 0.00000000000 2.98437500000 -0.00500000000 0.69234451875 -2.06621567313
-1.00000000000 0.00000000000 2.98437500000 -0.00375000000 0.69253891221 -2.06679581613
-1.00000000000 0.00000000000 2.98437500000 -0.00250000000 0.69273759375 -2.06738875634
-1.00000000000 0.00000000000 2.98437500000 -0.00125000000 0.69294056847 -2.06799450904
-1.00000000000 0.00000000000 2.98437500000 0.00000000000 0.69314784160 -2.06861308976
-1.00000000000 0.00000000000 2.98437500000 0.00125000000 0.69335941842 -2.06924451436
-1.00000000000 0.00000000000 2.98437500000 0.00250000000 0.69357530436 -2.06988879894
-1.00000000000 0.00000000000 2.98437500000 0.00375000000 0.69379550489 -2.07054595990
-1.00000000000 0.00000000000 2.98437500000 0.00500000000 0.69402002561 -2.07121601393
-1.00000000000 0.00000000000 2.98437500000 0.00625000000 0.69424887221 -2.07189897801
-1.00000000000 0.00000000000 2.98437500000 0.00750000000 0.69448205048 -2.07259486940
-1.00000000000 0.00000000000 2.98437500000 0.00875000000 0.69471956629 -2.07330370565
