-1.00000000000 0.00000000000 2.00000000000 -0.01000000000 0.69084810278 -1.38169620555
-1.00000000000 0.00000000000 2.00000000000 -0.00875000000 0.69112349799 -1.38224699598
-1.00000000000 0.00000000000 2.00000000000 -0.00750000000 0.69140381277 -1.38280762553
-1.00000000000 0.00000000000 2.00000000000 -0.00625000000 0.69168905542 -1.38337811083
-1.00000000000 0.00000000000 2.00000000000 -0.00500000000 0.69197923439 -1.38395846878
-1.00000000000 0.00000000000 2.00000000000 -0.00375000000 0.69227435826 -1.38454871651
-1.00000000000 0.00000000000 2.00000000000 -0.00250000000 0.69257443572 -1.38514887145
-1.00000000000 0.00000000000 2.00000000000 -0.00125000000 0.69287947562 -1.38575895124
-1.00000000000 0.00000000000 2.00000000000 0.00000000000 0.69318948691 -1.38637897381
-1.00000000000 0.00000000000 2.00000000000 0.00125000000 0.69350447867 -1.38700895734
-1.00000000000 0.00000000000 2.00000000000 0.00250000000 0.69382446014 -1.38764892028
-1.00000000000 0.00000000000 2.00000000000 0.00375000000 0.69414944066 -1.38829888131
-1.00000000000 0.00000000000 2.00000000000 0.00500000000 0.69447942971 -1.38895885942
-1.00000000000 0.00000000000 2.00000000000 0.00625000000 0.69481443692 -1.38962887383
-1.00000000000 0.00000000000 2.00000000000 0.00750000000 0.69515447202 -1.39030894405
-1.00000000000 0.00000000000 2.00000000000 0.00875000000 0.69549954491 -1.39099908983
-1.00000000000 0.00000000000 2.01562500000 -0.01000000000 0.69086695854 -1.39252871330
-1.00000000000 0.00000000000 2.01562500000 -0.00875000000 0.69114005332 -1.39307916998
-1.00000000000 0.00000000000 2.01562500000 -0.00750000000 0.69141805170 -1.39363951046
-1.00000000000 0.00000000000 2.01562500000 -0.00625000000 0.69170096190 -1.39420975132
-1.00000000000 0.00000000000 2.01562500000 -0.00500000000 0.69198879226 -1.39478990940
-1.00000000000 0.00000000000 2.01562500000 -0.00375000000 0.69228155127 -1.39538000179
-1.00000000000 0.00000000000 2.01562500000 -0.00250000000 0.69257924754 -1.39598004583
-1.00000000000 0.00000000000 2.01562500000 -0.00125000000 0.69288188980 -1.39659005913
-1.00000000000 0.00000000000 2.01562500000 0.00000000000 0.69318948691 -1.39721005955
-1.00000000000 0.00000000000 2.01562500000 0.00125000000 0.69350204786 -1.39784006521
-1.00000000000 0.00000000000 2.01562500000 0.00250000000 0.69381958177 -1.39848009451
-1.00000000000 0.00000000000 2.01562500000 0.00375000000 0.69414209790 -1.39913016608
-1.00000000000 0.00000000000 2.01562500000 0.00500000000 0.69446960562 -1.39979029884
-1.00000000000 0.00000000000 2.01562500000 0.00625000000 0.69480211446 -1.40046051196
-1.00000000000 0.00000000000 2.01562500000 0.00750000000 0.69513963405 -1.40114082489
-1.00000000000 0.00000000000 2.01562500000 0.00875000000 0.69548217418 -1.40183125734
-1.00000000000 0.00000000000 2.03125000000 -0.01000000000 0.69088552527 -1.40336122321
-1.00000000000 0.00000000000 2.03125000000 -0.00875000000 0.69115635477 -1.40391134564
-1.00000000000 0.00000000000 2.03125000000 -0.00750000000 0.69143207218 -1.40447139662
-1.00000000000 0.00000000000 2.03125000000 -0.00625000000 0.69171268562 -1.40504139267
-1.00000000000 0.00000000000 2.03125000000 -0.00500000000 0.69199820336 -1.40562135058
-1.00000000000 0.00000000000 2.03125000000 -0.00375000000 0.69228863378 -1.40621128737
-1.00000000000 0.00000000000 2.03125000000 -0.00250000000 0.69258398540 -1.40681122035
-1.00000000000 0.00000000000 2.03125000000 -0.00125000000 0.69288426685 -1.40742116705
-1.00000000000 0.00000000000 2.03125000000 0.00000000000 0.69318948691 -1.40804114528
-1.00000000000 0.00000000000 2.03125000000 0.00125000000 0.69349965446 -1.40867117311
-1.00000000000 0.00000000000 2.03125000000 0.00250000000 0.69381477852 -1.40931126888
-1.00000000000 0.00000000000 2.03125000000 0.00375000000 0.69413486826 -1.40996145116
-1.00000000000 0.00000000000 2.03125000000 0.00500000000 0.69445993296 -1.41062173882
-1.00000000000 0.00000000000 2.03125000000 0.00625000000 0.69478998202 -1.41129215098
-1.00000000000 0.00000000000 2.03125000000 0.00750000000 0.69512502500 -1.41197270703
-1.00000000000 0.00000000000 2.03125000000 0.00875000000 0.69546507156 -1.41266342661
-1.00000000000 0.00000000000 2.04687500000 -0.01000000000 0.69090380957 -1.41419373522
-1.00000000000 0.00000000000 2.04687500000 -0.00875000000 0.69117240814 -1.41474352291
-1.00000000000 0.00000000000 2.04687500000 -0.00750000000 0.69144587919 -1.41530328397
-1.00000000000 0.00000000000 2.04687500000 -0.00625000000 0.69172423077 -1.41587303485
-1.00000000000 0.00000000000 2.04687500000 -0.00500000000 0.69200747104 -1.41645279229
-1.00000000000 0.00000000000 2.04687500000 -0.00375000000 0.69229560831 -1.41704257326
-1.00000000000 0.00000000000 2.04687500000 -0.00250000000 0.69258865099 -1.41764239500
-1.00000000000 0.00000000000 2.04687500000 -0.00125000000 0.69288660763 -1.41825227500
-1.00000000000 0.00000000000 2.04687500000 0.00000000000 0.69318948691 -1.41887223101
-1.00000000000 0.00000000000 2.04687500000 0.00125000000 0.69349729761 -1.41950228105
-1.00000000000 0.00000000000 2.04687500000 0.00250000000 0.69381004868 -1.42014244338
-1.00000000000 0.00000000000 2.04687500000 0.00375000000 0.69412774916 -1.42079273656
-1.00000000000 0.00000000000 2.04687500000 0.00500000000 0.69445040824 -1.42145317937
-1.00000000000 0.00000000000 2.04687500000 0.00625000000 0.69477803524 -1.42212379088
-1.00000000000 0.00000000000 2.04687500000 0.00750000000 0.69511063960 -1.42280459043
-1.00000000000 0.00000000000 2.04687500000 0.00875000000 0.69544823090 -1.42349559762
-1.00000000000 0.00000000000 2.06250000000 -0.01000000000 0.69092181784 -1.42502624930
-1.00000000000 0.00000000000 2.06250000000 -0.00875000000 0.69118821904 -1.42557570177
-1.00000000000 0.00000000000 2.06250000000 -0.00750000000 0.69145947757 -1.42613517249
-1.00000000000 0.00000000000 2.06250000000 -0.00625000000 0.69173560138 -1.42670467785
-1.00000000000 0.00000000000 2.06250000000 -0.00500000000 0.69201659856 -1.42728423453
-1.00000000000 0.00000000000 2.06250000000 -0.00375000000 0.69230247731 -1.42787385945
-1.00000000000 0.00000000000 2.06250000000 -0.00250000000 0.69259324596 -1.42847356979
-1.00000000000 0.00000000000 2.06250000000 -0.00125000000 0.69288891296 -1.42908338299
-1.00000000000 0.00000000000 2.06250000000 0.00000000000 0.69318948691 -1.42970331674
-1.00000000000 0.00000000000 2.06250000000 0.00125000000 0.69349497649 -1.43033338902
-1.00000000000 0.00000000000 2.06250000000 0.00250000000 0.69380539056 -1.43097361803
-1.00000000000 0.00000000000 2.06250000000 0.00375000000 0.69412073806 -1.43162402226
-1.00000000000 0.00000000000 2.06250000000 0.00500000000 0.69444102810 -1.43228462045
-1.00000000000 0.00000000000 2.06250000000 0.00625000000 0.69476626988 -1.43295543163
-1.00000000000 0.00000000000 2.06250000000 0.00750000000 0.69509647276 -1.43363647507
-1.00000000000 0.00000000000 2.06250000000 0.00875000000 0.69543164621 -1.43432777031
-1.00000000000 0.00000000000 2.07812500000 -0.01000000000 0.69093955627 -1.43585876538
-1.00000000000 0.00000000000 2.07812500000 -0.00875000000 0.69120379293 -1.43640788218
-1.00000000000 0.00000000000 2.07812500000 -0.00750000000 0.69147287201 -1.43696706215
-1.00000000000 0.00000000000 2.07812500000 -0.00625000000 0.69174680139 -1.43753632164
-1.00000000000 0.00000000000 2.07812500000 -0.00500000000 0.69202558907 -1.43811567728
-1.00000000000 0.00000000000 2.07812500000 -0.00375000000 0.69230924315 -1.43870514592
-1.00000000000 0.00000000000 2.07812500000 -0.00250000000 0.69259777189 -1.43930474470
-1.00000000000 0.00000000000 2.07812500000 -0.00125000000 0.69289118364 -1.43991449101
-1.00000000000 0.00000000000 2.07812500000 0.00000000000 0.69318948691 -1.44053440248
-1.00000000000 0.00000000000 2.07812500000 0.00125000000 0.69349269030 -1.44116449702
-1.00000000000 0.00000000000 2.07812500000 0.00250000000 0.69380080255 -1.44180479280
-1.00000000000 0.00000000000 2.07812500000 0.00375000000 0.69411383254 -1.44245530825
-1.00000000000 0.00000000000 2.07812500000 0.00500000000 0.69443178927 -1.44311606207
-1.00000000000 0.00000000000 2.07812500000 0.00625000000 0.69475468185 -1.44378707321
-1.00000000000 0.00000000000 2.07812500000 0.00750000000 0.69508251953 -1.44446836091
-1.00000000000 0.00000000000 2.07812500000 0.00875000000 0.69541531171 -1.44515994465
-1.00000000000 0.00000000000 2.09375000000 -0.01000000000 0.69095703089 -1.44669128343
-1.00000000000 0.00000000000 2.09375000000 -0.00875000000 0.69121913509 -1.44724006410
-1.00000000000 0.00000000000 2.09375000000 -0.00750000000 0.69148606707 -1.44779895293
-1.00000000000 0.00000000000 2.09375000000 -0.00625000000 0.69175783461 -1.44836796622
-1.00000000000 0.00000000000 2.09375000000 -0.00500000000 0.69203444563 -1.44894712053
-1.00000000000 0.00000000000 2.09375000000 -0.00375000000 0.69231590815 -1.44953643268
-1.00000000000 0.00000000000 2.09375000000 -0.00250000000 0.69260223033 -1.45013591975
-1.00000000000 0.00000000000 2.09375000000 -0.00125000000 0.69289342045 -1.45074559906
-1.00000000000 0.00000000000 2.09375000000 0.00000000000 0.69318948691 -1.45136548821
-1.00000000000 0.00000000000 2.09375000000 0.00125000000 0.69349043823 -1.45199560505
-1.00000000000 0.00000000000 2.09375000000 0.00250000000 0.69379628308 -1.45263596770
-1.00000000000 0.00000000000 2.09375000000 0.00375000000 0.69410703023 -1.45328659454
-1.00000000000 0.00000000000 2.09375000000 0.00500000000 0.69442268858 -1.45394750421
-1.00000000000 0.00000000000 2.09375000000 0.00625000000 0.69474326716 -1.45461871561
-1.00000000000 0.00000000000 2.09375000000 0.00750000000 0.69506877513 -1.45530024793
-1.00000000000 0.00000000000 2.09375000000 0.00875000000 0.69539922178 -1.45599212060
-1.00000000000 0.00000000000 2.10937500000 -0.01000000000 0.69097424754 -1.45752380341
-1.00000000000 0.00000000000 2.10937500000 -0.00875000000 0.69123425067 -1.45807224750
-1.00000000000 0.00000000000 2.10937500000 -0.00750000000 0.69149906716 -1.45863084480
-1.00000000000 0.00000000000 2.10937500000 -0.00625000000 0.69176870473 -1.45919961155
-1.00000000000 0.00000000000 2.10937500000 -0.00500000000 0.69204317121 -1.45977856427
-1.00000000000 0.00000000000 2.10937500000 -0.00375000000 0.69232247453 -1.46036771971
-1.00000000000 0.00000000000 2.10937500000 -0.00250000000 0.69260662277 -1.46096709491
-1.00000000000 0.00000000000 2.10937500000 -0.00125000000 0.69289562413 -1.46157670714
-1.00000000000 0.00000000000 2.10937500000 0.00000000000 0.69318948691 -1.46219657394
-1.00000000000 0.00000000000 2.10937500000 0.00125000000 0.69348821955 -1.46282671312
-1.00000000000 0.00000000000 2.10937500000 0.00250000000 0.69379183063 -1.46346714273
-1.00000000000 0.00000000000 2.10937500000 0.00375000000 0.69410032882 -1.46411788111
-1.00000000000 0.00000000000 2.10937500000 0.00500000000 0.69441372295 -1.46477894685
-1.00000000000 0.00000000000 2.10937500000 0.00625000000 0.69473202195 -1.46545035881
-1.00000000000 0.00000000000 2.10937500000 0.00750000000 0.69505523489 -1.46613213610
-1.00000000000 0.00000000000 2.10937500000 0.00875000000 0.69538337097 -1.46682429813
-1.00000000000 0.00000000000 2.12500000000 -0.01000000000 0.69099121189 -1.46835632527
-1.00000000000 0.00000000000 2.12500000000 -0.00875000000 0.69124914464 -1.46890443235
-1.00000000000 0.00000000000 2.12500000000 -0.00750000000 0.69151187658 -1.46946273774
-1.00000000000 0.00000000000 2.12500000000 -0.00625000000 0.69177941536 -1.47003125763
-1.00000000000 0.00000000000 2.12500000000 -0.00500000000 0.69205176870 -1.47061000849
-1.00000000000 0.00000000000 2.12500000000 -0.00375000000 0.69232894448 -1.47119900702
-1.00000000000 0.00000000000 2.12500000000 -0.00250000000 0.69261095068 -1.47179827020
-1.00000000000 0.00000000000 2.12500000000 -0.00125000000 0.69289779541 -1.47240781525
-1.00000000000 0.00000000000 2.12500000000 0.00000000000 0.69318948691 -1.47302765968
-1.00000000000 0.00000000000 2.12500000000 0.00125000000 0.69348603351 -1.47365782122
-1.00000000000 0.00000000000 2.12500000000 0.00250000000 0.69378744371 -1.47429831789
-1.00000000000 0.00000000000 2.12500000000 0.00375000000 0.69409372610 -1.47494916796
-1.00000000000 0.00000000000 2.12500000000 0.00500000000 0.69440488941 -1.47561038999
-1.00000000000 0.00000000000 2.12500000000 0.00625000000 0.69472094249 -1.47628200278
-1.00000000000 0.00000000000 2.12500000000 0.00750000000 0.69504189431 -1.47696402541
-1.00000000000 0.00000000000 2.12500000000 0.00875000000 0.69536775398 -1.47765647721
-1.00000000000 0.00000000000 2.14062500000 -0.01000000000 0.69100792945 -1.47918884897
-1.00000000000 0.00000000000 2.14062500000 -0.00875000000 0.69126382183 -1.47973661862
-1.00000000000 0.00000000000 2.14062500000 -0.00750000000 0.69152449949 -1.48029463172
-1.00000000000 0.00000000000 2.14062500000 -0.00625000000 0.69178996996 -1.48086290444
-1.00000000000 0.00000000000 2.14062500000 -0.00500000000 0.69206024090 -1.48144145317
-1.00000000000 0.00000000000 2.14062500000 -0.00375000000 0.69233532010 -1.48203029459
-1.00000000000 0.00000000000 2.14062500000 -0.00250000000 0.69261521546 -1.48262944560
-1.00000000000 0.00000000000 2.14062500000 -0.00125000000 0.69289993502 -1.48323892340
-1.00000000000 0.00000000000 2.14062500000 0.00000000000 0.69318948691 -1.48385874541
-1.00000000000 0.00000000000 2.14062500000 0.00125000000 0.69348387940 -1.48448892934
-1.00000000000 0.00000000000 2.14062500000 0.00250000000 0.69378312089 -1.48512949316
-1.00000000000 0.00000000000 2.14062500000 0.00375000000 0.69408721989 -1.48578045509
-1.00000000000 0.00000000000 2.14062500000 0.00500000000 0.69439618505 -1.48644183362
-1.00000000000 0.00000000000 2.14062500000 0.00625000000 0.69471002512 -1.48711364752
-1.00000000000 0.00000000000 2.14062500000 0.00750000000 0.69502874899 -1.48779591581
-1.00000000000 0.00000000000 2.14062500000 0.00875000000 0.69535236568 -1.48848865779
-1.00000000000 0.00000000000 2.15625000000 -0.01000000000 0.69102440555 -1.49002137448
-1.00000000000 0.00000000000 2.15625000000 -0.00875000000 0.69127828696 -1.49056880626
-1.00000000000 0.00000000000 2.15625000000 -0.00750000000 0.69153693993 -1.49112652673
-1.00000000000 0.00000000000 2.15625000000 -0.00625000000 0.69180037192 -1.49169455196
-1.00000000000 0.00000000000 2.15625000000 -0.00500000000 0.69206859053 -1.49227289832
-1.00000000000 0.00000000000 2.15625000000 -0.00375000000 0.69234160344 -1.49286158242
-1.00000000000 0.00000000000 2.15625000000 -0.00250000000 0.69261941849 -1.49346062112
-1.00000000000 0.00000000000 2.15625000000 -0.00125000000 0.69290204363 -1.49407003157
-1.00000000000 0.00000000000 2.15625000000 0.00000000000 0.69318948691 -1.49468983114
-1.00000000000 0.00000000000 2.15625000000 0.00125000000 0.69348175652 -1.49532003750
-1.00000000000 0.00000000000 2.15625000000 0.00250000000 0.69377886078 -1.49596066855
-1.00000000000 0.00000000000 2.15625000000 0.00375000000 0.69408080810 -1.49661174248
-1.00000000000 0.00000000000 2.15625000000 0.00500000000 0.69438760706 -1.49727327772
-1.00000000000 0.00000000000 2.15625000000 0.00625000000 0.69469926632 -1.49794529301
-1.00000000000 0.00000000000 2.15625000000 0.00750000000 0.69501579469 -1.49862780730
-1.00000000000 0.00000000000 2.15625000000 0.00875000000 0.69533720109 -1.49932083985
-1.00000000000 0.00000000000 2.17187500000 -0.01000000000 0.69104064541 -1.50085390174
-1.00000000000 0.00000000000 2.17187500000 -0.00875000000 0.69129254458 -1.50140099527
-1.00000000000 0.00000000000 2.17187500000 -0.00750000000 0.69154920183 -1.50195842273
-1.00000000000 0.00000000000 2.17187500000 -0.00625000000 0.69181062454 -1.50252620018
-1.00000000000 0.00000000000 2.17187500000 -0.00500000000 0.69207682022 -1.50310434392
-1.00000000000 0.00000000000 2.17187500000 -0.00375000000 0.69234779649 -1.50369287050
-1.00000000000 0.00000000000 2.17187500000 -0.00250000000 0.69262356110 -1.50429179676
-1.00000000000 0.00000000000 2.17187500000 -0.00125000000 0.69290412191 -1.50490113977
-1.00000000000 0.00000000000 2.17187500000 0.00000000000 0.69318948691 -1.50552091687
-1.00000000000 0.00000000000 2.17187500000 0.00125000000 0.69347966420 -1.50615114568
-1.00000000000 0.00000000000 2.17187500000 0.00250000000 0.69377466201 -1.50679184405
-1.00000000000 0.00000000000 2.17187500000 0.00375000000 0.69407448869 -1.50744303012
-1.00000000000 0.00000000000 2.17187500000 0.00500000000 0.69437915271 -1.50810472229
-1.00000000000 0.00000000000 2.17187500000 0.00625000000 0.69468866266 -1.50877693922
-1.00000000000 0.00000000000 2.17187500000 0.00750000000 0.69500302726 -1.50945969984
-1.00000000000 0.00000000000 2.17187500000 0.00875000000 0.69532225535 -1.51015302335
-1.00000000000 0.00000000000 2.18750000000 -0.01000000000 0.69105665405 -1.51168643073
-1.00000000000 0.00000000000 2.18750000000 -0.00875000000 0.69130659913 -1.51223318560
-1.00000000000 0.00000000000 2.18750000000 -0.00750000000 0.69156128901 -1.51279031972
-1.00000000000 0.00000000000 2.18750000000 -0.00625000000 0.69182073101 -1.51335784908
-1.00000000000 0.00000000000 2.18750000000 -0.00500000000 0.69208493255 -1.51393578995
-1.00000000000 0.00000000000 2.18750000000 -0.00375000000 0.69235390118 -1.51452415883
-1.00000000000 0.00000000000 2.18750000000 -0.00250000000 0.69262764457 -1.51512297250
-1.00000000000 0.00000000000 2.18750000000 -0.00125000000 0.69290617051 -1.51573224800
-1.00000000000 0.00000000000 2.18750000000 0.00000000000 0.69318948691 -1.51635200261
-1.00000000000 0.00000000000 2.18750000000 0.00125000000 0.69347760178 -1.51698225389
-1.00000000000 0.00000000000 2.18750000000 0.00250000000 0.69377052328 -1.51762301967
-1.00000000000 0.00000000000 2.18750000000 0.00375000000 0.69406825967 -1.51827431803
-1.00000000000 0.00000000000 2.18750000000 0.00500000000 0.69437081934 -1.51893616731
-1.00000000000 0.00000000000 2.18750000000 0.00625000000 0.69467821081 -1.51960858615
-1.00000000000 0.00000000000 2.18750000000 0.00750000000 0.69499044270 -1.52029159341
-1.00000000000 0.00000000000 2.18750000000 0.00875000000 0.69530752378 -1.52098520826
-1.00000000000 0.00000000000 2.20312500000 -0.01000000000 0.69107243638 -1.52251896141
-1.00000000000 0.00000000000 2.20312500000 -0.00875000000 0.69132045491 -1.52306537723
-1.00000000000 0.00000000000 2.20312500000 -0.00750000000 0.69157320518 -1.52362221766
-1.00000000000 0.00000000000 2.20312500000 -0.00625000000 0.69183069442 -1.52418949865
-1.00000000000 0.00000000000 2.20312500000 -0.00500000000 0.69209293000 -1.52476723641
-1.00000000000 0.00000000000 2.20312500000 -0.00375000000 0.69235991939 -1.52535544740
-1.00000000000 0.00000000000 2.20312500000 -0.00250000000 0.69263167018 -1.52595414836
-1.00000000000 0.00000000000 2.20312500000 -0.00125000000 0.69290819007 -1.52656335625
-1.00000000000 0.00000000000 2.20312500000 0.00000000000 0.69318948691 -1.52718308834
-1.00000000000 0.00000000000 2.20312500000 0.00125000000 0.69347556863 -1.52781336213
-1.00000000000 0.00000000000 2.20312500000 0.00250000000 0.69376644330 -1.52845419540
-1.00000000000 0.00000000000 2.20312500000 0.00375000000 0.69406211912 -1.52910560618
-1.00000000000 0.00000000000 2.20312500000 0.00500000000 0.69436260438 -1.52976761278
-1.00000000000 0.00000000000 2.20312500000 0.00625000000 0.69466790753 -1.53044023377
-1.00000000000 0.00000000000 2.20312500000 0.00750000000 0.69497803710 -1.53112348799
-1.00000000000 0.00000000000 2.20312500000 0.00875000000 0.69529300178 -1.53181739455
-1.00000000000 0.00000000000 2.21875000000 -0.01000000000 0.69108799718 -1.53335149374
-1.00000000000 0.00000000000 2.21875000000 -0.00875000000 0.69133411612 -1.53389757013
-1.00000000000 0.00000000000 2.21875000000 -0.00750000000 0.69158495394 -1.53445411654
-1.00000000000 0.00000000000 2.21875000000 -0.00625000000 0.69184051780 -1.53502114888
-1.00000000000 0.00000000000 2.21875000000 -0.00500000000 0.69210081501 -1.53559868330
-1.00000000000 0.00000000000 2.21875000000 -0.00375000000 0.69236585294 -1.53618673621
-1.00000000000 0.00000000000 2.21875000000 -0.00250000000 0.69263563913 -1.53678532431
-1.00000000000 0.00000000000 2.21875000000 -0.00125000000 0.69291018120 -1.53739446453
-1.00000000000 0.00000000000 2.21875000000 0.00000000000 0.69318948691 -1.53801417407
-1.00000000000 0.00000000000 2.21875000000 0.00125000000 0.69347356412 -1.53864447040
-1.00000000000 0.00000000000 2.21875000000 0.00250000000 0.69376242084 -1.53928537124
-1.00000000000 0.00000000000 2.21875000000 0.00375000000 0.69405606516 -1.53993689458
-1.00000000000 0.00000000000 2.21875000000 0.00500000000 0.69435450532 -1.54059905869
-1.00000000000 0.00000000000 2.21875000000 0.00625000000 0.69465774967 -1.54127188208
-1.00000000000 0.00000000000 2.21875000000 0.00750000000 0.69496580668 -1.54195538357
-1.00000000000 0.00000000000 2.21875000000 0.00875000000 0.69527868494 -1.54264958220
-1.00000000000 0.00000000000 2.23437500000 -0.01000000000 0.69110334106 -1.54418402769
-1.00000000000 0.00000000000 2.23437500000 -0.00875000000 0.69134758681 -1.54472976428
-1.00000000000 0.00000000000 2.23437500000 -0.00750000000 0.69159653878 -1.54528601634
-1.00000000000 0.00000000000 2.23437500000 -0.00625000000 0.69185020408 -1.54585279974
-1.00000000000 0.00000000000 2.23437500000 -0.00500000000 0.69210858991 -1.54643013059
-1.00000000000 0.00000000000 2.23437500000 -0.00375000000 0.69237170361 -1.54701802526
-1.00000000000 0.00000000000 2.23437500000 -0.00250000000 0.69263955262 -1.54761650038
-1.00000000000 0.00000000000 2.23437500000 -0.00125000000 0.69291214449 -1.54822557284
-1.00000000000 0.00000000000 2.23437500000 0.00000000000 0.69318948691 -1.54884525981
-1.00000000000 0.00000000000 2.23437500000 0.00125000000 0.69347158767 -1.54947557869
-1.00000000000 0.00000000000 2.23437500000 0.00250000000 0.69375845468 -1.55011654718
-1.00000000000 0.00000000000 2.23437500000 0.00375000000 0.69405009598 -1.55076818322
-1.00000000000 0.00000000000 2.23437500000 0.00500000000 0.69434651973 -1.55143050502
-1.00000000000 0.00000000000 2.23437500000 0.00625000000 0.69464773418 -1.55210353106
-1.00000000000 0.00000000000 2.23437500000 0.00750000000 0.69495374774 -1.55278728011
-1.00000000000 0.00000000000 2.23437500000 0.00875000000 0.69526456892 -1.55348177117
-1.00000000000 0.00000000000 2.25000000000 -0.01000000000 0.69111847254 -1.55501656322
-1.00000000000 0.00000000000 2.25000000000 -0.00875000000 0.69136087095 -1.55556195964
-1.00000000000 0.00000000000 2.25000000000 -0.00750000000 0.69160796313 -1.55611791704
-1.00000000000 0.00000000000 2.25000000000 -0.00625000000 0.69185975610 -1.55668445124
-1.00000000000 0.00000000000 2.25000000000 -0.00500000000 0.69211625702 -1.55726157829
-1.00000000000 0.00000000000 2.25000000000 -0.00375000000 0.69237747312 -1.55784931453
-1.00000000000 0.00000000000 2.25000000000 -0.00250000000 0.69264341180 -1.55844767654
-1.00000000000 0.00000000000 2.25000000000 -0.00125000000 0.69291408052 -1.55905668117
-1.00000000000 0.00000000000 2.25000000000 0.00000000000 0.69318948691 -1.55967634554
-1.00000000000 0.00000000000 2.25000000000 0.00125000000 0.69346963867 -1.56030668701
-1.00000000000 0.00000000000 2.25000000000 0.00250000000 0.69375454366 -1.56094772322
-1.00000000000 0.00000000000 2.25000000000 0.00375000000 0.69404420982 -1.56159947209
-1.00000000000 0.00000000000 2.25000000000 0.00500000000 0.69433864523 -1.56226195176
-1.00000000000 0.00000000000 2.25000000000 0.00625000000 0.69463785809 -1.56293518070
-1.00000000000 0.00000000000 2.25000000000 0.00750000000 0.69494185671 -1.56361917760
-1.00000000000 0.00000000000 2.25000000000 0.00875000000 0.69525064953 -1.56431396144
-1.00000000000 0.00000000000 2.26562500000 -0.01000000000 0.69113339600 -1.56584910031
-1.00000000000 0.00000000000 2.26562500000 -0.00875000000 0.69137397239 -1.56639415620
-1.00000000000 0.00000000000 2.26562500000 -0.00750000000 0.69161923029 -1.56694981862
-1.00000000000 0.00000000000 2.26562500000 -0.00625000000 0.69186917665 -1.56751610334
-1.00000000000 0.00000000000 2.26562500000 -0.00500000000 0.69212381854 -1.56809302638
-1.00000000000 0.00000000000 2.26562500000 -0.00375000000 0.69238316315 -1.56868060402
-1.00000000000 0.00000000000 2.26562500000 -0.00250000000 0.69264721779 -1.56927885281
-1.00000000000 0.00000000000 2.26562500000 -0.00125000000 0.69291598986 -1.56988778953
-1.00000000000 0.00000000000 2.26562500000 0.00000000000 0.69318948691 -1.57050743127
-1.00000000000 0.00000000000 2.26562500000 0.00125000000 0.69346771657 -1.57113779535
-1.00000000000 0.00000000000 2.26562500000 0.00250000000 0.69375068662 -1.57177889937
-1.00000000000 0.00000000000 2.26562500000 0.00375000000 0.69403840494 -1.57243076118
-1.00000000000 0.00000000000 2.26562500000 0.00500000000 0.69433087952 -1.57309339892
-1.00000000000 0.00000000000 2.26562500000 0.00625000000 0.69462811850 -1.57376683098
-1.00000000000 0.00000000000 2.26562500000 0.00750000000 0.69493013011 -1.57445107602
-1.00000000000 0.00000000000 2.26562500000 0.00875000000 0.69523692270 -1.57514615298
-1.00000000000 0.00000000000 2.28125000000 -0.01000000000 0.69114811569 -1.57668163891
-1.00000000000 0.00000000000 2.28125000000 -0.00875000000 0.69138689487 -1.57722635392
-1.00000000000 0.00000000000 2.28125000000 -0.00750000000 0.69163034348 -1.57778172106
-1.00000000000 0.00000000000 2.28125000000 -0.00625000000 0.69187846841 -1.57834775605
-1.00000000000 0.00000000000 2.28125000000 -0.00500000000 0.69213127665 -1.57892447486
-1.00000000000 0.00000000000 2.28125000000 -0.00375000000 0.69238877534 -1.57951189374
-1.00000000000 0.00000000000 2.28125000000 -0.00250000000 0.69265097169 -1.58011002917
-1.00000000000 0.00000000000 2.28125000000 -0.00125000000 0.69291787306 -1.58071889792
-1.00000000000 0.00000000000 2.28125000000 0.00000000000 0.69318948691 -1.58133851701
-1.00000000000 0.00000000000 2.28125000000 0.00125000000 0.69346582081 -1.58196890372
-1.00000000000 0.00000000000 2.28125000000 0.00250000000 0.69374688246 -1.58261007562
-1.00000000000 0.00000000000 2.28125000000 0.00375000000 0.69403267967 -1.58326205051
-1.00000000000 0.00000000000 2.28125000000 0.00500000000 0.69432322037 -1.58392484648
-1.00000000000 0.00000000000 2.28125000000 0.00625000000 0.69461851261 -1.58459848189
-1.00000000000 0.00000000000 2.28125000000 0.00750000000 0.69491856454 -1.58528297535
-1.00000000000 0.00000000000 2.28125000000 0.00875000000 0.69522338444 -1.58597834576
-1.00000000000 0.00000000000 2.29687500000 -0.01000000000 0.69116263576 -1.58751417900
-1.00000000000 0.00000000000 2.29687500000 -0.00875000000 0.69139964203 -1.58805855279
-1.00000000000 0.00000000000 2.29687500000 -0.00750000000 0.69164130584 -1.58861362435
-1.00000000000 0.00000000000 2.29687500000 -0.00625000000 0.69188763400 -1.58917940935
-1.00000000000 0.00000000000 2.29687500000 -0.00500000000 0.69213863346 -1.58975592372
-1.00000000000 0.00000000000 2.29687500000 -0.00375000000 0.69239431125 -1.59034318366
-1.00000000000 0.00000000000 2.29687500000 -0.00250000000 0.69265467456 -1.59094120562
-1.00000000000 0.00000000000 2.29687500000 -0.00125000000 0.69291973064 -1.59155000632
-1.00000000000 0.00000000000 2.29687500000 0.00000000000 0.69318948691 -1.59216960274
-1.00000000000 0.00000000000 2.29687500000 0.00125000000 0.69346395085 -1.59280001211
-1.00000000000 0.00000000000 2.29687500000 0.00250000000 0.69374313011 -1.59344125196
-1.00000000000 0.00000000000 2.29687500000 0.00375000000 0.69402703240 -1.59409334005
-1.00000000000 0.00000000000 2.29687500000 0.00500000000 0.69431566560 -1.59475629443
-1.00000000000 0.00000000000 2.29687500000 0.00625000000 0.69460903768 -1.59543013341
-1.00000000000 0.00000000000 2.29687500000 0.00750000000 0.69490715671 -1.59611487557
-1.00000000000 0.00000000000 2.29687500000 0.00875000000 0.69521003092 -1.59681053976
-1.00000000000 0.00000000000 2.31250000000 -0.01000000000 0.69117696024 -1.59834672056
-1.00000000000 0.00000000000 2.31250000000 -0.00875000000 0.69141221742 -1.59889075279
-1.00000000000 0.00000000000 2.31250000000 -0.00750000000 0.69165212042 -1.59944552846
-1.00000000000 0.00000000000 2.31250000000 -0.00625000000 0.69189667599 -1.60001106322
-1.00000000000 0.00000000000 2.31250000000 -0.00500000000 0.69214589101 -1.60058737295
-1.00000000000 0.00000000000 2.31250000000 -0.00375000000 0.69239977245 -1.60117447380
-1.00000000000 0.00000000000 2.31250000000 -0.00250000000 0.69265832743 -1.60177238217
-1.00000000000 0.00000000000 2.31250000000 -0.00125000000 0.69292156314 -1.60238111475
-1.00000000000 0.00000000000 2.31250000000 0.00000000000 0.69318948691 -1.60300068847
-1.00000000000 0.00000000000 2.31250000000 0.00125000000 0.69346210618 -1.60363112053
-1.00000000000 0.00000000000 2.31250000000 0.00250000000 0.69373942850 -1.60427242840
-1.00000000000 0.00000000000 2.31250000000 0.00375000000 0.69402146154 -1.60492462981
-1.00000000000 0.00000000000 2.31250000000 0.00500000000 0.69430821309 -1.60558774277
-1.00000000000 0.00000000000 2.31250000000 0.00625000000 0.69459969104 -1.60626178554
-1.00000000000 0.00000000000 2.31250000000 0.00750000000 0.69489590342 -1.60694677666
-1.00000000000 0.00000000000 2.31250000000 0.00875000000 0.69519685836 -1.60764273496
-1.00000000000 0.00000000000 2.32812500000 -0.01000000000 0.69119109306 -1.60917926354
-1.00000000000 0.00000000000 2.32812500000 -0.00875000000 0.69142462448 -1.60972295388
-1.00000000000 0.00000000000 2.32812500000 -0.00750000000 0.69166279018 -1.61027743339
-1.00000000000 0.00000000000 2.32812500000 -0.00625000000 0.69190559685 -1.61084271766
-1.00000000000 0.00000000000 2.32812500000 -0.00500000000 0.69215305129 -1.61141882255
-1.00000000000 0.00000000000 2.32812500000 -0.00375000000 0.69240516044 -1.61200576414
-1.00000000000 0.00000000000 2.32812500000 -0.00250000000 0.69266193130 -1.61260355882
-1.00000000000 0.00000000000 2.32812500000 -0.00125000000 0.69292337104 -1.61321222321
-1.00000000000 0.00000000000 2.32812500000 0.00000000000 0.69318948691 -1.61383177420
-1.00000000000 0.00000000000 2.32812500000 0.00125000000 0.69346028627 -1.61446222897
-1.00000000000 0.00000000000 2.32812500000 0.00250000000 0.69373577661 -1.61510360493
-1.00000000000 0.00000000000 2.32812500000 0.00375000000 0.69401596554 -1.61575591978
-1.00000000000 0.00000000000 2.32812500000 0.00500000000 0.69430086077 -1.61641919148
-1.00000000000 0.00000000000 2.32812500000 0.00625000000 0.69459047012 -1.61709343825
-1.00000000000 0.00000000000 2.32812500000 0.00750000000 0.69488480155 -1.61777867861
-1.00000000000 0.00000000000 2.32812500000 0.00875000000 0.69518386312 -1.61847493132
-1.00000000000 0.00000000000 2.34375000000 -0.01000000000 0.69120503805 -1.62001180792
-1.00000000000 0.00000000000 2.34375000000 -0.00875000000 0.69143686658 -1.62055515605
-1.00000000000 0.00000000000 2.34375000000 -0.00750000000 0.69167331802 -1.62110933911
-1.00000000000 0.00000000000 2.34375000000 -0.00625000000 0.69191439900 -1.62167437266
-1.00000000000 0.00000000000 2.34375000000 -0.00500000000 0.69216011627 -1.62225027250
-1.00000000000 0.00000000000 2.34375000000 -0.00375000000 0.69241047666 -1.62283705468
-1.00000000000 0.00000000000 2.34375000000 -0.00250000000 0.69266548717 -1.62343473555
-1.00000000000 0.00000000000 2.34375000000 -0.00125000000 0.69292515485 -1.62404333168
-1.00000000000 0.00000000000 2.34375000000 0.00000000000 0.69318948691 -1.62466285994
-1.00000000000 0.00000000000 2.34375000000 0.00125000000 0.69345849064 -1.62529333743
-1.00000000000 0.00000000000 2.34375000000 0.00250000000 0.69373217346 -1.62593478156
-1.00000000000 0.00000000000 2.34375000000 0.00375000000 0.69401054291 -1.62658720996
-1.00000000000 0.00000000000 2.34375000000 0.00500000000 0.69429360664 -1.62725064056
-1.00000000000 0.00000000000 2.34375000000 0.00625000000 0.69458137240 -1.62792509155
-1.00000000000 0.00000000000 2.34375000000 0.00750000000 0.69487384806 -1.62861058140
-1.00000000000 0.00000000000 2.34375000000 0.00875000000 0.69517104164 -1.62930712883
-1.00000000000 0.00000000000 2.35937500000 -0.01000000000 0.69121879891 -1.63084435368
-1.00000000000 0.00000000000 2.35937500000 -0.00875000000 0.69144894698 -1.63138735927
-1.00000000000 0.00000000000 2.35937500000 -0.00750000000 0.69168370675 -1.63194124561
-1.00000000000 0.00000000000 2.35937500000 -0.00625000000 0.69192308480 -1.63250602820
-1.00000000000 0.00000000000 2.35937500000 -0.00500000000 0.69216708781 -1.63308172280
-1.00000000000 0.00000000000 2.35937500000 -0.00375000000 0.69241572256 -1.63366834542
-1.00000000000 0.00000000000 2.35937500000 -0.00250000000 0.69266899597 -1.63426591237
-1.00000000000 0.00000000000 2.35937500000 -0.00125000000 0.69292691504 -1.63487444018
-1.00000000000 0.00000000000 2.35937500000 0.00000000000 0.69318948691 -1.63549394567
-1.00000000000 0.00000000000 2.35937500000 0.00125000000 0.69345671880 -1.63612444592
-1.00000000000 0.00000000000 2.35937500000 0.00250000000 0.69372861807 -1.63676595827
-1.00000000000 0.00000000000 2.35937500000 0.00375000000 0.69400519220 -1.63741850034
-1.00000000000 0.00000000000 2.35937500000 0.00500000000 0.69428644874 -1.63808209000
-1.00000000000 0.00000000000 2.35937500000 0.00625000000 0.69457239541 -1.63875674542
-1.00000000000 0.00000000000 2.35937500000 0.00750000000 0.69486304000 -1.63944248501
-1.00000000000 0.00000000000 2.35937500000 0.00875000000 0.69515839045 -1.64013932747
-1.00000000000 0.00000000000 2.37500000000 -0.01000000000 0.69123237928 -1.64167690078
-1.00000000000 0.00000000000 2.37500000000 -0.00875000000 0.69146086886 -1.64221956353
-1.00000000000 0.00000000000 2.37500000000 -0.00750000000 0.69169395911 -1.64277315288
-1.00000000000 0.00000000000 2.37500000000 -0.00625000000 0.69193165654 -1.64333768427
-1.00000000000 0.00000000000 2.37500000000 -0.00500000000 0.69217396776 -1.64391317344
-1.00000000000 0.00000000000 2.37500000000 -0.00375000000 0.69242089952 -1.64449963636
-1.00000000000 0.00000000000 2.37500000000 -0.00250000000 0.69267245864 -1.64509708928
-1.00000000000 0.00000000000 2.37500000000 -0.00125000000 0.69292865208 -1.64570554870
-1.00000000000 0.00000000000 2.37500000000 0.00000000000 0.69318948691 -1.64632503140
-1.00000000000 0.00000000000 2.37500000000 0.00125000000 0.69345497028 -1.64695555442
-1.00000000000 0.00000000000 2.37500000000 0.00250000000 0.69372510950 -1.64759713507
-1.00000000000 0.00000000000 2.37500000000 0.00375000000 0.69399991196 -1.64824979091
-1.00000000000 0.00000000000 2.37500000000 0.00500000000 0.69427938518 -1.64891353980
-1.00000000000 0.00000000000 2.37500000000 0.00625000000 0.69456353678 -1.64958839984
-1.00000000000 0.00000000000 2.37500000000 0.00750000000 0.69485237449 -1.65027438942
-1.00000000000 0.00000000000 2.37500000000 0.00875000000 0.69514590619 -1.65097152720
-1.00000000000 0.00000000000 2.39062500000 -0.01000000000 0.69124578267 -1.65250944921
-1.00000000000 0.00000000000 2.39062500000 -0.00875000000 0.69147263532 -1.65305176881
-1.00000000000 0.00000000000 2.39062500000 -0.00750000000 0.69170407776 -1.65360506089
-1.00000000000 0.00000000000 2.39062500000 -0.00625000000 0.69194011644 -1.65416934087
-1.00000000000 0.00000000000 2.39062500000 -0.00500000000 0.69218075793 -1.65474462442
-1.00000000000 0.00000000000 2.39062500000 -0.00375000000 0.69242600888 -1.65533092748
-1.00000000000 0.00000000000 2.39062500000 -0.00250000000 0.69267587609 -1.65592826627
-1.00000000000 0.00000000000 2.39062500000 -0.00125000000 0.69293036643 -1.65653665724
-1.00000000000 0.00000000000 2.39062500000 0.00000000000 0.69318948691 -1.65715611714
-1.00000000000 0.00000000000 2.39062500000 0.00125000000 0.69345324463 -1.65778666295
-1.00000000000 0.00000000000 2.39062500000 0.00250000000 0.69372164683 -1.65842831196
-1.00000000000 0.00000000000 2.39062500000 0.00375000000 0.69399470084 -1.65908108169
-1.00000000000 0.00000000000 2.39062500000 0.00500000000 0.69427241409 -1.65974498995
-1.00000000000 0.00000000000 2.39062500000 0.00625000000 0.69455479417 -1.66042005481
-1.00000000000 0.00000000000 2.39062500000 0.00750000000 0.69484184873 -1.66110629463
-1.00000000000 0.00000000000 2.39062500000 0.00875000000 0.69513358557 -1.66180372801
-1.00000000000 0.00000000000 2.40625000000 -0.01000000000 0.69125901254 -1.66334199892
-1.00000000000 0.00000000000 2.40625000000 -0.00875000000 0.69148424938 -1.66388397508
-1.00000000000 0.00000000000 2.40625000000 -0.00750000000 0.69171406530 -1.66443696964
-1.00000000000 0.00000000000 2.40625000000 -0.00625000000 0.69194846669 -1.66500099797
-1.00000000000 0.00000000000 2.40625000000 -0.00500000000 0.69218746004 -1.66557607572
-1.00000000000 0.00000000000 2.40625000000 -0.00375000000 0.69243105197 -1.66616221879
-1.00000000000 0.00000000000 2.40625000000 -0.00250000000 0.69267924918 -1.66675944334
-1.00000000000 0.00000000000 2.40625000000 -0.00125000000 0.69293205852 -1.66736776580
-1.00000000000 0.00000000000 2.40625000000 0.00000000000 0.69318948691 -1.66798720287
-1.00000000000 0.00000000000 2.40625000000 0.00125000000 0.69345154140 -1.66861777150
-1.00000000000 0.00000000000 2.40625000000 0.00250000000 0.69371822917 -1.66925948893
-1.00000000000 0.00000000000 2.40625000000 0.00375000000 0.69398955746 -1.66991237265
-1.00000000000 0.00000000000 2.40625000000 0.00500000000 0.69426553369 -1.67057644043
-1.00000000000 0.00000000000 2.40625000000 0.00625000000 0.69454616532 -1.67125171031
-1.00000000000 0.00000000000 2.40625000000 0.00750000000 0.69483145999 -1.67193820060
-1.00000000000 0.00000000000 2.40625000000 0.00875000000 0.69512142541 -1.67263592989
-1.00000000000 0.00000000000 2.42187500000 -0.01000000000 0.69127207222 -1.67417454991
-1.00000000000 0.00000000000 2.42187500000 -0.00875000000 0.69149571399 -1.67471618233
-1.00000000000 0.00000000000 2.42187500000 -0.00750000000 0.69172392428 -1.67526887910
-1.00000000000 0.00000000000 2.42187500000 -0.00625000000 0.69195670940 -1.67583265558
-1.00000000000 0.00000000000 2.42187500000 -0.00500000000 0.69219407581 -1.67640752735
-1.00000000000 0.00000000000 2.42187500000 -0.00375000000 0.69243603005 -1.67699351028
-1.00000000000 0.00000000000 2.42187500000 -0.00250000000 0.69268257879 -1.67759062050
-1.00000000000 0.00000000000 2.42187500000 -0.00125000000 0.69293372878 -1.67819887438
-1.00000000000 0.00000000000 2.42187500000 0.00000000000 0.69318948691 -1.67881828860
-1.00000000000 0.00000000000 2.42187500000 0.00125000000 0.69344986016 -1.67944888007
-1.00000000000 0.00000000000 2.42187500000 0.00250000000 0.69371485563 -1.68009066598
-1.00000000000 0.00000000000 2.42187500000 0.00375000000 0.69398448054 -1.68074366380
-1.00000000000 0.00000000000 2.42187500000 0.00500000000 0.69425874219 -1.68140789125
-1.00000000000 0.00000000000 2.42187500000 0.00625000000 0.69453764804 -1.68208336634
-1.00000000000 0.00000000000 2.42187500000 0.00750000000 0.69482120561 -1.68277010734
-1.00000000000 0.00000000000 2.42187500000 0.00875000000 0.69510942257 -1.68346813279
-1.00000000000 0.00000000000 2.43750000000 -0.01000000000 0.69128496498 -1.68500710214
-1.00000000000 0.00000000000 2.43750000000 -0.00875000000 0.69150703201 -1.68554839053
-1.00000000000 0.00000000000 2.43750000000 -0.00750000000 0.69173365714 -1.68610078928
-1.00000000000 0.00000000000 2.43750000000 -0.00625000000 0.69196484664 -1.68666431368
-1.00000000000 0.00000000000 2.43750000000 -0.00500000000 0.69220060689 -1.68723897930
-1.00000000000 0.00000000000 2.43750000000 -0.00375000000 0.69244094439 -1.68782480196
-1.00000000000 0.00000000000 2.43750000000 -0.00250000000 0.69268586574 -1.68842179773
-1.00000000000 0.00000000000 2.43750000000 -0.00125000000 0.69293537764 -1.68902998299
-1.00000000000 0.00000000000 2.43750000000 0.00000000000 0.69318948691 -1.68964937433
-1.00000000000 0.00000000000 2.43750000000 0.00125000000 0.69344820048 -1.69027998866
-1.00000000000 0.00000000000 2.43750000000 0.00250000000 0.69371152538 -1.69092184312
-1.00000000000 0.00000000000 2.43750000000 0.00375000000 0.69397946877 -1.69157495514
-1.00000000000 0.00000000000 2.43750000000 0.00500000000 0.69425203791 -1.69223934240
-1.00000000000 0.00000000000 2.43750000000 0.00625000000 0.69452924016 -1.69291502288
-1.00000000000 0.00000000000 2.43750000000 0.00750000000 0.69481108300 -1.69360201482
-1.00000000000 0.00000000000 2.43750000000 0.00875000000 0.69509757404 -1.69430033672
-1.00000000000 0.00000000000 2.45312500000 -0.01000000000 0.69129769400 -1.69583965560
-1.00000000000 0.00000000000 2.45312500000 -0.00875000000 0.69151820624 -1.69638059967
-1.00000000000 0.00000000000 2.45312500000 -0.00750000000 0.69174326630 -1.69693270015
-1.00000000000 0.00000000000 2.45312500000 -0.00625000000 0.69197288041 -1.69749597227
-1.00000000000 0.00000000000 2.45312500000 -0.00500000000 0.69220705490 -1.69807043156
-1.00000000000 0.00000000000 2.45312500000 -0.00375000000 0.69244579620 -1.69865609380
-1.00000000000 0.00000000000 2.45312500000 -0.00250000000 0.69268911085 -1.69925297505
-1.00000000000 0.00000000000 2.45312500000 -0.00125000000 0.69293700550 -1.69986109161
-1.00000000000 0.00000000000 2.45312500000 0.00000000000 0.69318948691 -1.70048046007
-1.00000000000 0.00000000000 2.45312500000 0.00125000000 0.69344656194 -1.70111109727
-1.00000000000 0.00000000000 2.45312500000 0.00250000000 0.69370823759 -1.70175302034
-1.00000000000 0.00000000000 2.45312500000 0.00375000000 0.69397452093 -1.70240624665
-1.00000000000 0.00000000000 2.45312500000 0.00500000000 0.69424541916 -1.70307079387
-1.00000000000 0.00000000000 2.45312500000 0.00625000000 0.69452093959 -1.70374667993
-1.00000000000 0.00000000000 2.45312500000 0.00750000000 0.69480108964 -1.70443392303
-1.00000000000 0.00000000000 2.45312500000 0.00875000000 0.69508587685 -1.70513254165
-1.00000000000 0.00000000000 2.46875000000 -0.01000000000 0.69131026238 -1.70667221025
-1.00000000000 0.00000000000 2.46875000000 -0.00875000000 0.69152923939 -1.70721280974
-1.00000000000 0.00000000000 2.46875000000 -0.00750000000 0.69175275410 -1.70776461169
-1.00000000000 0.00000000000 2.46875000000 -0.00625000000 0.69198081269 -1.70832763133
-1.00000000000 0.00000000000 2.46875000000 -0.00500000000 0.69221342142 -1.70890188412
-1.00000000000 0.00000000000 2.46875000000 -0.00375000000 0.69245058666 -1.70948738582
-1.00000000000 0.00000000000 2.46875000000 -0.00250000000 0.69269231491 -1.71008415244
-1.00000000000 0.00000000000 2.46875000000 -0.00125000000 0.69293861276 -1.71069220025
-1.00000000000 0.00000000000 2.46875000000 0.00000000000 0.69318948691 -1.71131154580
-1.00000000000 0.00000000000 2.46875000000 0.00125000000 0.69344494416 -1.71194220590
-1.00000000000 0.00000000000 2.46875000000 0.00250000000 0.69370499144 -1.71258419763
-1.00000000000 0.00000000000 2.46875000000 0.00375000000 0.69396963578 -1.71323753834
-1.00000000000 0.00000000000 2.46875000000 0.00500000000 0.69423888432 -1.71390224566
-1.00000000000 0.00000000000 2.46875000000 0.00625000000 0.69451274429 -1.71457833747
-1.00000000000 0.00000000000 2.46875000000 0.00750000000 0.69479122307 -1.71526583196
-1.00000000000 0.00000000000 2.46875000000 0.00875000000 0.69507432812 -1.71596474755
-1.00000000000 0.00000000000 2.48437500000 -0.01000000000 0.69132267314 -1.71750476608
-1.00000000000 0.00000000000 2.48437500000 -0.00875000000 0.69154013412 -1.71804502071
-1.00000000000 0.00000000000 2.48437500000 -0.00750000000 0.69176212283 -1.71859652391
-1.00000000000 0.00000000000 2.48437500000 -0.00625000000 0.69198864537 -1.71915929085
-1.00000000000 0.00000000000 2.48437500000 -0.00500000000 0.69221970797 -1.71973333698
-1.00000000000 0.00000000000 2.48437500000 -0.00375000000 0.69245531693 -1.72031867801
-1.00000000000 0.00000000000 2.48437500000 -0.00250000000 0.69269547870 -1.72091532991
-1.00000000000 0.00000000000 2.48437500000 -0.00125000000 0.69294019981 -1.72152330891
-1.00000000000 0.00000000000 2.48437500000 0.00000000000 0.69318948691 -1.72214263153
-1.00000000000 0.00000000000 2.48437500000 0.00125000000 0.69344334674 -1.72277331455
-1.00000000000 0.00000000000 2.48437500000 0.00250000000 0.69370178616 -1.72341537500
-1.00000000000 0.00000000000 2.48437500000 0.00375000000 0.69396481216 -1.72406883021
-1.00000000000 0.00000000000 2.48437500000 0.00500000000 0.69423243180 -1.72473369775
-1.00000000000 0.00000000000 2.48437500000 0.00625000000 0.69450465228 -1.72540999550
-1.00000000000 0.00000000000 2.48437500000 0.00750000000 0.69478148089 -1.72609774159
-1.00000000000 0.00000000000 2.48437500000 0.00875000000 0.69506292505 -1.72679695442
-1.00000000000 0.00000000000 2.50000000000 -0.01000000000 0.69133492922 -1.72833732306
-1.00000000000 0.00000000000 2.50000000000 -0.00875000000 0.69155089303 -1.72887723256
-1.00000000000 0.00000000000 2.50000000000 -0.00750000000 0.69177137471 -1.72942843678
-1.00000000000 0.00000000000 2.50000000000 -0.00625000000 0.69199638033 -1.72999095083
-1.00000000000 0.00000000000 2.50000000000 -0.00500000000 0.69222591605 -1.73056479014
-1.00000000000 0.00000000000 2.50000000000 -0.00375000000 0.69245998814 -1.73114997036
-1.00000000000 0.00000000000 2.50000000000 -0.00250000000 0.69269860298 -1.73174650745
-1.00000000000 0.00000000000 2.50000000000 -0.00125000000 0.69294176704 -1.73235441759
-1.00000000000 0.00000000000 2.50000000000 0.00000000000 0.69318948691 -1.73297371727
-1.00000000000 0.00000000000 2.50000000000 0.00125000000 0.69344176929 -1.73360442321
-1.00000000000 0.00000000000 2.50000000000 0.00250000000 0.69369862098 -1.73424655245
-1.00000000000 0.00000000000 2.50000000000 0.00375000000 0.69396004890 -1.73490012224
-1.00000000000 0.00000000000 2.50000000000 0.00500000000 0.69422606006 -1.73556515015
-1.00000000000 0.00000000000 2.50000000000 0.00625000000 0.69449666160 -1.73624165401
-1.00000000000 0.00000000000 2.50000000000 0.00750000000 0.69477186076 -1.73692965191
-1.00000000000 0.00000000000 2.50000000000 0.00875000000 0.69505166489 -1.73762916222
-1.00000000000 0.00000000000 2.51562500000 -0.01000000000 0.69134703351 -1.73916988117
-1.00000000000 0.00000000000 2.51562500000 -0.00875000000 0.69156151862 -1.73970944529
-1.00000000000 0.00000000000 2.51562500000 -0.00750000000 0.69178051191 -1.74026035029
-1.00000000000 0.00000000000 2.51562500000 -0.00625000000 0.69200401938 -1.74082261126
-1.00000000000 0.00000000000 2.51562500000 -0.00500000000 0.69223204714 -1.74139624358
-1.00000000000 0.00000000000 2.51562500000 -0.00375000000 0.69246460139 -1.74198126288
-1.00000000000 0.00000000000 2.51562500000 -0.00250000000 0.69270168847 -1.74257768506
-1.00000000000 0.00000000000 2.51562500000 -0.00125000000 0.69294331480 -1.74318552629
-1.00000000000 0.00000000000 2.51562500000 0.00000000000 0.69318948691 -1.74380480300
-1.00000000000 0.00000000000 2.51562500000 0.00125000000 0.69344021144 -1.74443553190
-1.00000000000 0.00000000000 2.51562500000 0.00250000000 0.69369549514 -1.74507772997
-1.00000000000 0.00000000000 2.51562500000 0.00375000000 0.69395534487 -1.74573141444
-1.00000000000 0.00000000000 2.51562500000 0.00500000000 0.69421976759 -1.74639660285
-1.00000000000 0.00000000000 2.51562500000 0.00625000000 0.69448877038 -1.74707331298
-1.00000000000 0.00000000000 2.51562500000 0.00750000000 0.69476236041 -1.74776156290
-1.00000000000 0.00000000000 2.51562500000 0.00875000000 0.69504054498 -1.74846137096
-1.00000000000 0.00000000000 2.53125000000 -0.01000000000 0.69135898880 -1.75000244039
-1.00000000000 0.00000000000 2.53125000000 -0.00875000000 0.69157201338 -1.75054165887
-1.00000000000 0.00000000000 2.53125000000 -0.00750000000 0.69178953656 -1.75109226443
-1.00000000000 0.00000000000 2.53125000000 -0.00625000000 0.69201156430 -1.75165427213
-1.00000000000 0.00000000000 2.53125000000 -0.00500000000 0.69223810264 -1.75222769730
-1.00000000000 0.00000000000 2.53125000000 -0.00375000000 0.69246915775 -1.75281255555
-1.00000000000 0.00000000000 2.53125000000 -0.00250000000 0.69270473590 -1.75340886274
-1.00000000000 0.00000000000 2.53125000000 -0.00125000000 0.69294484346 -1.75401663500
-1.00000000000 0.00000000000 2.53125000000 0.00000000000 0.69318948691 -1.75463588873
-1.00000000000 0.00000000000 2.53125000000 0.00125000000 0.69343867283 -1.75526664060
-1.00000000000 0.00000000000 2.53125000000 0.00250000000 0.69369240792 -1.75590890756
-1.00000000000 0.00000000000 2.53125000000 0.00375000000 0.69395069899 -1.75656270681
-1.00000000000 0.00000000000 2.53125000000 0.00500000000 0.69421355293 -1.75722805584
-1.00000000000 0.00000000000 2.53125000000 0.00625000000 0.69448097676 -1.75790497241
-1.00000000000 0.00000000000 2.53125000000 0.00750000000 0.69475297761 -1.75859347456
-1.00000000000 0.00000000000 2.53125000000 0.00875000000 0.69502956271 -1.75929358060
-1.00000000000 0.00000000000 2.54687500000 -0.01000000000 0.69137079782 -1.76083500071
-1.00000000000 0.00000000000 2.54687500000 -0.00875000000 0.69158237970 -1.76137387329
-1.00000000000 0.00000000000 2.54687500000 -0.00750000000 0.69179845072 -1.76192417919
-1.00000000000 0.00000000000 2.54687500000 -0.00625000000 0.69201901681 -1.76248593343
-1.00000000000 0.00000000000 2.54687500000 -0.00500000000 0.69224408395 -1.76305915131
-1.00000000000 0.00000000000 2.54687500000 -0.00375000000 0.69247365826 -1.76364384839
-1.00000000000 0.00000000000 2.54687500000 -0.00250000000 0.69270774596 -1.76424004050
-1.00000000000 0.00000000000 2.54687500000 -0.00125000000 0.69294635337 -1.76484774373
-1.00000000000 0.00000000000 2.54687500000 0.00000000000 0.69318948691 -1.76546697446
-1.00000000000 0.00000000000 2.54687500000 0.00125000000 0.69343715311 -1.76609774932
-1.00000000000 0.00000000000 2.54687500000 0.00250000000 0.69368935861 -1.76674008522
-1.00000000000 0.00000000000 2.54687500000 0.00375000000 0.69394611017 -1.76739399934
-1.00000000000 0.00000000000 2.54687500000 0.00500000000 0.69420741462 -1.76805950912
-1.00000000000 0.00000000000 2.54687500000 0.00625000000 0.69447327894 -1.76873663230
-1.00000000000 0.00000000000 2.54687500000 0.00750000000 0.69474371018 -1.76942538688
-1.00000000000 0.00000000000 2.54687500000 0.00875000000 0.69501871554 -1.77012579113
-1.00000000000 0.00000000000 2.56250000000 -0.01000000000 0.69138246326 -1.77166756209
-1.00000000000 0.00000000000 2.56250000000 -0.00875000000 0.69159261992 -1.77220608853
-1.00000000000 0.00000000000 2.56250000000 -0.00750000000 0.69180725641 -1.77275609456
-1.00000000000 0.00000000000 2.56250000000 -0.00625000000 0.69202637860 -1.77331759515
-1.00000000000 0.00000000000 2.56250000000 -0.00500000000 0.69224999242 -1.77389060558
-1.00000000000 0.00000000000 2.56250000000 -0.00375000000 0.69247810395 -1.77447514137
-1.00000000000 0.00000000000 2.56250000000 -0.00250000000 0.69271071934 -1.77507121832
-1.00000000000 0.00000000000 2.56250000000 -0.00125000000 0.69294784487 -1.77567885248
-1.00000000000 0.00000000000 2.56250000000 0.00000000000 0.69318948691 -1.77629806020
-1.00000000000 0.00000000000 2.56250000000 0.00125000000 0.69343565193 -1.77692885806
-1.00000000000 0.00000000000 2.56250000000 0.00250000000 0.69368634652 -1.77757126296
-1.00000000000 0.00000000000 2.56250000000 0.00375000000 0.69394157737 -1.77822529202
-1.00000000000 0.00000000000 2.56250000000 0.00500000000 0.69420135129 -1.77889096268
-1.00000000000 0.00000000000 2.56250000000 0.00625000000 0.69446567517 -1.77956829262
-1.00000000000 0.00000000000 2.56250000000 0.00750000000 0.69473455603 -1.78025729983
-1.00000000000 0.00000000000 2.56250000000 0.00875000000 0.69500800099 -1.78095800254
-1.00000000000 0.00000000000 2.57812500000 -0.01000000000 0.69139398770 -1.78250012453
-1.00000000000 0.00000000000 2.57812500000 -0.00875000000 0.69160273632 -1.78303830459
-1.00000000000 0.00000000000 2.57812500000 -0.00750000000 0.69181595560 -1.78358801052
-1.00000000000 0.00000000000 2.57812500000 -0.00625000000 0.69203365131 -1.78414925729
-1.00000000000 0.00000000000 2.57812500000 -0.00500000000 0.69225582938 -1.78472206012
-1.00000000000 0.00000000000 2.57812500000 -0.00375000000 0.69248249581 -1.78530643451
-1.00000000000 0.00000000000 2.57812500000 -0.00250000000 0.69271365671 -1.78590239621
-1.00000000000 0.00000000000 2.57812500000 -0.00125000000 0.69294931830 -1.78650996125
-1.00000000000 0.00000000000 2.57812500000 0.00000000000 0.69318948691 -1.78712914593
-1.00000000000 0.00000000000 2.57812500000 0.00125000000 0.69343416895 -1.78775996682
-1.00000000000 0.00000000000 2.57812500000 0.00250000000 0.69368337096 -1.78840244076
-1.00000000000 0.00000000000 2.57812500000 0.00375000000 0.69393709958 -1.78905658486
-1.00000000000 0.00000000000 2.57812500000 0.00500000000 0.69419536156 -1.78972241651
-1.00000000000 0.00000000000 2.57812500000 0.00625000000 0.69445816374 -1.79039995338
-1.00000000000 0.00000000000 2.57812500000 0.00750000000 0.69472551308 -1.79108921341
-1.00000000000 0.00000000000 2.57812500000 0.00875000000 0.69499741665 -1.79179021480
-1.00000000000 0.00000000000 2.59375000000 -0.01000000000 0.69140537369 -1.79333268800
-1.00000000000 0.00000000000 2.59375000000 -0.00875000000 0.69161273115 -1.79387052143
-1.00000000000 0.00000000000 2.59375000000 -0.00750000000 0.69182455020 -1.79441992707
-1.00000000000 0.00000000000 2.59375000000 -0.00625000000 0.69204083656 -1.79498091984
-1.00000000000 0.00000000000 2.59375000000 -0.00500000000 0.69226159612 -1.79555351493
-1.00000000000 0.00000000000 2.59375000000 -0.00375000000 0.69248683481 -1.79613772780
-1.00000000000 0.00000000000 2.59375000000 -0.00250000000 0.69271655871 -1.79673357417
-1.00000000000 0.00000000000 2.59375000000 -0.00125000000 0.69295077399 -1.79734107003
-1.00000000000 0.00000000000 2.59375000000 0.00000000000 0.69318948691 -1.79796023166
-1.00000000000 0.00000000000 2.59375000000 0.00125000000 0.69343270384 -1.79859107559
-1.00000000000 0.00000000000 2.59375000000 0.00250000000 0.69368043128 -1.79923361863
-1.00000000000 0.00000000000 2.59375000000 0.00375000000 0.69393267580 -1.79988787785
-1.00000000000 0.00000000000 2.59375000000 0.00500000000 0.69418944410 -1.80055387062
-1.00000000000 0.00000000000 2.59375000000 0.00625000000 0.69445074297 -1.80123161457
-1.00000000000 0.00000000000 2.59375000000 0.00750000000 0.69471657932 -1.80192112760
-1.00000000000 0.00000000000 2.59375000000 0.00875000000 0.69498696016 -1.80262242791
-1.00000000000 0.00000000000 2.60937500000 -0.01000000000 0.69141662371 -1.80416525249
-1.00000000000 0.00000000000 2.60937500000 -0.00875000000 0.69162260658 -1.80470273906
-1.00000000000 0.00000000000 2.60937500000 -0.00750000000 0.69183304209 -1.80525184420
-1.00000000000 0.00000000000 2.60937500000 -0.00625000000 0.69204793592 -1.80581258279
-1.00000000000 0.00000000000 2.60937500000 -0.00500000000 0.69226729389 -1.80638496999
-1.00000000000 0.00000000000 2.60937500000 -0.00375000000 0.69249112191 -1.80696902123
-1.00000000000 0.00000000000 2.60937500000 -0.00250000000 0.69271942599 -1.80756475219
-1.00000000000 0.00000000000 2.60937500000 -0.00125000000 0.69295221225 -1.80817217883
-1.00000000000 0.00000000000 2.60937500000 0.00000000000 0.69318948691 -1.80879131740
-1.00000000000 0.00000000000 2.60937500000 0.00125000000 0.69343125629 -1.80942218438
-1.00000000000 0.00000000000 2.60937500000 0.00250000000 0.69367752683 -1.81006479656
-1.00000000000 0.00000000000 2.60937500000 0.00375000000 0.69392830505 -1.81071917099
-1.00000000000 0.00000000000 2.60937500000 0.00500000000 0.69418359760 -1.81138532500
-1.00000000000 0.00000000000 2.60937500000 0.00625000000 0.69444341123 -1.81206327618
-1.00000000000 0.00000000000 2.60937500000 0.00750000000 0.69470775278 -1.81275304241
-1.00000000000 0.00000000000 2.60937500000 0.00875000000 0.69497662921 -1.81345464185
-1.00000000000 0.00000000000 2.62500000000 -0.01000000000 0.69142774018 -1.81499781797
-1.00000000000 0.00000000000 2.62500000000 -0.00875000000 0.69163236474 -1.81553495745
-1.00000000000 0.00000000000 2.62500000000 -0.00750000000 0.69184143310 -1.81608376189
-1.00000000000 0.00000000000 2.62500000000 -0.00625000000 0.69205495091 -1.81664424613
-1.00000000000 0.00000000000 2.62500000000 -0.00500000000 0.69227292393 -1.81721642531
-1.00000000000 0.00000000000 2.62500000000 -0.00375000000 0.69249535802 -1.81780031480
-1.00000000000 0.00000000000 2.62500000000 -0.00250000000 0.69272225915 -1.81839593027
-1.00000000000 0.00000000000 2.62500000000 -0.00125000000 0.69295363339 -1.81900328765
-1.00000000000 0.00000000000 2.62500000000 0.00000000000 0.69318948691 -1.81962240313
-1.00000000000 0.00000000000 2.62500000000 0.00125000000 0.69342982598 -1.82025329319
-1.00000000000 0.00000000000 2.62500000000 0.00250000000 0.69367465698 -1.82089597456
-1.00000000000 0.00000000000 2.62500000000 0.00375000000 0.69392398639 -1.82155046428
-1.00000000000 0.00000000000 2.62500000000 0.00500000000 0.69417782081 -1.82221677963
-1.00000000000 0.00000000000 2.62500000000 0.00625000000 0.69443616693 -1.82289493819
-1.00000000000 0.00000000000 2.62500000000 0.00750000000 0.69469903154 -1.82358495780
-1.00000000000 0.00000000000 2.62500000000 0.00875000000 0.69496642156 -1.82428685660
-1.00000000000 0.00000000000 2.64062500000 -0.01000000000 0.69143872546 -1.82583038443
-1.00000000000 0.00000000000 2.64062500000 -0.00875000000 0.69164200770 -1.82636717659
-1.00000000000 0.00000000000 2.64062500000 -0.00750000000 0.69184972502 -1.82691568013
-1.00000000000 0.00000000000 2.64062500000 -0.00625000000 0.69206188303 -1.82747590986
-1.00000000000 0.00000000000 2.64062500000 -0.00500000000 0.69227848743 -1.82804788087
-1.00000000000 0.00000000000 2.64062500000 -0.00375000000 0.69249954405 -1.82863160852
-1.00000000000 0.00000000000 2.64062500000 -0.00250000000 0.69272505881 -1.82922710842
-1.00000000000 0.00000000000 2.64062500000 -0.00125000000 0.69295503772 -1.82983439648
-1.00000000000 0.00000000000 2.64062500000 0.00000000000 0.69318948691 -1.83045348886
-1.00000000000 0.00000000000 2.64062500000 0.00125000000 0.69342841259 -1.83108440201
-1.00000000000 0.00000000000 2.64062500000 0.00250000000 0.69367182111 -1.83172715263
-1.00000000000 0.00000000000 2.64062500000 0.00375000000 0.69391971890 -1.83238175771
-1.00000000000 0.00000000000 2.64062500000 0.00500000000 0.69417211248 -1.83304823453
-1.00000000000 0.00000000000 2.64062500000 0.00625000000 0.69442900852 -1.83372660061
-1.00000000000 0.00000000000 2.64062500000 0.00750000000 0.69469041374 -1.83441687379
-1.00000000000 0.00000000000 2.64062500000 0.00875000000 0.69495633501 -1.83511907214
-1.00000000000 0.00000000000 2.65625000000 -0.01000000000 0.69144958187 -1.83666295185
-1.00000000000 0.00000000000 2.65625000000 -0.00875000000 0.69165153750 -1.83719939648
-1.00000000000 0.00000000000 2.65625000000 -0.00750000000 0.69185791959 -1.83774759892
-1.00000000000 0.00000000000 2.65625000000 -0.00625000000 0.69206873373 -1.83830757397
-1.00000000000 0.00000000000 2.65625000000 -0.00500000000 0.69228398558 -1.83887933668
-1.00000000000 0.00000000000 2.65625000000 -0.00375000000 0.69250368089 -1.83946290237
-1.00000000000 0.00000000000 2.65625000000 -0.00250000000 0.69272782556 -1.84005828663
-1.00000000000 0.00000000000 2.65625000000 -0.00125000000 0.69295642554 -1.84066550533
-1.00000000000 0.00000000000 2.65625000000 0.00000000000 0.69318948691 -1.84128457460
-1.00000000000 0.00000000000 2.65625000000 0.00125000000 0.69342701585 -1.84191551084
-1.00000000000 0.00000000000 2.65625000000 0.00250000000 0.69366901864 -1.84255833075
-1.00000000000 0.00000000000 2.65625000000 0.00375000000 0.69391550166 -1.84321305129
-1.00000000000 0.00000000000 2.65625000000 0.00500000000 0.69416647141 -1.84387968968
-1.00000000000 0.00000000000 2.65625000000 0.00625000000 0.69442193447 -1.84455826343
-1.00000000000 0.00000000000 2.65625000000 0.00750000000 0.69468189754 -1.84524879034
-1.00000000000 0.00000000000 2.65625000000 0.00875000000 0.69494636743 -1.84595128848
-1.00000000000 0.00000000000 2.67187500000 -0.01000000000 0.69146031166 -1.84749552021
-1.00000000000 0.00000000000 2.67187500000 -0.00875000000 0.69166095610 -1.84803161708
-1.00000000000 0.00000000000 2.67187500000 -0.00750000000 0.69186601853 -1.84857951825
-1.00000000000 0.00000000000 2.67187500000 -0.00625000000 0.69207550445 -1.84913923846
-1.00000000000 0.00000000000 2.67187500000 -0.00500000000 0.69228941950 -1.84971079273
-1.00000000000 0.00000000000 2.67187500000 -0.00375000000 0.69250776940 -1.85029419636
-1.00000000000 0.00000000000 2.67187500000 -0.00250000000 0.69273055996 -1.85088946490
-1.00000000000 0.00000000000 2.67187500000 -0.00125000000 0.69295779712 -1.85149661419
-1.00000000000 0.00000000000 2.67187500000 0.00000000000 0.69318948691 -1.85211566033
-1.00000000000 0.00000000000 2.67187500000 0.00125000000 0.69342563544 -1.85274661969
-1.00000000000 0.00000000000 2.67187500000 0.00250000000 0.69366624896 -1.85338950894
-1.00000000000 0.00000000000 2.67187500000 0.00375000000 0.69391133380 -1.85404434500
-1.00000000000 0.00000000000 2.67187500000 0.00500000000 0.69416089640 -1.85471114507
-1.00000000000 0.00000000000 2.67187500000 0.00625000000 0.69441494330 -1.85538992664
-1.00000000000 0.00000000000 2.67187500000 0.00750000000 0.69467348116 -1.85608070746
-1.00000000000 0.00000000000 2.67187500000 0.00875000000 0.69493651671 -1.85678350558
-1.00000000000 0.00000000000 2.68750000000 -0.01000000000 0.69147091702 -1.85832808950
-1.00000000000 0.00000000000 2.68750000000 -0.00875000000 0.69167026545 -1.85886383841
-1.00000000000 0.00000000000 2.68750000000 -0.00750000000 0.69187402348 -1.85941143810
-1.00000000000 0.00000000000 2.68750000000 -0.00625000000 0.69208219658 -1.85997090331
-1.00000000000 0.00000000000 2.68750000000 -0.00500000000 0.69229479033 -1.86054224902
-1.00000000000 0.00000000000 2.68750000000 -0.00375000000 0.69251181041 -1.86112549048
-1.00000000000 0.00000000000 2.68750000000 -0.00250000000 0.69273326260 -1.86172064323
-1.00000000000 0.00000000000 2.68750000000 -0.00125000000 0.69295915277 -1.86232772307
-1.00000000000 0.00000000000 2.68750000000 0.00000000000 0.69318948691 -1.86294674606
-1.00000000000 0.00000000000 2.68750000000 0.00125000000 0.69342427109 -1.86357772856
-1.00000000000 0.00000000000 2.68750000000 0.00250000000 0.69366351151 -1.86422068719
-1.00000000000 0.00000000000 2.68750000000 0.00375000000 0.69390721446 -1.86487563885
-1.00000000000 0.00000000000 2.68750000000 0.00500000000 0.69415538631 -1.86554260071
-1.00000000000 0.00000000000 2.68750000000 0.00625000000 0.69440803357 -1.86622159023
-1.00000000000 0.00000000000 2.68750000000 0.00750000000 0.69466516284 -1.86691262514
-1.00000000000 0.00000000000 2.68750000000 0.00875000000 0.69492678082 -1.86761572344
-1.00000000000 0.00000000000 2.70312500000 -0.01000000000 0.69148140012 -1.86916065971
-1.00000000000 0.00000000000 2.70312500000 -0.00875000000 0.69167946744 -1.86969606043
-1.00000000000 0.00000000000 2.70312500000 -0.00750000000 0.69188193608 -1.87024335847
-1.00000000000 0.00000000000 2.70312500000 -0.00625000000 0.69208881148 -1.87080256852
-1.00000000000 0.00000000000 2.70312500000 -0.00500000000 0.69230009916 -1.87137370554
-1.00000000000 0.00000000000 2.70312500000 -0.00375000000 0.69251580476 -1.87195678474
-1.00000000000 0.00000000000 2.70312500000 -0.00250000000 0.69273593401 -1.87255182162
-1.00000000000 0.00000000000 2.70312500000 -0.00125000000 0.69296049275 -1.87315883196
-1.00000000000 0.00000000000 2.70312500000 0.00000000000 0.69318948691 -1.87377783179
-1.00000000000 0.00000000000 2.70312500000 0.00125000000 0.69342292252 -1.87440883744
-1.00000000000 0.00000000000 2.70312500000 0.00250000000 0.69366080573 -1.87505186550
-1.00000000000 0.00000000000 2.70312500000 0.00375000000 0.69390314278 -1.87570693283
-1.00000000000 0.00000000000 2.70312500000 0.00500000000 0.69414994001 -1.87637405659
-1.00000000000 0.00000000000 2.70312500000 0.00625000000 0.69440120386 -1.87705325420
-1.00000000000 0.00000000000 2.70312500000 0.00750000000 0.69465694089 -1.87774454336
-1.00000000000 0.00000000000 2.70312500000 0.00875000000 0.69491715775 -1.87844794205
-1.00000000000 0.00000000000 2.71875000000 -0.01000000000 0.69149176306 -1.87999323081
-1.00000000000 0.00000000000 2.71875000000 -0.00875000000 0.69168856391 -1.88052828314
-1.00000000000 0.00000000000 2.71875000000 -0.00750000000 0.69188975792 -1.88107527935
-1.00000000000 0.00000000000 2.71875000000 -0.00625000000 0.69209535047 -1.88163423409
-1.00000000000 0.00000000000 2.71875000000 -0.00500000000 0.69230534705 -1.88220516228
-1.00000000000 0.00000000000 2.71875000000 -0.00375000000 0.69251975324 -1.88278807912
-1.00000000000 0.00000000000 2.71875000000 -0.00250000000 0.69273857474 -1.88338300007
-1.00000000000 0.00000000000 2.71875000000 -0.00125000000 0.69296181733 -1.88398994086
-1.00000000000 0.00000000000 2.71875000000 0.00000000000 0.69318948691 -1.88460891753
-1.00000000000 0.00000000000 2.71875000000 0.00125000000 0.69342158946 -1.88523994634
-1.00000000000 0.00000000000 2.71875000000 0.00250000000 0.69365813108 -1.88588304387
-1.00000000000 0.00000000000 2.71875000000 0.00375000000 0.69389911796 -1.88653822695
-1.00000000000 0.00000000000 2.71875000000 0.00500000000 0.69414455640 -1.88720551271
-1.00000000000 0.00000000000 2.71875000000 0.00625000000 0.69439445279 -1.88788491853
-1.00000000000 0.00000000000 2.71875000000 0.00750000000 0.69464881365 -1.88857646211
-1.00000000000 0.00000000000 2.71875000000 0.00875000000 0.69490764557 -1.88928016139
-1.00000000000 0.00000000000 2.73437500000 -0.01000000000 0.69150200788 -1.89082580279
-1.00000000000 0.00000000000 2.73437500000 -0.00875000000 0.69169755667 -1.89136050653
-1.00000000000 0.00000000000 2.73437500000 -0.00750000000 0.69189749055 -1.89190720073
-1.00000000000 0.00000000000 2.73437500000 -0.00625000000 0.69210181486 -1.89246590001
-1.00000000000 0.00000000000 2.73437500000 -0.00500000000 0.69231053504 -1.89303661925
-1.00000000000 0.00000000000 2.73437500000 -0.00375000000 0.69252365664 -1.89361937363
-1.00000000000 0.00000000000 2.73437500000 -0.00250000000 0.69274118531 -1.89421417857
-1.00000000000 0.00000000000 2.73437500000 -0.00125000000 0.69296312678 -1.89482104979
-1.00000000000 0.00000000000 2.73437500000 0.00000000000 0.69318948691 -1.89544000326
-1.00000000000 0.00000000000 2.73437500000 0.00125000000 0.69342027163 -1.89607105525
-1.00000000000 0.00000000000 2.73437500000 0.00250000000 0.69365548701 -1.89671422229
-1.00000000000 0.00000000000 2.73437500000 0.00375000000 0.69389513918 -1.89736952120
-1.00000000000 0.00000000000 2.73437500000 0.00500000000 0.69413923440 -1.89803696906
-1.00000000000 0.00000000000 2.73437500000 0.00625000000 0.69438777901 -1.89871658324
-1.00000000000 0.00000000000 2.73437500000 0.00750000000 0.69464077948 -1.89940838139
-1.00000000000 0.00000000000 2.73437500000 0.00875000000 0.69489824236 -1.90011238144
-1.00000000000 0.00000000000 2.75000000000 -0.01000000000 0.69151213660 -1.90165837564
-1.00000000000 0.00000000000 2.75000000000 -0.00875000000 0.69170644749 -1.90219273059
-1.00000000000 0.00000000000 2.75000000000 -0.00750000000 0.69190513549 -1.90273912260
-1.00000000000 0.00000000000 2.75000000000 -0.00625000000 0.69210820591 -1.90329756626
-1.00000000000 0.00000000000 2.75000000000 -0.00500000000 0.69231566416 -1.90386807644
-1.00000000000 0.00000000000 2.75000000000 -0.00375000000 0.69252751573 -1.90445066826
-1.00000000000 0.00000000000 2.75000000000 -0.00250000000 0.69274376623 -1.90504535713
-1.00000000000 0.00000000000 2.75000000000 -0.00125000000 0.69296442135 -1.90565215872
-1.00000000000 0.00000000000 2.75000000000 0.00000000000 0.69318948691 -1.90627108899
-1.00000000000 0.00000000000 2.75000000000 0.00125000000 0.69341896879 -1.90690216418
-1.00000000000 0.00000000000 2.75000000000 0.00250000000 0.69365287301 -1.90754540077
-1.00000000000 0.00000000000 2.75000000000 0.00375000000 0.69389120566 -1.90820081557
-1.00000000000 0.00000000000 2.75000000000 0.00500000000 0.69413397296 -1.90886842563
-1.00000000000 0.00000000000 2.75000000000 0.00625000000 0.69438118120 -1.90954824829
-1.00000000000 0.00000000000 2.75000000000 0.00750000000 0.69463283679 -1.91024030118
-1.00000000000 0.00000000000 2.75000000000 0.00875000000 0.69488894626 -1.91094460221
-1.00000000000 0.00000000000 2.76562500000 -0.01000000000 0.69152215117 -1.91249094934
-1.00000000000 0.00000000000 2.76562500000 -0.00875000000 0.69171523807 -1.91302495530
-1.00000000000 0.00000000000 2.76562500000 -0.00750000000 0.69191269422 -1.91357104495
-1.00000000000 0.00000000000 2.76562500000 -0.00625000000 0.69211452488 -1.91412923286
-1.00000000000 0.00000000000 2.76562500000 -0.00500000000 0.69232073540 -1.91469953385
-1.00000000000 0.00000000000 2.76562500000 -0.00375000000 0.69253133126 -1.91528196301
-1.00000000000 0.00000000000 2.76562500000 -0.00250000000 0.69274631801 -1.91587653574
-1.00000000000 0.00000000000 2.76562500000 -0.00125000000 0.69296570130 -1.91648326767
-1.00000000000 0.00000000000 2.76562500000 0.00000000000 0.69318948691 -1.91710217473
-1.00000000000 0.00000000000 2.76562500000 0.00125000000 0.69341768067 -1.91773327311
-1.00000000000 0.00000000000 2.76562500000 0.00250000000 0.69365028856 -1.91837657931
-1.00000000000 0.00000000000 2.76562500000 0.00375000000 0.69388731664 -1.91903211007
-1.00000000000 0.00000000000 2.76562500000 0.00500000000 0.69412877105 -1.91969988243
-1.00000000000 0.00000000000 2.76562500000 0.00625000000 0.69437465806 -1.92037991370
-1.00000000000 0.00000000000 2.76562500000 0.00750000000 0.69462498404 -1.92107222149
-1.00000000000 0.00000000000 2.76562500000 0.00875000000 0.69487975545 -1.92177682366
-1.00000000000 0.00000000000 2.78125000000 -0.01000000000 0.69153205353 -1.92332352387
-1.00000000000 0.00000000000 2.78125000000 -0.00875000000 0.69172393012 -1.92385718065
-1.00000000000 0.00000000000 2.78125000000 -0.00750000000 0.69192016819 -1.92440296778
-1.00000000000 0.00000000000 2.78125000000 -0.00625000000 0.69212077296 -1.92496089979
-1.00000000000 0.00000000000 2.78125000000 -0.00500000000 0.69232574974 -1.92553099147
-1.00000000000 0.00000000000 2.78125000000 -0.00375000000 0.69253510396 -1.92611325789
-1.00000000000 0.00000000000 2.78125000000 -0.00250000000 0.69274884113 -1.92670771440
-1.00000000000 0.00000000000 2.78125000000 -0.00125000000 0.69296696688 -1.92731437663
-1.00000000000 0.00000000000 2.78125000000 0.00000000000 0.69318948691 -1.92793326046
-1.00000000000 0.00000000000 2.78125000000 0.00125000000 0.69341640703 -1.92856438207
-1.00000000000 0.00000000000 2.78125000000 0.00250000000 0.69364773318 -1.92920775790
-1.00000000000 0.00000000000 2.78125000000 0.00375000000 0.69388347135 -1.92986340469
-1.00000000000 0.00000000000 2.78125000000 0.00500000000 0.69412362767 -1.93053133945
-1.00000000000 0.00000000000 2.78125000000 0.00625000000 0.69436820834 -1.93121157946
-1.00000000000 0.00000000000 2.78125000000 0.00750000000 0.69461721970 -1.93190414229
-1.00000000000 0.00000000000 2.78125000000 0.00875000000 0.69487066815 -1.93260904580
-1.00000000000 0.00000000000 2.79687500000 -0.01000000000 0.69154184553 -1.93415609923
-1.00000000000 0.00000000000 2.79687500000 -0.00875000000 0.69173252528 -1.93468940664
-1.00000000000 0.00000000000 2.79687500000 -0.00750000000 0.69192755882 -1.93523489107
-1.00000000000 0.00000000000 2.79687500000 -0.00625000000 0.69212695134 -1.93579256704
-1.00000000000 0.00000000000 2.79687500000 -0.00500000000 0.69233070813 -1.93636244929
-1.00000000000 0.00000000000 2.79687500000 -0.00375000000 0.69253883455 -1.93694455288
-1.00000000000 0.00000000000 2.79687500000 -0.00250000000 0.69275133609 -1.93753889312
-1.00000000000 0.00000000000 2.79687500000 -0.00125000000 0.69296821832 -1.93814548560
-1.00000000000 0.00000000000 2.79687500000 0.00000000000 0.69318948691 -1.93876434619
-1.00000000000 0.00000000000 2.79687500000 0.00125000000 0.69341514763 -1.93939549103
-1.00000000000 0.00000000000 2.79687500000 0.00250000000 0.69364520636 -1.94003893655
-1.00000000000 0.00000000000 2.79687500000 0.00375000000 0.69387966907 -1.94069469944
-1.00000000000 0.00000000000 2.79687500000 0.00500000000 0.69411854183 -1.94136279668
-1.00000000000 0.00000000000 2.79687500000 0.00625000000 0.69436183081 -1.94204324555
-1.00000000000 0.00000000000 2.79687500000 0.00750000000 0.69460954229 -1.94273606359
-1.00000000000 0.00000000000 2.79687500000 0.00875000000 0.69486168263 -1.94344126861
-1.00000000000 0.00000000000 2.81250000000 -0.01000000000 0.69155152903 -1.94498867540
-1.00000000000 0.00000000000 2.81250000000 -0.00875000000 0.69174102515 -1.94552163324
-1.00000000000 0.00000000000 2.81250000000 -0.00750000000 0.69193486749 -1.94606681483
-1.00000000000 0.00000000000 2.81250000000 -0.00625000000 0.69213306119 -1.94662423461
-1.00000000000 0.00000000000 2.81250000000 -0.00500000000 0.69233561149 -1.94719390733
-1.00000000000 0.00000000000 2.81250000000 -0.00375000000 0.69254252373 -1.94777584799
-1.00000000000 0.00000000000 2.81250000000 -0.00250000000 0.69275380334 -1.94837007189
-1.00000000000 0.00000000000 2.81250000000 -0.00125000000 0.69296945585 -1.94897659459
-1.00000000000 0.00000000000 2.81250000000 0.00000000000 0.69318948691 -1.94959543192
-1.00000000000 0.00000000000 2.81250000000 0.00125000000 0.69341390223 -1.95022660001
-1.00000000000 0.00000000000 2.81250000000 0.00250000000 0.69364270764 -1.95087011524
-1.00000000000 0.00000000000 2.81250000000 0.00375000000 0.69387590908 -1.95152599430
-1.00000000000 0.00000000000 2.81250000000 0.00500000000 0.69411351258 -1.95219425413
-1.00000000000 0.00000000000 2.81250000000 0.00625000000 0.69435552426 -1.95287491198
-1.00000000000 0.00000000000 2.81250000000 0.00750000000 0.69460195035 -1.95356798537
-1.00000000000 0.00000000000 2.81250000000 0.00875000000 0.69485279719 -1.95427349209
-1.00000000000 0.00000000000 2.82812500000 -0.01000000000 0.69156110581 -1.95582125236
-1.00000000000 0.00000000000 2.82812500000 -0.00875000000 0.69174943132 -1.95635386046
-1.00000000000 0.00000000000 2.82812500000 -0.00750000000 0.69194209557 -1.95689873903
-1.00000000000 0.00000000000 2.82812500000 -0.00625000000 0.69213910364 -1.95745590249
-1.00000000000 0.00000000000 2.82812500000 -0.00500000000 0.69234046075 -1.95802536556
-1.00000000000 0.00000000000 2.82812500000 -0.00375000000 0.69254617219 -1.95860714322
-1.00000000000 0.00000000000 2.82812500000 -0.00250000000 0.69275624335 -1.95920125072
-1.00000000000 0.00000000000 2.82812500000 -0.00125000000 0.69297067972 -1.95980770359
-1.00000000000 0.00000000000 2.82812500000 0.00000000000 0.69318948691 -1.96042651766
-1.00000000000 0.00000000000 2.82812500000 0.00125000000 0.69341267059 -1.96105770900
-1.00000000000 0.00000000000 2.82812500000 0.00250000000 0.69364023655 -1.96170129399
-1.00000000000 0.00000000000 2.82812500000 0.00375000000 0.69387219068 -1.96235728928
-1.00000000000 0.00000000000 2.82812500000 0.00500000000 0.69410853898 -1.96302571179
-1.00000000000 0.00000000000 2.82812500000 0.00625000000 0.69434928751 -1.96370657874
-1.00000000000 0.00000000000 2.82812500000 0.00750000000 0.69459444247 -1.96439990762
-1.00000000000 0.00000000000 2.82812500000 0.00875000000 0.69484401015 -1.96510571621
-1.00000000000 0.00000000000 2.84375000000 -0.01000000000 0.69157057762 -1.96665383011
-1.00000000000 0.00000000000 2.84375000000 -0.00875000000 0.69175774533 -1.96718608829
-1.00000000000 0.00000000000 2.84375000000 -0.00750000000 0.69194924437 -1.96773066368
-1.00000000000 0.00000000000 2.84375000000 -0.00625000000 0.69214507980 -1.96828757069
-1.00000000000 0.00000000000 2.84375000000 -0.00500000000 0.69234525679 -1.96885682400
-1.00000000000 0.00000000000 2.84375000000 -0.00375000000 0.69254978059 -1.96943843855
-1.00000000000 0.00000000000 2.84375000000 -0.00250000000 0.69275865656 -1.97003242959
-1.00000000000 0.00000000000 2.84375000000 -0.00125000000 0.69297189015 -1.97063881260
-1.00000000000 0.00000000000 2.84375000000 0.00000000000 0.69318948691 -1.97125760339
-1.00000000000 0.00000000000 2.84375000000 0.00125000000 0.69341145249 -1.97188881801
-1.00000000000 0.00000000000 2.84375000000 0.00250000000 0.69363779263 -1.97253247279
-1.00000000000 0.00000000000 2.84375000000 0.00375000000 0.69386851319 -1.97318858437
-1.00000000000 0.00000000000 2.84375000000 0.00500000000 0.69410362010 -1.97385716965
-1.00000000000 0.00000000000 2.84375000000 0.00625000000 0.69434311941 -1.97453824582
-1.00000000000 0.00000000000 2.84375000000 0.00750000000 0.69458701726 -1.97523183034
-1.00000000000 0.00000000000 2.84375000000 0.00875000000 0.69483531990 -1.97593794097
-1.00000000000 0.00000000000 2.85937500000 -0.01000000000 0.69157994619 -1.97748640862
-1.00000000000 0.00000000000 2.85937500000 -0.00875000000 0.69176596868 -1.97801831670
-1.00000000000 0.00000000000 2.85937500000 -0.00750000000 0.69195631520 -1.97856258876
-1.00000000000 0.00000000000 2.85937500000 -0.00625000000 0.69215099076 -1.97911923919
-1.00000000000 0.00000000000 2.85937500000 -0.00500000000 0.69235000048 -1.97968828263
-1.00000000000 0.00000000000 2.85937500000 -0.00375000000 0.69255334960 -1.98026973400
-1.00000000000 0.00000000000 2.85937500000 -0.00250000000 0.69276104341 -1.98086360851
-1.00000000000 0.00000000000 2.85937500000 -0.00125000000 0.69297308735 -1.98146992163
-1.00000000000 0.00000000000 2.85937500000 0.00000000000 0.69318948691 -1.98208868912
-1.00000000000 0.00000000000 2.85937500000 0.00125000000 0.69341024770 -1.98271992702
-1.00000000000 0.00000000000 2.85937500000 0.00250000000 0.69363537544 -1.98336365164
-1.00000000000 0.00000000000 2.85937500000 0.00375000000 0.69386487592 -1.98401987958
-1.00000000000 0.00000000000 2.85937500000 0.00500000000 0.69409875505 -1.98468862772
-1.00000000000 0.00000000000 2.85937500000 0.00625000000 0.69433701883 -1.98536991322
-1.00000000000 0.00000000000 2.85937500000 0.00750000000 0.69457967336 -1.98606375352
-1.00000000000 0.00000000000 2.85937500000 0.00875000000 0.69482672484 -1.98677016635
-1.00000000000 0.00000000000 2.87500000000 -0.01000000000 0.69158921318 -1.98831898790
-1.00000000000 0.00000000000 2.87500000000 -0.00875000000 0.69177410285 -1.98885054570
-1.00000000000 0.00000000000 2.87500000000 -0.00750000000 0.69196330931 -1.98939451428
-1.00000000000 0.00000000000 2.87500000000 -0.00625000000 0.69215683756 -1.98995090799
-1.00000000000 0.00000000000 2.87500000000 -0.00500000000 0.69235469268 -1.99051974145
-1.00000000000 0.00000000000 2.87500000000 -0.00375000000 0.69255687985 -1.99110102956
-1.00000000000 0.00000000000 2.87500000000 -0.00250000000 0.69276340434 -1.99169478748
-1.00000000000 0.00000000000 2.87500000000 -0.00125000000 0.69297427154 -1.99230103067
-1.00000000000 0.00000000000 2.87500000000 0.00000000000 0.69318948691 -1.99291977486
-1.00000000000 0.00000000000 2.87500000000 0.00125000000 0.69340905602 -1.99355103605
-1.00000000000 0.00000000000 2.87500000000 0.00250000000 0.69363298454 -1.99419483054
-1.00000000000 0.00000000000 2.87500000000 0.00375000000 0.69386127823 -1.99485117490
-1.00000000000 0.00000000000 2.87500000000 0.00500000000 0.69409394295 -1.99552008599
-1.00000000000 0.00000000000 2.87500000000 0.00625000000 0.69433098467 -1.99620158093
-1.00000000000 0.00000000000 2.87500000000 0.00750000000 0.69457240944 -1.99689567715
-1.00000000000 0.00000000000 2.87500000000 0.00875000000 0.69481822343 -1.99760239236
-1.00000000000 0.00000000000 2.89062500000 -0.01000000000 0.69159838025 -1.99915156792
-1.00000000000 0.00000000000 2.89062500000 -0.00875000000 0.69178214928 -1.99968277527
-1.00000000000 0.00000000000 2.89062500000 -0.00750000000 0.69197022797 -2.00022644022
-1.00000000000 0.00000000000 2.89062500000 -0.00625000000 0.69216262126 -2.00078257709
-1.00000000000 0.00000000000 2.89062500000 -0.00500000000 0.69235933421 -2.00135120046
-1.00000000000 0.00000000000 2.89062500000 -0.00375000000 0.69256037197 -2.00193232522
-1.00000000000 0.00000000000 2.89062500000 -0.00250000000 0.69276573976 -2.00252596650
-1.00000000000 0.00000000000 2.89062500000 -0.00125000000 0.69297544293 -2.00313213972
-1.00000000000 0.00000000000 2.89062500000 0.00000000000 0.69318948691 -2.00375086059
-1.00000000000 0.00000000000 2.89062500000 0.00125000000 0.69340787722 -2.00438214509
-1.00000000000 0.00000000000 2.89062500000 0.00250000000 0.69363061950 -2.00502600949
-1.00000000000 0.00000000000 2.89062500000 0.00375000000 0.69385771947 -2.00568247033
-1.00000000000 0.00000000000 2.89062500000 0.00500000000 0.69408918294 -2.00635154445
-1.00000000000 0.00000000000 2.89062500000 0.00625000000 0.69432501585 -2.00703324894
-1.00000000000 0.00000000000 2.89062500000 0.00750000000 0.69456522421 -2.00772760122
-1.00000000000 0.00000000000 2.89062500000 0.00875000000 0.69480981413 -2.00843461897
-1.00000000000 0.00000000000 2.90625000000 -0.01000000000 0.69160744900 -2.00998414867
-1.00000000000 0.00000000000 2.90625000000 -0.00875000000 0.69179010938 -2.01051500540
-1.00000000000 0.00000000000 2.90625000000 -0.00750000000 0.69197707237 -2.01105836657
-1.00000000000 0.00000000000 2.90625000000 -0.00625000000 0.69216834287 -2.01161424647
-1.00000000000 0.00000000000 2.90625000000 -0.00500000000 0.69236392591 -2.01218265966
-1.00000000000 0.00000000000 2.90625000000 -0.00375000000 0.69256382658 -2.01276362099
-1.00000000000 0.00000000000 2.90625000000 -0.00250000000 0.69276805008 -2.01335714556
-1.00000000000 0.00000000000 2.90625000000 -0.00125000000 0.69297660173 -2.01396324878
-1.00000000000 0.00000000000 2.90625000000 0.00000000000 0.69318948691 -2.01458194632
-1.00000000000 0.00000000000 2.90625000000 0.00125000000 0.69340671110 -2.01521325415
-1.00000000000 0.00000000000 2.90625000000 0.00250000000 0.69362827991 -2.01585718849
-1.00000000000 0.00000000000 2.90625000000 0.00375000000 0.69385419901 -2.01651376587
-1.00000000000 0.00000000000 2.90625000000 0.00500000000 0.69408447418 -2.01718300310
-1.00000000000 0.00000000000 2.90625000000 0.00625000000 0.69431911132 -2.01786491726
-1.00000000000 0.00000000000 2.90625000000 0.00750000000 0.69455811638 -2.01855952574
-1.00000000000 0.00000000000 2.90625000000 0.00875000000 0.69480149546 -2.01926684618
-1.00000000000 0.00000000000 2.92187500000 -0.01000000000 0.69161642101 -2.02081673014
-1.00000000000 0.00000000000 2.92187500000 -0.00875000000 0.69179798454 -2.02134723609
-1.00000000000 0.00000000000 2.92187500000 -0.00750000000 0.69198384371 -2.02189029333
-1.00000000000 0.00000000000 2.92187500000 -0.00625000000 0.69217400339 -2.02244591614
-1.00000000000 0.00000000000 2.92187500000 -0.00500000000 0.69236846855 -2.02301411905
-1.00000000000 0.00000000000 2.92187500000 -0.00375000000 0.69256724427 -2.02359491686
-1.00000000000 0.00000000000 2.92187500000 -0.00250000000 0.69277033572 -2.02418832467
-1.00000000000 0.00000000000 2.92187500000 -0.00125000000 0.69297774814 -2.02479435785
-1.00000000000 0.00000000000 2.92187500000 0.00000000000 0.69318948691 -2.02541303205
-1.00000000000 0.00000000000 2.92187500000 0.00125000000 0.69340555746 -2.02604436321
-1.00000000000 0.00000000000 2.92187500000 0.00250000000 0.69362596536 -2.02668836753
-1.00000000000 0.00000000000 2.92187500000 0.00375000000 0.69385071624 -2.02734506152
-1.00000000000 0.00000000000 2.92187500000 0.00500000000 0.69407981585 -2.02801446194
-1.00000000000 0.00000000000 2.92187500000 0.00625000000 0.69431327003 -2.02869658588
-1.00000000000 0.00000000000 2.92187500000 0.00750000000 0.69455108472 -2.02939145068
-1.00000000000 0.00000000000 2.92187500000 0.00875000000 0.69479326596 -2.03009907398
-1.00000000000 0.00000000000 2.93750000000 -0.01000000000 0.69162529781 -2.03164931233
-1.00000000000 0.00000000000 2.93750000000 -0.00875000000 0.69180577611 -2.03217946732
-1.00000000000 0.00000000000 2.93750000000 -0.00750000000 0.69199054315 -2.03272222050
-1.00000000000 0.00000000000 2.93750000000 -0.00625000000 0.69217960378 -2.03327758609
-1.00000000000 0.00000000000 2.93750000000 -0.00500000000 0.69237296293 -2.03384557861
-1.00000000000 0.00000000000 2.93750000000 -0.00375000000 0.69257062564 -2.03442621283
-1.00000000000 0.00000000000 2.93750000000 -0.00250000000 0.69277259705 -2.03501950383
-1.00000000000 0.00000000000 2.93750000000 -0.00125000000 0.69297888236 -2.03562546694
-1.00000000000 0.00000000000 2.93750000000 0.00000000000 0.69318948691 -2.03624411779
-1.00000000000 0.00000000000 2.93750000000 0.00125000000 0.69340441610 -2.03687547229
-1.00000000000 0.00000000000 2.93750000000 0.00250000000 0.69362367545 -2.03751954662
-1.00000000000 0.00000000000 2.93750000000 0.00375000000 0.69384727056 -2.03817635726
-1.00000000000 0.00000000000 2.93750000000 0.00500000000 0.69407520714 -2.03884592097
-1.00000000000 0.00000000000 2.93750000000 0.00625000000 0.69430749099 -2.03952825479
-1.00000000000 0.00000000000 2.93750000000 0.00750000000 0.69454412802 -2.04022337605
-1.00000000000 0.00000000000 2.93750000000 0.00875000000 0.69478512421 -2.04093130236
-1.00000000000 0.00000000000 2.95312500000 -0.01000000000 0.69163408092 -2.04248189521
-1.00000000000 0.00000000000 2.95312500000 -0.00875000000 0.69181348541 -2.04301169909
-1.00000000000 0.00000000000 2.95312500000 -0.00750000000 0.69199717183 -2.04355414806
-1.00000000000 0.00000000000 2.95312500000 -0.00625000000 0.69218514500 -2.04410925632
-1.00000000000 0.00000000000 2.95312500000 -0.00500000000 0.69237740981 -2.04467703835
-1.00000000000 0.00000000000 2.95312500000 -0.00375000000 0.69257397127 -2.04525750891
-1.00000000000 0.00000000000 2.95312500000 -0.00250000000 0.69277483446 -2.04585068303
-1.00000000000 0.00000000000 2.95312500000 -0.00125000000 0.69298000458 -2.04645657603
-1.00000000000 0.00000000000 2.95312500000 0.00000000000 0.69318948691 -2.04707520352
-1.00000000000 0.00000000000 2.95312500000 0.00125000000 0.69340328681 -2.04770658137
-1.00000000000 0.00000000000 2.95312500000 0.00250000000 0.69362140978 -2.04835072576
-1.00000000000 0.00000000000 2.95312500000 0.00375000000 0.69384386137 -2.04900765312
-1.00000000000 0.00000000000 2.95312500000 0.00500000000 0.69407064726 -2.04967738019
-1.00000000000 0.00000000000 2.95312500000 0.00625000000 0.69430177320 -2.05035992399
-1.00000000000 0.00000000000 2.95312500000 0.00750000000 0.69453724506 -2.05105530183
-1.00000000000 0.00000000000 2.95312500000 0.00875000000 0.69477706880 -2.05176353130
-1.00000000000 0.00000000000 2.96875000000 -0.01000000000 0.69164277180 -2.05331447878
-1.00000000000 0.00000000000 2.96875000000 -0.00875000000 0.69182111373 -2.05384393139
-1.00000000000 0.00000000000 2.96875000000 -0.00750000000 0.69200373087 -2.05438607601
-1.00000000000 0.00000000000 2.96875000000 -0.00625000000 0.69219062798 -2.05494092682
-1.00000000000 0.00000000000 2.96875000000 -0.00500000000 0.69238180994 -2.05550849826
-1.00000000000 0.00000000000 2.96875000000 -0.00375000000 0.69257728171 -2.05608880508
-1.00000000000 0.00000000000 2.96875000000 -0.00250000000 0.69277704834 -2.05668186227
-1.00000000000 0.00000000000 2.96875000000 -0.00125000000 0.69298111499 -2.05728768514
-1.00000000000 0.00000000000 2.96875000000 0.00000000000 0.69318948691 -2.05790628925
-1.00000000000 0.00000000000 2.96875000000 0.00125000000 0.69340216942 -2.05853769047
-1.00000000000 0.00000000000 2.96875000000 0.00250000000 0.69361916798 -2.05918190494
-1.00000000000 0.00000000000 2.96875000000 0.00375000000 0.69384048811 -2.05983894907
-1.00000000000 0.00000000000 2.96875000000 0.00500000000 0.69406613544 -2.06050883958
-1.00000000000 0.00000000000 2.96875000000 0.00625000000 0.69429611570 -2.06119159347
-1.00000000000 0.00000000000 2.96875000000 0.00750000000 0.69453043470 -2.06188722802
-1.00000000000 0.00000000000 2.96875000000 0.00875000000 0.69476909838 -2.06259576081
-1.00000000000 0.00000000000 2.98437500000 -0.01000000000 0.69165137190 -2.06414706303
-1.00000000000 0.00000000000 2.98437500000 -0.00875000000 0.69182866235 -2.06467616421
-1.00000000000 0.00000000000 2.98437500000 -0.00750000000 0.69201022135 -2.06521800435
-1.00000000000 0.00000000000 2.98437500000 -0.00625000000 0.69219605364 -2.06577259759
-1.00000000000 0.00000000000 2.98437500000 -0.00500000000 0.69238616406 -2.06633995835
-1.00000000000 0.00000000000 2.98437500000 -0.00375000000 0.69258055752 -2.06692010135
-1.00000000000 0.00000000000 2.98437500000 -0.00250000000 0.69277923906 -2.06751304156
-1.00000000000 0.00000000000 2.98437500000 -0.00125000000 0.69298221378 -2.06811879426
-1.00000000000 0.00000000000 2.98437500000 0.00000000000 0.69318948691 -2.06873737499
-1.00000000000 0.00000000000 2.98437500000 0.00125000000 0.69340106373 -2.06936879958
-1.00000000000 0.00000000000 2.98437500000 0.00250000000 0.69361694967 -2.07001308416
-1.00000000000 0.00000000000 2.98437500000 0.00375000000 0.69383715020 -2.07067024512
-1.00000000000 0.00000000000 2.98437500000 0.00500000000 0.69406167092 -2.07134029915
-1.00000000000 0.00000000000 2.98437500000 0.00625000000 0.69429051752 -2.07202326323
-1.00000000000 0.00000000000 2.98437500000 0.00750000000 0.69452369579 -2.07271915462
-1.00000000000 0.00000000000 2.98437500000 0.00875000000 0.69476121160 -2.07342799087
