-1.00000000000 0.00000000000 2.00000000000 -0.01000000000 0.69351340260 -1.38702680521
-1.00000000000 0.00000000000 2.00000000000 -0.00875000000 0.69378879782 -1.38757759564
-1.00000000000 0.00000000000 2.00000000000 -0.00750000000 0.69406911259 -1.38813822519
-1.00000000000 0.00000000000 2.00000000000 -0.00625000000 0.69435435524 -1.38870871049
-1.00000000000 0.00000000000 2.00000000000 -0.00500000000 0.69464453422 -1.38928906843
-1.00000000000 0.00000000000 2.00000000000 -0.00375000000 0.69493965808 -1.38987931617
-1.00000000000 0.00000000000 2.00000000000 -0.00250000000 0.69523973555 -1.39047947110
-1.00000000000 0.00000000000 2.00000000000 -0.00125000000 0.69554477545 -1.39108955090
-1.00000000000 0.00000000000 2.00000000000 0.00000000000 0.69585478673 -1.39170957347
-1.00000000000 0.00000000000 2.00000000000 0.00125000000 0.69616977850 -1.39233955700
-1.00000000000 0.00000000000 2.00000000000 0.00250000000 0.69648975997 -1.39297951993
-1.00000000000 0.00000000000 2.00000000000 0.00375000000 0.69681474048 -1.39362948097
-1.00000000000 0.00000000000 2.00000000000 0.00500000000 0.69714472954 -1.39428945908
-1.00000000000 0.00000000000 2.00000000000 0.00625000000 0.69747973674 -1.39495947349
-1.00000000000 0.00000000000 2.00000000000 0.00750000000 0.69781977185 -1.39563954370
-1.00000000000 0.00000000000 2.00000000000 0.00875000000 0.69816484474 -1.39632968948
-1.00000000000 0.00000000000 2.01562500000 -0.01000000000 0.69353225837 -1.39790095827
-1.00000000000 0.00000000000 2.01562500000 -0.00875000000 0.69380535315 -1.39845141495
-1.00000000000 0.00000000000 2.01562500000 -0.00750000000 0.69408335153 -1.39901175543
-1.00000000000 0.00000000000 2.01562500000 -0.00625000000 0.69436626172 -1.39958199629
-1.00000000000 0.00000000000 2.01562500000 -0.00500000000 0.69465409209 -1.40016215437
-1.00000000000 0.00000000000 2.01562500000 -0.00375000000 0.69494685110 -1.40075224675
-1.00000000000 0.00000000000 2.01562500000 -0.00250000000 0.69524454737 -1.40135229079
-1.00000000000 0.00000000000 2.01562500000 -0.00125000000 0.69554718963 -1.40196230409
-1.00000000000 0.00000000000 2.01562500000 0.00000000000 0.69585478673 -1.40258230451
-1.00000000000 0.00000000000 2.01562500000 0.00125000000 0.69616734768 -1.40321231018
-1.00000000000 0.00000000000 2.01562500000 0.00250000000 0.69648488160 -1.40385233947
-1.00000000000 0.00000000000 2.01562500000 0.00375000000 0.69680739773 -1.40450241104
-1.00000000000 0.00000000000 2.01562500000 0.00500000000 0.69713490545 -1.40516254380
-1.00000000000 0.00000000000 2.01562500000 0.00625000000 0.69746741429 -1.40583275693
-1.00000000000 0.00000000000 2.01562500000 0.00750000000 0.69780493388 -1.40651306986
-1.00000000000 0.00000000000 2.01562500000 0.00875000000 0.69814747401 -1.40720350230
-1.00000000000 0.00000000000 2.03125000000 -0.01000000000 0.69355082510 -1.40877511348
-1.00000000000 0.00000000000 2.03125000000 -0.00875000000 0.69382165460 -1.40932523591
-1.00000000000 0.00000000000 2.03125000000 -0.00750000000 0.69409737201 -1.40988528689
-1.00000000000 0.00000000000 2.03125000000 -0.00625000000 0.69437798545 -1.41045528295
-1.00000000000 0.00000000000 2.03125000000 -0.00500000000 0.69466350319 -1.41103524085
-1.00000000000 0.00000000000 2.03125000000 -0.00375000000 0.69495393361 -1.41162517765
-1.00000000000 0.00000000000 2.03125000000 -0.00250000000 0.69524928523 -1.41222511062
-1.00000000000 0.00000000000 2.03125000000 -0.00125000000 0.69554956668 -1.41283505732
-1.00000000000 0.00000000000 2.03125000000 0.00000000000 0.69585478673 -1.41345503555
-1.00000000000 0.00000000000 2.03125000000 0.00125000000 0.69616495428 -1.41408506339
-1.00000000000 0.00000000000 2.03125000000 0.00250000000 0.69648007835 -1.41472515915
-1.00000000000 0.00000000000 2.03125000000 0.00375000000 0.69680016809 -1.41537534144
-1.00000000000 0.00000000000 2.03125000000 0.00500000000 0.69712523279 -1.41603562910
-1.00000000000 0.00000000000 2.03125000000 0.00625000000 0.69745528185 -1.41670604126
-1.00000000000 0.00000000000 2.03125000000 0.00750000000 0.69779032483 -1.41738659730
-1.00000000000 0.00000000000 2.03125000000 0.00875000000 0.69813037139 -1.41807731689
-1.00000000000 0.00000000000 2.04687500000 -0.01000000000 0.69356910940 -1.41964927081
-1.00000000000 0.00000000000 2.04687500000 -0.00875000000 0.69383770797 -1.42019905850
-1.00000000000 0.00000000000 2.04687500000 -0.00750000000 0.69411117902 -1.42075881955
-1.00000000000 0.00000000000 2.04687500000 -0.00625000000 0.69438953059 -1.42132857044
-1.00000000000 0.00000000000 2.04687500000 -0.00500000000 0.69467277087 -1.42190832788
-1.00000000000 0.00000000000 2.04687500000 -0.00375000000 0.69496090814 -1.42249810885
-1.00000000000 0.00000000000 2.04687500000 -0.00250000000 0.69525395082 -1.42309793059
-1.00000000000 0.00000000000 2.04687500000 -0.00125000000 0.69555190746 -1.42370781058
-1.00000000000 0.00000000000 2.04687500000 0.00000000000 0.69585478673 -1.42432776660
-1.00000000000 0.00000000000 2.04687500000 0.00125000000 0.69616259744 -1.42495781663
-1.00000000000 0.00000000000 2.04687500000 0.00250000000 0.69647534850 -1.42559797897
-1.00000000000 0.00000000000 2.04687500000 0.00375000000 0.69679304899 -1.42624827214
-1.00000000000 0.00000000000 2.04687500000 0.00500000000 0.69711570807 -1.42690871495
-1.00000000000 0.00000000000 2.04687500000 0.00625000000 0.69744333507 -1.42757932646
-1.00000000000 0.00000000000 2.04687500000 0.00750000000 0.69777593943 -1.42826012601
-1.00000000000 0.00000000000 2.04687500000 0.00875000000 0.69811353072 -1.42895113320
-1.00000000000 0.00000000000 2.06250000000 -0.01000000000 0.69358711767 -1.43052343019
-1.00000000000 0.00000000000 2.06250000000 -0.00875000000 0.69385351887 -1.43107288267
-1.00000000000 0.00000000000 2.06250000000 -0.00750000000 0.69412477740 -1.43163235338
-1.00000000000 0.00000000000 2.06250000000 -0.00625000000 0.69440090121 -1.43220185874
-1.00000000000 0.00000000000 2.06250000000 -0.00500000000 0.69468189839 -1.43278141542
-1.00000000000 0.00000000000 2.06250000000 -0.00375000000 0.69496777714 -1.43337104034
-1.00000000000 0.00000000000 2.06250000000 -0.00250000000 0.69525854579 -1.43397075068
-1.00000000000 0.00000000000 2.06250000000 -0.00125000000 0.69555421279 -1.43458056388
-1.00000000000 0.00000000000 2.06250000000 0.00000000000 0.69585478673 -1.43520049764
-1.00000000000 0.00000000000 2.06250000000 0.00125000000 0.69616027632 -1.43583056991
-1.00000000000 0.00000000000 2.06250000000 0.00250000000 0.69647069039 -1.43647079892
-1.00000000000 0.00000000000 2.06250000000 0.00375000000 0.69678603789 -1.43712120315
-1.00000000000 0.00000000000 2.06250000000 0.00500000000 0.69710632793 -1.43778180135
-1.00000000000 0.00000000000 2.06250000000 0.00625000000 0.69743156971 -1.43845261252
-1.00000000000 0.00000000000 2.06250000000 0.00750000000 0.69776177259 -1.43913365596
-1.00000000000 0.00000000000 2.06250000000 0.00875000000 0.69809694604 -1.43982495120
-1.00000000000 0.00000000000 2.07812500000 -0.01000000000 0.69360485610 -1.44139759159
-1.00000000000 0.00000000000 2.07812500000 -0.00875000000 0.69386909276 -1.44194670838
-1.00000000000 0.00000000000 2.07812500000 -0.00750000000 0.69413817184 -1.44250588835
-1.00000000000 0.00000000000 2.07812500000 -0.00625000000 0.69441210122 -1.44307514785
-1.00000000000 0.00000000000 2.07812500000 -0.00500000000 0.69469088889 -1.44365450348
-1.00000000000 0.00000000000 2.07812500000 -0.00375000000 0.69497454298 -1.44424397213
-1.00000000000 0.00000000000 2.07812500000 -0.00250000000 0.69526307172 -1.44484357091
-1.00000000000 0.00000000000 2.07812500000 -0.00125000000 0.69555648347 -1.44545331721
-1.00000000000 0.00000000000 2.07812500000 0.00000000000 0.69585478673 -1.44607322868
-1.00000000000 0.00000000000 2.07812500000 0.00125000000 0.69615799012 -1.44670332322
-1.00000000000 0.00000000000 2.07812500000 0.00250000000 0.69646610238 -1.44734361901
-1.00000000000 0.00000000000 2.07812500000 0.00375000000 0.69677913237 -1.44799413446
-1.00000000000 0.00000000000 2.07812500000 0.00500000000 0.69709708909 -1.44865488827
-1.00000000000 0.00000000000 2.07812500000 0.00625000000 0.69741998167 -1.44932589942
-1.00000000000 0.00000000000 2.07812500000 0.00750000000 0.69774781936 -1.45000718711
-1.00000000000 0.00000000000 2.07812500000 0.00875000000 0.69808061154 -1.45069877085
-1.00000000000 0.00000000000 2.09375000000 -0.01000000000 0.69362233072 -1.45227175495
-1.00000000000 0.00000000000 2.09375000000 -0.00875000000 0.69388443492 -1.45282053561
-1.00000000000 0.00000000000 2.09375000000 -0.00750000000 0.69415136690 -1.45337942444
-1.00000000000 0.00000000000 2.09375000000 -0.00625000000 0.69442313444 -1.45394843773
-1.00000000000 0.00000000000 2.09375000000 -0.00500000000 0.69469974545 -1.45452759204
-1.00000000000 0.00000000000 2.09375000000 -0.00375000000 0.69498120797 -1.45511690419
-1.00000000000 0.00000000000 2.09375000000 -0.00250000000 0.69526753015 -1.45571639126
-1.00000000000 0.00000000000 2.09375000000 -0.00125000000 0.69555872027 -1.45632607057
-1.00000000000 0.00000000000 2.09375000000 0.00000000000 0.69585478673 -1.45694595972
-1.00000000000 0.00000000000 2.09375000000 0.00125000000 0.69615573806 -1.45757607657
-1.00000000000 0.00000000000 2.09375000000 0.00250000000 0.69646158291 -1.45821643922
-1.00000000000 0.00000000000 2.09375000000 0.00375000000 0.69677233006 -1.45886706606
-1.00000000000 0.00000000000 2.09375000000 0.00500000000 0.69708798840 -1.45952797572
-1.00000000000 0.00000000000 2.09375000000 0.00625000000 0.69740856699 -1.46019918713
-1.00000000000 0.00000000000 2.09375000000 0.00750000000 0.69773407496 -1.46088071944
-1.00000000000 0.00000000000 2.09375000000 0.00875000000 0.69806452161 -1.46157259212
-1.00000000000 0.00000000000 2.10937500000 -0.01000000000 0.69363954737 -1.46314592024
-1.00000000000 0.00000000000 2.10937500000 -0.00875000000 0.69389955050 -1.46369436433
-1.00000000000 0.00000000000 2.10937500000 -0.00750000000 0.69416436699 -1.46425296162
-1.00000000000 0.00000000000 2.10937500000 -0.00625000000 0.69443400456 -1.46482172837
-1.00000000000 0.00000000000 2.10937500000 -0.00500000000 0.69470847104 -1.46540068109
-1.00000000000 0.00000000000 2.10937500000 -0.00375000000 0.69498777436 -1.46598983654
-1.00000000000 0.00000000000 2.10937500000 -0.00250000000 0.69527192260 -1.46658921174
-1.00000000000 0.00000000000 2.10937500000 -0.00125000000 0.69556092395 -1.46719882397
-1.00000000000 0.00000000000 2.10937500000 0.00000000000 0.69585478673 -1.46781869077
-1.00000000000 0.00000000000 2.10937500000 0.00125000000 0.69615351938 -1.46844882994
-1.00000000000 0.00000000000 2.10937500000 0.00250000000 0.69645713046 -1.46908925956
-1.00000000000 0.00000000000 2.10937500000 0.00375000000 0.69676562865 -1.46973999794
-1.00000000000 0.00000000000 2.10937500000 0.00500000000 0.69707902278 -1.47040106368
-1.00000000000 0.00000000000 2.10937500000 0.00625000000 0.69739732178 -1.47107247563
-1.00000000000 0.00000000000 2.10937500000 0.00750000000 0.69772053472 -1.47175425293
-1.00000000000 0.00000000000 2.10937500000 0.00875000000 0.69804867080 -1.47244641496
-1.00000000000 0.00000000000 2.12500000000 -0.01000000000 0.69365651172 -1.47402008741
-1.00000000000 0.00000000000 2.12500000000 -0.00875000000 0.69391444446 -1.47456819448
-1.00000000000 0.00000000000 2.12500000000 -0.00750000000 0.69417717641 -1.47512649987
-1.00000000000 0.00000000000 2.12500000000 -0.00625000000 0.69444471518 -1.47569501976
-1.00000000000 0.00000000000 2.12500000000 -0.00500000000 0.69471706853 -1.47627377062
-1.00000000000 0.00000000000 2.12500000000 -0.00375000000 0.69499424431 -1.47686276915
-1.00000000000 0.00000000000 2.12500000000 -0.00250000000 0.69527625051 -1.47746203233
-1.00000000000 0.00000000000 2.12500000000 -0.00125000000 0.69556309524 -1.47807157739
-1.00000000000 0.00000000000 2.12500000000 0.00000000000 0.69585478673 -1.47869142181
-1.00000000000 0.00000000000 2.12500000000 0.00125000000 0.69615133334 -1.47932158335
-1.00000000000 0.00000000000 2.12500000000 0.00250000000 0.69645274354 -1.47996208002
-1.00000000000 0.00000000000 2.12500000000 0.00375000000 0.69675902593 -1.48061293010
-1.00000000000 0.00000000000 2.12500000000 0.00500000000 0.69707018924 -1.48127415213
-1.00000000000 0.00000000000 2.12500000000 0.00625000000 0.69738624231 -1.48194576492
-1.00000000000 0.00000000000 2.12500000000 0.00750000000 0.69770719414 -1.48262778754
-1.00000000000 0.00000000000 2.12500000000 0.00875000000 0.69803305381 -1.48332023934
-1.00000000000 0.00000000000 2.14062500000 -0.01000000000 0.69367322928 -1.48489425642
-1.00000000000 0.00000000000 2.14062500000 -0.00875000000 0.69392912166 -1.48544202606
-1.00000000000 0.00000000000 2.14062500000 -0.00750000000 0.69418979932 -1.48600003916
-1.00000000000 0.00000000000 2.14062500000 -0.00625000000 0.69445526978 -1.48656831188
-1.00000000000 0.00000000000 2.14062500000 -0.00500000000 0.69472554073 -1.48714686062
-1.00000000000 0.00000000000 2.14062500000 -0.00375000000 0.69500061993 -1.48773570203
-1.00000000000 0.00000000000 2.14062500000 -0.00250000000 0.69528051529 -1.48833485305
-1.00000000000 0.00000000000 2.14062500000 -0.00125000000 0.69556523485 -1.48894433084
-1.00000000000 0.00000000000 2.14062500000 0.00000000000 0.69585478673 -1.48956415285
-1.00000000000 0.00000000000 2.14062500000 0.00125000000 0.69614917923 -1.49019433678
-1.00000000000 0.00000000000 2.14062500000 0.00250000000 0.69644842072 -1.49083490060
-1.00000000000 0.00000000000 2.14062500000 0.00375000000 0.69675251972 -1.49148586253
-1.00000000000 0.00000000000 2.14062500000 0.00500000000 0.69706148488 -1.49214724107
-1.00000000000 0.00000000000 2.14062500000 0.00625000000 0.69737532495 -1.49281905496
-1.00000000000 0.00000000000 2.14062500000 0.00750000000 0.69769404882 -1.49350132326
-1.00000000000 0.00000000000 2.14062500000 0.00875000000 0.69801766551 -1.49419406523
-1.00000000000 0.00000000000 2.15625000000 -0.01000000000 0.69368970538 -1.49576842723
-1.00000000000 0.00000000000 2.15625000000 -0.00875000000 0.69394358679 -1.49631585902
-1.00000000000 0.00000000000 2.15625000000 -0.00750000000 0.69420223976 -1.49687357948
-1.00000000000 0.00000000000 2.15625000000 -0.00625000000 0.69446567175 -1.49744160471
-1.00000000000 0.00000000000 2.15625000000 -0.00500000000 0.69473389035 -1.49801995107
-1.00000000000 0.00000000000 2.15625000000 -0.00375000000 0.69500690327 -1.49860863517
-1.00000000000 0.00000000000 2.15625000000 -0.00250000000 0.69528471832 -1.49920767388
-1.00000000000 0.00000000000 2.15625000000 -0.00125000000 0.69556734345 -1.49981708432
-1.00000000000 0.00000000000 2.15625000000 0.00000000000 0.69585478673 -1.50043688390
-1.00000000000 0.00000000000 2.15625000000 0.00125000000 0.69614705635 -1.50106709025
-1.00000000000 0.00000000000 2.15625000000 0.00250000000 0.69644416060 -1.50170772130
-1.00000000000 0.00000000000 2.15625000000 0.00375000000 0.69674610793 -1.50235879523
-1.00000000000 0.00000000000 2.15625000000 0.00500000000 0.69705290689 -1.50302033048
-1.00000000000 0.00000000000 2.15625000000 0.00625000000 0.69736456615 -1.50369234576
-1.00000000000 0.00000000000 2.15625000000 0.00750000000 0.69768109452 -1.50437486005
-1.00000000000 0.00000000000 2.15625000000 0.00875000000 0.69800250092 -1.50506789260
-1.00000000000 0.00000000000 2.17187500000 -0.01000000000 0.69370594523 -1.50664259980
-1.00000000000 0.00000000000 2.17187500000 -0.00875000000 0.69395784441 -1.50718969333
-1.00000000000 0.00000000000 2.17187500000 -0.00750000000 0.69421450166 -1.50774712080
-1.00000000000 0.00000000000 2.17187500000 -0.00625000000 0.69447592437 -1.50831489824
-1.00000000000 0.00000000000 2.17187500000 -0.00500000000 0.69474212005 -1.50889304198
-1.00000000000 0.00000000000 2.17187500000 -0.00375000000 0.69501309632 -1.50948156856
-1.00000000000 0.00000000000 2.17187500000 -0.00250000000 0.69528886092 -1.51008049482
-1.00000000000 0.00000000000 2.17187500000 -0.00125000000 0.69556942174 -1.51068983783
-1.00000000000 0.00000000000 2.17187500000 0.00000000000 0.69585478673 -1.51130961494
-1.00000000000 0.00000000000 2.17187500000 0.00125000000 0.69614496403 -1.51193984374
-1.00000000000 0.00000000000 2.17187500000 0.00250000000 0.69643996184 -1.51258054212
-1.00000000000 0.00000000000 2.17187500000 0.00375000000 0.69673978852 -1.51323172819
-1.00000000000 0.00000000000 2.17187500000 0.00500000000 0.69704445254 -1.51389342036
-1.00000000000 0.00000000000 2.17187500000 0.00625000000 0.69735396249 -1.51456563728
-1.00000000000 0.00000000000 2.17187500000 0.00750000000 0.69766832709 -1.51524839790
-1.00000000000 0.00000000000 2.17187500000 0.00875000000 0.69798755518 -1.51594172141
-1.00000000000 0.00000000000 2.18750000000 -0.01000000000 0.69372195388 -1.51751677410
-1.00000000000 0.00000000000 2.18750000000 -0.00875000000 0.69397189896 -1.51806352897
-1.00000000000 0.00000000000 2.18750000000 -0.00750000000 0.69422658884 -1.51862066309
-1.00000000000 0.00000000000 2.18750000000 -0.00625000000 0.69448603084 -1.51918819246
-1.00000000000 0.00000000000 2.18750000000 -0.00500000000 0.69475023238 -1.51976613332
-1.00000000000 0.00000000000 2.18750000000 -0.00375000000 0.69501920101 -1.52035450220
-1.00000000000 0.00000000000 2.18750000000 -0.00250000000 0.69529294440 -1.52095331588
-1.00000000000 0.00000000000 2.18750000000 -0.00125000000 0.69557147034 -1.52156259137
-1.00000000000 0.00000000000 2.18750000000 0.00000000000 0.69585478673 -1.52218234598
-1.00000000000 0.00000000000 2.18750000000 0.00125000000 0.69614290161 -1.52281259727
-1.00000000000 0.00000000000 2.18750000000 0.00250000000 0.69643582311 -1.52345336304
-1.00000000000 0.00000000000 2.18750000000 0.00375000000 0.69673355950 -1.52410466140
-1.00000000000 0.00000000000 2.18750000000 0.00500000000 0.69703611917 -1.52476651069
-1.00000000000 0.00000000000 2.18750000000 0.00625000000 0.69734351064 -1.52543892952
-1.00000000000 0.00000000000 2.18750000000 0.00750000000 0.69765574253 -1.52612193678
-1.00000000000 0.00000000000 2.18750000000 0.00875000000 0.69797282360 -1.52681555163
-1.00000000000 0.00000000000 2.20312500000 -0.01000000000 0.69373773621 -1.52839095009
-1.00000000000 0.00000000000 2.20312500000 -0.00875000000 0.69398575474 -1.52893736591
-1.00000000000 0.00000000000 2.20312500000 -0.00750000000 0.69423850501 -1.52949420635
-1.00000000000 0.00000000000 2.20312500000 -0.00625000000 0.69449599425 -1.53006148734
-1.00000000000 0.00000000000 2.20312500000 -0.00500000000 0.69475822983 -1.53063922509
-1.00000000000 0.00000000000 2.20312500000 -0.00375000000 0.69502521922 -1.53122743609
-1.00000000000 0.00000000000 2.20312500000 -0.00250000000 0.69529697000 -1.53182613704
-1.00000000000 0.00000000000 2.20312500000 -0.00125000000 0.69557348990 -1.53243534493
-1.00000000000 0.00000000000 2.20312500000 0.00000000000 0.69585478673 -1.53305507702
-1.00000000000 0.00000000000 2.20312500000 0.00125000000 0.69614086845 -1.53368535081
-1.00000000000 0.00000000000 2.20312500000 0.00250000000 0.69643174313 -1.53432618408
-1.00000000000 0.00000000000 2.20312500000 0.00375000000 0.69672741895 -1.53497759486
-1.00000000000 0.00000000000 2.20312500000 0.00500000000 0.69702790421 -1.53563960147
-1.00000000000 0.00000000000 2.20312500000 0.00625000000 0.69733320736 -1.53631222246
-1.00000000000 0.00000000000 2.20312500000 0.00750000000 0.69764333693 -1.53699547668
-1.00000000000 0.00000000000 2.20312500000 0.00875000000 0.69795830161 -1.53768938324
-1.00000000000 0.00000000000 2.21875000000 -0.01000000000 0.69375329701 -1.53926512773
-1.00000000000 0.00000000000 2.21875000000 -0.00875000000 0.69399941594 -1.53981120412
-1.00000000000 0.00000000000 2.21875000000 -0.00750000000 0.69425025376 -1.54036775054
-1.00000000000 0.00000000000 2.21875000000 -0.00625000000 0.69450581763 -1.54093478287
-1.00000000000 0.00000000000 2.21875000000 -0.00500000000 0.69476611483 -1.54151231729
-1.00000000000 0.00000000000 2.21875000000 -0.00375000000 0.69503115277 -1.54210037021
-1.00000000000 0.00000000000 2.21875000000 -0.00250000000 0.69530093896 -1.54269895831
-1.00000000000 0.00000000000 2.21875000000 -0.00125000000 0.69557548103 -1.54330809853
-1.00000000000 0.00000000000 2.21875000000 0.00000000000 0.69585478673 -1.54392780807
-1.00000000000 0.00000000000 2.21875000000 0.00125000000 0.69613886395 -1.54455810439
-1.00000000000 0.00000000000 2.21875000000 0.00250000000 0.69642772067 -1.54519900523
-1.00000000000 0.00000000000 2.21875000000 0.00375000000 0.69672136499 -1.54585052857
-1.00000000000 0.00000000000 2.21875000000 0.00500000000 0.69701980515 -1.54651269268
-1.00000000000 0.00000000000 2.21875000000 0.00625000000 0.69732304950 -1.54718551608
-1.00000000000 0.00000000000 2.21875000000 0.00750000000 0.69763110651 -1.54786901756
-1.00000000000 0.00000000000 2.21875000000 0.00875000000 0.69794398476 -1.54856321619
-1.00000000000 0.00000000000 2.23437500000 -0.01000000000 0.69376864089 -1.55013930699
-1.00000000000 0.00000000000 2.23437500000 -0.00875000000 0.69401288664 -1.55068504358
-1.00000000000 0.00000000000 2.23437500000 -0.00750000000 0.69426183861 -1.55124129565
-1.00000000000 0.00000000000 2.23437500000 -0.00625000000 0.69451550391 -1.55180807905
-1.00000000000 0.00000000000 2.23437500000 -0.00500000000 0.69477388974 -1.55238540989
-1.00000000000 0.00000000000 2.23437500000 -0.00375000000 0.69503700344 -1.55297330456
-1.00000000000 0.00000000000 2.23437500000 -0.00250000000 0.69530485244 -1.55357177968
-1.00000000000 0.00000000000 2.23437500000 -0.00125000000 0.69557744432 -1.55418085214
-1.00000000000 0.00000000000 2.23437500000 0.00000000000 0.69585478673 -1.55480053911
-1.00000000000 0.00000000000 2.23437500000 0.00125000000 0.69613688749 -1.55543085799
-1.00000000000 0.00000000000 2.23437500000 0.00250000000 0.69642375451 -1.55607182648
-1.00000000000 0.00000000000 2.23437500000 0.00375000000 0.69671539581 -1.55672346252
-1.00000000000 0.00000000000 2.23437500000 0.00500000000 0.69701181956 -1.55738578432
-1.00000000000 0.00000000000 2.23437500000 0.00625000000 0.69731303401 -1.55805881037
-1.00000000000 0.00000000000 2.23437500000 0.00750000000 0.69761904757 -1.55874255941
-1.00000000000 0.00000000000 2.23437500000 0.00875000000 0.69792986874 -1.55943705048
-1.00000000000 0.00000000000 2.25000000000 -0.01000000000 0.69378377237 -1.56101348783
-1.00000000000 0.00000000000 2.25000000000 -0.00875000000 0.69402617078 -1.56155888425
-1.00000000000 0.00000000000 2.25000000000 -0.00750000000 0.69427326296 -1.56211484165
-1.00000000000 0.00000000000 2.25000000000 -0.00625000000 0.69452505593 -1.56268137585
-1.00000000000 0.00000000000 2.25000000000 -0.00500000000 0.69478155685 -1.56325850290
-1.00000000000 0.00000000000 2.25000000000 -0.00375000000 0.69504277295 -1.56384623914
-1.00000000000 0.00000000000 2.25000000000 -0.00250000000 0.69530871162 -1.56444460115
-1.00000000000 0.00000000000 2.25000000000 -0.00125000000 0.69557938035 -1.56505360579
-1.00000000000 0.00000000000 2.25000000000 0.00000000000 0.69585478673 -1.56567327015
-1.00000000000 0.00000000000 2.25000000000 0.00125000000 0.69613493850 -1.56630361162
-1.00000000000 0.00000000000 2.25000000000 0.00250000000 0.69641984348 -1.56694464784
-1.00000000000 0.00000000000 2.25000000000 0.00375000000 0.69670950964 -1.56759639670
-1.00000000000 0.00000000000 2.25000000000 0.00500000000 0.69700394506 -1.56825887638
-1.00000000000 0.00000000000 2.25000000000 0.00625000000 0.69730315792 -1.56893210531
-1.00000000000 0.00000000000 2.25000000000 0.00750000000 0.69760715654 -1.56961610221
-1.00000000000 0.00000000000 2.25000000000 0.00875000000 0.69791594936 -1.57031088605
-1.00000000000 0.00000000000 2.26562500000 -0.01000000000 0.69379869582 -1.57188767023
-1.00000000000 0.00000000000 2.26562500000 -0.00875000000 0.69403927222 -1.57243272612
-1.00000000000 0.00000000000 2.26562500000 -0.00750000000 0.69428453012 -1.57298838854
-1.00000000000 0.00000000000 2.26562500000 -0.00625000000 0.69453447648 -1.57355467326
-1.00000000000 0.00000000000 2.26562500000 -0.00500000000 0.69478911837 -1.57413159630
-1.00000000000 0.00000000000 2.26562500000 -0.00375000000 0.69504846298 -1.57471917394
-1.00000000000 0.00000000000 2.26562500000 -0.00250000000 0.69531251762 -1.57531742273
-1.00000000000 0.00000000000 2.26562500000 -0.00125000000 0.69558128969 -1.57592635945
-1.00000000000 0.00000000000 2.26562500000 0.00000000000 0.69585478673 -1.57654600119
-1.00000000000 0.00000000000 2.26562500000 0.00125000000 0.69613301640 -1.57717636528
-1.00000000000 0.00000000000 2.26562500000 0.00250000000 0.69641598645 -1.57781746929
-1.00000000000 0.00000000000 2.26562500000 0.00375000000 0.69670370476 -1.57846933111
-1.00000000000 0.00000000000 2.26562500000 0.00500000000 0.69699617935 -1.57913196884
-1.00000000000 0.00000000000 2.26562500000 0.00625000000 0.69729341833 -1.57980540090
-1.00000000000 0.00000000000 2.26562500000 0.00750000000 0.69759542993 -1.58048964594
-1.00000000000 0.00000000000 2.26562500000 0.00875000000 0.69790222252 -1.58118472290
-1.00000000000 0.00000000000 2.28125000000 -0.01000000000 0.69381341551 -1.58276185414
-1.00000000000 0.00000000000 2.28125000000 -0.00875000000 0.69405219470 -1.58330656915
-1.00000000000 0.00000000000 2.28125000000 -0.00750000000 0.69429564331 -1.58386193630
-1.00000000000 0.00000000000 2.28125000000 -0.00625000000 0.69454376823 -1.58442797128
-1.00000000000 0.00000000000 2.28125000000 -0.00500000000 0.69479657648 -1.58500469009
-1.00000000000 0.00000000000 2.28125000000 -0.00375000000 0.69505407516 -1.58559210897
-1.00000000000 0.00000000000 2.28125000000 -0.00250000000 0.69531627152 -1.58619024440
-1.00000000000 0.00000000000 2.28125000000 -0.00125000000 0.69558317289 -1.58679911315
-1.00000000000 0.00000000000 2.28125000000 0.00000000000 0.69585478673 -1.58741873224
-1.00000000000 0.00000000000 2.28125000000 0.00125000000 0.69613112064 -1.58804911895
-1.00000000000 0.00000000000 2.28125000000 0.00250000000 0.69641218229 -1.58869029085
-1.00000000000 0.00000000000 2.28125000000 0.00375000000 0.69669797950 -1.58934226574
-1.00000000000 0.00000000000 2.28125000000 0.00500000000 0.69698852020 -1.59000506171
-1.00000000000 0.00000000000 2.28125000000 0.00625000000 0.69728381244 -1.59067869712
-1.00000000000 0.00000000000 2.28125000000 0.00750000000 0.69758386436 -1.59136319058
-1.00000000000 0.00000000000 2.28125000000 0.00875000000 0.69788868427 -1.59205856100
-1.00000000000 0.00000000000 2.29687500000 -0.01000000000 0.69382793558 -1.59363603955
-1.00000000000 0.00000000000 2.29687500000 -0.00875000000 0.69406494186 -1.59418041333
-1.00000000000 0.00000000000 2.29687500000 -0.00750000000 0.69430660567 -1.59473548489
-1.00000000000 0.00000000000 2.29687500000 -0.00625000000 0.69455293383 -1.59530126989
-1.00000000000 0.00000000000 2.29687500000 -0.00500000000 0.69480393328 -1.59587778426
-1.00000000000 0.00000000000 2.29687500000 -0.00375000000 0.69505961108 -1.59646504420
-1.00000000000 0.00000000000 2.29687500000 -0.00250000000 0.69531997438 -1.59706306617
-1.00000000000 0.00000000000 2.29687500000 -0.00125000000 0.69558503047 -1.59767186686
-1.00000000000 0.00000000000 2.29687500000 0.00000000000 0.69585478673 -1.59829146328
-1.00000000000 0.00000000000 2.29687500000 0.00125000000 0.69612925068 -1.59892187266
-1.00000000000 0.00000000000 2.29687500000 0.00250000000 0.69640842993 -1.59956311250
-1.00000000000 0.00000000000 2.29687500000 0.00375000000 0.69669233223 -1.60021520059
-1.00000000000 0.00000000000 2.29687500000 0.00500000000 0.69698096543 -1.60087815497
-1.00000000000 0.00000000000 2.29687500000 0.00625000000 0.69727433750 -1.60155199395
-1.00000000000 0.00000000000 2.29687500000 0.00750000000 0.69757245654 -1.60223673611
-1.00000000000 0.00000000000 2.29687500000 0.00875000000 0.69787533075 -1.60293240031
-1.00000000000 0.00000000000 2.31250000000 -0.01000000000 0.69384226007 -1.60451022641
-1.00000000000 0.00000000000 2.31250000000 -0.00875000000 0.69407751725 -1.60505425864
-1.00000000000 0.00000000000 2.31250000000 -0.00750000000 0.69431742024 -1.60560903432
-1.00000000000 0.00000000000 2.31250000000 -0.00625000000 0.69456197582 -1.60617456908
-1.00000000000 0.00000000000 2.31250000000 -0.00500000000 0.69481119083 -1.60675087880
-1.00000000000 0.00000000000 2.31250000000 -0.00375000000 0.69506507228 -1.60733797965
-1.00000000000 0.00000000000 2.31250000000 -0.00250000000 0.69532362725 -1.60793588803
-1.00000000000 0.00000000000 2.31250000000 -0.00125000000 0.69558686296 -1.60854462060
-1.00000000000 0.00000000000 2.31250000000 0.00000000000 0.69585478673 -1.60916419432
-1.00000000000 0.00000000000 2.31250000000 0.00125000000 0.69612740600 -1.60979462638
-1.00000000000 0.00000000000 2.31250000000 0.00250000000 0.69640472832 -1.61043593425
-1.00000000000 0.00000000000 2.31250000000 0.00375000000 0.69668676137 -1.61108813566
-1.00000000000 0.00000000000 2.31250000000 0.00500000000 0.69697351292 -1.61175124862
-1.00000000000 0.00000000000 2.31250000000 0.00625000000 0.69726499087 -1.61242529139
-1.00000000000 0.00000000000 2.31250000000 0.00750000000 0.69756120325 -1.61311028252
-1.00000000000 0.00000000000 2.31250000000 0.00875000000 0.69786215819 -1.61380624081
-1.00000000000 0.00000000000 2.32812500000 -0.01000000000 0.69385639289 -1.61538441470
-1.00000000000 0.00000000000 2.32812500000 -0.00875000000 0.69408992431 -1.61592810504
-1.00000000000 0.00000000000 2.32812500000 -0.00750000000 0.69432809001 -1.61648258455
-1.00000000000 0.00000000000 2.32812500000 -0.00625000000 0.69457089668 -1.61704786883
-1.00000000000 0.00000000000 2.32812500000 -0.00500000000 0.69481835112 -1.61762397371
-1.00000000000 0.00000000000 2.32812500000 -0.00375000000 0.69507046026 -1.61821091530
-1.00000000000 0.00000000000 2.32812500000 -0.00250000000 0.69532723113 -1.61880870998
-1.00000000000 0.00000000000 2.32812500000 -0.00125000000 0.69558867087 -1.61941737437
-1.00000000000 0.00000000000 2.32812500000 0.00000000000 0.69585478673 -1.62003692537
-1.00000000000 0.00000000000 2.32812500000 0.00125000000 0.69612558610 -1.62066738013
-1.00000000000 0.00000000000 2.32812500000 0.00250000000 0.69640107644 -1.62130875609
-1.00000000000 0.00000000000 2.32812500000 0.00375000000 0.69668126537 -1.62196107094
-1.00000000000 0.00000000000 2.32812500000 0.00500000000 0.69696616060 -1.62262434264
-1.00000000000 0.00000000000 2.32812500000 0.00625000000 0.69725576995 -1.62329858942
-1.00000000000 0.00000000000 2.32812500000 0.00750000000 0.69755010138 -1.62398382977
-1.00000000000 0.00000000000 2.32812500000 0.00875000000 0.69784916295 -1.62468008248
-1.00000000000 0.00000000000 2.34375000000 -0.01000000000 0.69387033787 -1.62625860439
-1.00000000000 0.00000000000 2.34375000000 -0.00875000000 0.69410216641 -1.62680195252
-1.00000000000 0.00000000000 2.34375000000 -0.00750000000 0.69433861785 -1.62735613558
-1.00000000000 0.00000000000 2.34375000000 -0.00625000000 0.69457969883 -1.62792116913
-1.00000000000 0.00000000000 2.34375000000 -0.00500000000 0.69482541609 -1.62849706897
-1.00000000000 0.00000000000 2.34375000000 -0.00375000000 0.69507577649 -1.62908385115
-1.00000000000 0.00000000000 2.34375000000 -0.00250000000 0.69533078700 -1.62968153202
-1.00000000000 0.00000000000 2.34375000000 -0.00125000000 0.69559045468 -1.63029012815
-1.00000000000 0.00000000000 2.34375000000 0.00000000000 0.69585478673 -1.63090965641
-1.00000000000 0.00000000000 2.34375000000 0.00125000000 0.69612379047 -1.63154013390
-1.00000000000 0.00000000000 2.34375000000 0.00250000000 0.69639747329 -1.63218157803
-1.00000000000 0.00000000000 2.34375000000 0.00375000000 0.69667584274 -1.63283400643
-1.00000000000 0.00000000000 2.34375000000 0.00500000000 0.69695890647 -1.63349743703
-1.00000000000 0.00000000000 2.34375000000 0.00625000000 0.69724667222 -1.63417188802
-1.00000000000 0.00000000000 2.34375000000 0.00750000000 0.69753914789 -1.63485737787
-1.00000000000 0.00000000000 2.34375000000 0.00875000000 0.69783634146 -1.63555392530
-1.00000000000 0.00000000000 2.35937500000 -0.01000000000 0.69388409874 -1.63713279546
-1.00000000000 0.00000000000 2.35937500000 -0.00875000000 0.69411424680 -1.63767580105
-1.00000000000 0.00000000000 2.35937500000 -0.00750000000 0.69434900658 -1.63822968739
-1.00000000000 0.00000000000 2.35937500000 -0.00625000000 0.69458838463 -1.63879446998
-1.00000000000 0.00000000000 2.35937500000 -0.00500000000 0.69483238764 -1.63937016458
-1.00000000000 0.00000000000 2.35937500000 -0.00375000000 0.69508102239 -1.63995678720
-1.00000000000 0.00000000000 2.35937500000 -0.00250000000 0.69533429580 -1.64055435415
-1.00000000000 0.00000000000 2.35937500000 -0.00125000000 0.69559221487 -1.64116288196
-1.00000000000 0.00000000000 2.35937500000 0.00000000000 0.69585478673 -1.64178238745
-1.00000000000 0.00000000000 2.35937500000 0.00125000000 0.69612201863 -1.64241288770
-1.00000000000 0.00000000000 2.35937500000 0.00250000000 0.69639391790 -1.64305440005
-1.00000000000 0.00000000000 2.35937500000 0.00375000000 0.69667049202 -1.64370694212
-1.00000000000 0.00000000000 2.35937500000 0.00500000000 0.69695174857 -1.64437053178
-1.00000000000 0.00000000000 2.35937500000 0.00625000000 0.69723769524 -1.64504518720
-1.00000000000 0.00000000000 2.35937500000 0.00750000000 0.69752833983 -1.64573092679
-1.00000000000 0.00000000000 2.35937500000 0.00875000000 0.69782369028 -1.64642776925
-1.00000000000 0.00000000000 2.37500000000 -0.01000000000 0.69389767910 -1.64800698787
-1.00000000000 0.00000000000 2.37500000000 -0.00875000000 0.69412616868 -1.64854965062
-1.00000000000 0.00000000000 2.37500000000 -0.00750000000 0.69435925893 -1.64910323997
-1.00000000000 0.00000000000 2.37500000000 -0.00625000000 0.69459695636 -1.64966777136
-1.00000000000 0.00000000000 2.37500000000 -0.00500000000 0.69483926759 -1.65024326053
-1.00000000000 0.00000000000 2.37500000000 -0.00375000000 0.69508619935 -1.65082972345
-1.00000000000 0.00000000000 2.37500000000 -0.00250000000 0.69533775847 -1.65142717637
-1.00000000000 0.00000000000 2.37500000000 -0.00125000000 0.69559395191 -1.65203563579
-1.00000000000 0.00000000000 2.37500000000 0.00000000000 0.69585478673 -1.65265511849
-1.00000000000 0.00000000000 2.37500000000 0.00125000000 0.69612027011 -1.65328564151
-1.00000000000 0.00000000000 2.37500000000 0.00250000000 0.69639040933 -1.65392722216
-1.00000000000 0.00000000000 2.37500000000 0.00375000000 0.69666521179 -1.65457987800
-1.00000000000 0.00000000000 2.37500000000 0.00500000000 0.69694468501 -1.65524362689
-1.00000000000 0.00000000000 2.37500000000 0.00625000000 0.69722883660 -1.65591848693
-1.00000000000 0.00000000000 2.37500000000 0.00750000000 0.69751767432 -1.65660447651
-1.00000000000 0.00000000000 2.37500000000 0.00875000000 0.69781120602 -1.65730161429
-1.00000000000 0.00000000000 2.39062500000 -0.01000000000 0.69391108250 -1.65888118161
-1.00000000000 0.00000000000 2.39062500000 -0.00875000000 0.69413793515 -1.65942350121
-1.00000000000 0.00000000000 2.39062500000 -0.00750000000 0.69436937759 -1.65997679329
-1.00000000000 0.00000000000 2.39062500000 -0.00625000000 0.69460541627 -1.66054107327
-1.00000000000 0.00000000000 2.39062500000 -0.00500000000 0.69484605775 -1.66111635682
-1.00000000000 0.00000000000 2.39062500000 -0.00375000000 0.69509130871 -1.66170265988
-1.00000000000 0.00000000000 2.39062500000 -0.00250000000 0.69534117591 -1.66229999867
-1.00000000000 0.00000000000 2.39062500000 -0.00125000000 0.69559566626 -1.66290838964
-1.00000000000 0.00000000000 2.39062500000 0.00000000000 0.69585478673 -1.66352784954
-1.00000000000 0.00000000000 2.39062500000 0.00125000000 0.69611854446 -1.66415839535
-1.00000000000 0.00000000000 2.39062500000 0.00250000000 0.69638694666 -1.66480004436
-1.00000000000 0.00000000000 2.39062500000 0.00375000000 0.69666000066 -1.66545281409
-1.00000000000 0.00000000000 2.39062500000 0.00500000000 0.69693771392 -1.66611672235
-1.00000000000 0.00000000000 2.39062500000 0.00625000000 0.69722009400 -1.66679178721
-1.00000000000 0.00000000000 2.39062500000 0.00750000000 0.69750714856 -1.66747802703
-1.00000000000 0.00000000000 2.39062500000 0.00875000000 0.69779888540 -1.66817546041
-1.00000000000 0.00000000000 2.40625000000 -0.01000000000 0.69392431237 -1.66975537663
-1.00000000000 0.00000000000 2.40625000000 -0.00875000000 0.69414954921 -1.67029735279
-1.00000000000 0.00000000000 2.40625000000 -0.00750000000 0.69437936513 -1.67085034735
-1.00000000000 0.00000000000 2.40625000000 -0.00625000000 0.69461376652 -1.67141437568
-1.00000000000 0.00000000000 2.40625000000 -0.00500000000 0.69485275987 -1.67198945343
-1.00000000000 0.00000000000 2.40625000000 -0.00375000000 0.69509635179 -1.67257559650
-1.00000000000 0.00000000000 2.40625000000 -0.00250000000 0.69534454901 -1.67317282105
-1.00000000000 0.00000000000 2.40625000000 -0.00125000000 0.69559735834 -1.67378114351
-1.00000000000 0.00000000000 2.40625000000 0.00000000000 0.69585478673 -1.67440058058
-1.00000000000 0.00000000000 2.40625000000 0.00125000000 0.69611684123 -1.67503114921
-1.00000000000 0.00000000000 2.40625000000 0.00250000000 0.69638352899 -1.67567286664
-1.00000000000 0.00000000000 2.40625000000 0.00375000000 0.69665485729 -1.67632575036
-1.00000000000 0.00000000000 2.40625000000 0.00500000000 0.69693083351 -1.67698981814
-1.00000000000 0.00000000000 2.40625000000 0.00625000000 0.69721146515 -1.67766508802
-1.00000000000 0.00000000000 2.40625000000 0.00750000000 0.69749675982 -1.67835157831
-1.00000000000 0.00000000000 2.40625000000 0.00875000000 0.69778672523 -1.67904930760
-1.00000000000 0.00000000000 2.42187500000 -0.01000000000 0.69393737205 -1.68062957293
-1.00000000000 0.00000000000 2.42187500000 -0.00875000000 0.69416101382 -1.68117120535
-1.00000000000 0.00000000000 2.42187500000 -0.00750000000 0.69438922410 -1.68172390212
-1.00000000000 0.00000000000 2.42187500000 -0.00625000000 0.69462200923 -1.68228767860
-1.00000000000 0.00000000000 2.42187500000 -0.00500000000 0.69485937564 -1.68286255037
-1.00000000000 0.00000000000 2.42187500000 -0.00375000000 0.69510132988 -1.68344853330
-1.00000000000 0.00000000000 2.42187500000 -0.00250000000 0.69534787861 -1.68404564352
-1.00000000000 0.00000000000 2.42187500000 -0.00125000000 0.69559902861 -1.68465389740
-1.00000000000 0.00000000000 2.42187500000 0.00000000000 0.69585478673 -1.68527331162
-1.00000000000 0.00000000000 2.42187500000 0.00125000000 0.69611515999 -1.68590390309
-1.00000000000 0.00000000000 2.42187500000 0.00250000000 0.69638015546 -1.68654568900
-1.00000000000 0.00000000000 2.42187500000 0.00375000000 0.69664978036 -1.68719868682
-1.00000000000 0.00000000000 2.42187500000 0.00500000000 0.69692404202 -1.68786291427
-1.00000000000 0.00000000000 2.42187500000 0.00625000000 0.69720294787 -1.68853838936
-1.00000000000 0.00000000000 2.42187500000 0.00750000000 0.69748650544 -1.68922513036
-1.00000000000 0.00000000000 2.42187500000 0.00875000000 0.69777472240 -1.68992315581
-1.00000000000 0.00000000000 2.43750000000 -0.01000000000 0.69395026481 -1.69150377047
-1.00000000000 0.00000000000 2.43750000000 -0.00875000000 0.69417233184 -1.69204505886
-1.00000000000 0.00000000000 2.43750000000 -0.00750000000 0.69439895697 -1.69259745761
-1.00000000000 0.00000000000 2.43750000000 -0.00625000000 0.69463014647 -1.69316098201
-1.00000000000 0.00000000000 2.43750000000 -0.00500000000 0.69486590672 -1.69373564763
-1.00000000000 0.00000000000 2.43750000000 -0.00375000000 0.69510624422 -1.69432147029
-1.00000000000 0.00000000000 2.43750000000 -0.00250000000 0.69535116556 -1.69491846606
-1.00000000000 0.00000000000 2.43750000000 -0.00125000000 0.69560067746 -1.69552665132
-1.00000000000 0.00000000000 2.43750000000 0.00000000000 0.69585478673 -1.69614604266
-1.00000000000 0.00000000000 2.43750000000 0.00125000000 0.69611350030 -1.69677665699
-1.00000000000 0.00000000000 2.43750000000 0.00250000000 0.69637682521 -1.69741851145
-1.00000000000 0.00000000000 2.43750000000 0.00375000000 0.69664476860 -1.69807162347
-1.00000000000 0.00000000000 2.43750000000 0.00500000000 0.69691733774 -1.69873601073
-1.00000000000 0.00000000000 2.43750000000 0.00625000000 0.69719453998 -1.69941169121
-1.00000000000 0.00000000000 2.43750000000 0.00750000000 0.69747638283 -1.70009868315
-1.00000000000 0.00000000000 2.43750000000 0.00875000000 0.69776287387 -1.70079700505
-1.00000000000 0.00000000000 2.45312500000 -0.01000000000 0.69396299383 -1.70237796924
-1.00000000000 0.00000000000 2.45312500000 -0.00875000000 0.69418350606 -1.70291891331
-1.00000000000 0.00000000000 2.45312500000 -0.00750000000 0.69440856613 -1.70347101379
-1.00000000000 0.00000000000 2.45312500000 -0.00625000000 0.69463818024 -1.70403428591
-1.00000000000 0.00000000000 2.45312500000 -0.00500000000 0.69487235473 -1.70460874520
-1.00000000000 0.00000000000 2.45312500000 -0.00375000000 0.69511109603 -1.70519440744
-1.00000000000 0.00000000000 2.45312500000 -0.00250000000 0.69535441068 -1.70579128869
-1.00000000000 0.00000000000 2.45312500000 -0.00125000000 0.69560230532 -1.70639940525
-1.00000000000 0.00000000000 2.45312500000 0.00000000000 0.69585478673 -1.70701877371
-1.00000000000 0.00000000000 2.45312500000 0.00125000000 0.69611186177 -1.70764941091
-1.00000000000 0.00000000000 2.45312500000 0.00250000000 0.69637353742 -1.70829133398
-1.00000000000 0.00000000000 2.45312500000 0.00375000000 0.69663982076 -1.70894456029
-1.00000000000 0.00000000000 2.45312500000 0.00500000000 0.69691071899 -1.70960910751
-1.00000000000 0.00000000000 2.45312500000 0.00625000000 0.69718623942 -1.71028499357
-1.00000000000 0.00000000000 2.45312500000 0.00750000000 0.69746638947 -1.71097223667
-1.00000000000 0.00000000000 2.45312500000 0.00875000000 0.69775117668 -1.71167085529
-1.00000000000 0.00000000000 2.46875000000 -0.01000000000 0.69397556221 -1.71325216920
-1.00000000000 0.00000000000 2.46875000000 -0.00875000000 0.69419453922 -1.71379276869
-1.00000000000 0.00000000000 2.46875000000 -0.00750000000 0.69441805393 -1.71434457064
-1.00000000000 0.00000000000 2.46875000000 -0.00625000000 0.69464611252 -1.71490759028
-1.00000000000 0.00000000000 2.46875000000 -0.00500000000 0.69487872124 -1.71548184307
-1.00000000000 0.00000000000 2.46875000000 -0.00375000000 0.69511588649 -1.71606734477
-1.00000000000 0.00000000000 2.46875000000 -0.00250000000 0.69535761474 -1.71666411139
-1.00000000000 0.00000000000 2.46875000000 -0.00125000000 0.69560391259 -1.71727215920
-1.00000000000 0.00000000000 2.46875000000 0.00000000000 0.69585478673 -1.71789150475
-1.00000000000 0.00000000000 2.46875000000 0.00125000000 0.69611024399 -1.71852216485
-1.00000000000 0.00000000000 2.46875000000 0.00250000000 0.69637029127 -1.71916415658
-1.00000000000 0.00000000000 2.46875000000 0.00375000000 0.69663493561 -1.71981749729
-1.00000000000 0.00000000000 2.46875000000 0.00500000000 0.69690418414 -1.72048220461
-1.00000000000 0.00000000000 2.46875000000 0.00625000000 0.69717804412 -1.72115829642
-1.00000000000 0.00000000000 2.46875000000 0.00750000000 0.69745652290 -1.72184579091
-1.00000000000 0.00000000000 2.46875000000 0.00875000000 0.69773962795 -1.72254470650
-1.00000000000 0.00000000000 2.48437500000 -0.01000000000 0.69398797296 -1.72412637033
-1.00000000000 0.00000000000 2.48437500000 -0.00875000000 0.69420543395 -1.72466662497
-1.00000000000 0.00000000000 2.48437500000 -0.00750000000 0.69442742266 -1.72521812817
-1.00000000000 0.00000000000 2.48437500000 -0.00625000000 0.69465394520 -1.72578089511
-1.00000000000 0.00000000000 2.48437500000 -0.00500000000 0.69488500780 -1.72635494124
-1.00000000000 0.00000000000 2.48437500000 -0.00375000000 0.69512061676 -1.72694028227
-1.00000000000 0.00000000000 2.48437500000 -0.00250000000 0.69536077853 -1.72753693416
-1.00000000000 0.00000000000 2.48437500000 -0.00125000000 0.69560549964 -1.72814491317
-1.00000000000 0.00000000000 2.48437500000 0.00000000000 0.69585478673 -1.72876423579
-1.00000000000 0.00000000000 2.48437500000 0.00125000000 0.69610864656 -1.72939491881
-1.00000000000 0.00000000000 2.48437500000 0.00250000000 0.69636708599 -1.73003697926
-1.00000000000 0.00000000000 2.48437500000 0.00375000000 0.69663011199 -1.73069043447
-1.00000000000 0.00000000000 2.48437500000 0.00500000000 0.69689773163 -1.73135530201
-1.00000000000 0.00000000000 2.48437500000 0.00625000000 0.69716995211 -1.73203159976
-1.00000000000 0.00000000000 2.48437500000 0.00750000000 0.69744678072 -1.73271934585
-1.00000000000 0.00000000000 2.48437500000 0.00875000000 0.69772822488 -1.73341855868
-1.00000000000 0.00000000000 2.50000000000 -0.01000000000 0.69400022905 -1.73500057262
-1.00000000000 0.00000000000 2.50000000000 -0.00875000000 0.69421619285 -1.73554048213
-1.00000000000 0.00000000000 2.50000000000 -0.00750000000 0.69443667454 -1.73609168634
-1.00000000000 0.00000000000 2.50000000000 -0.00625000000 0.69466168016 -1.73665420040
-1.00000000000 0.00000000000 2.50000000000 -0.00500000000 0.69489121588 -1.73722803971
-1.00000000000 0.00000000000 2.50000000000 -0.00375000000 0.69512528797 -1.73781321993
-1.00000000000 0.00000000000 2.50000000000 -0.00250000000 0.69536390281 -1.73840975701
-1.00000000000 0.00000000000 2.50000000000 -0.00125000000 0.69560706686 -1.73901766716
-1.00000000000 0.00000000000 2.50000000000 0.00000000000 0.69585478673 -1.73963696684
-1.00000000000 0.00000000000 2.50000000000 0.00125000000 0.69610706911 -1.74026767278
-1.00000000000 0.00000000000 2.50000000000 0.00250000000 0.69636392081 -1.74090980202
-1.00000000000 0.00000000000 2.50000000000 0.00375000000 0.69662534872 -1.74156337181
-1.00000000000 0.00000000000 2.50000000000 0.00500000000 0.69689135989 -1.74222839972
-1.00000000000 0.00000000000 2.50000000000 0.00625000000 0.69716196143 -1.74290490358
-1.00000000000 0.00000000000 2.50000000000 0.00750000000 0.69743716059 -1.74359290148
-1.00000000000 0.00000000000 2.50000000000 0.00875000000 0.69771696472 -1.74429241179
-1.00000000000 0.00000000000 2.51562500000 -0.01000000000 0.69401233334 -1.74587477605
-1.00000000000 0.00000000000 2.51562500000 -0.00875000000 0.69422681845 -1.74641434017
-1.00000000000 0.00000000000 2.51562500000 -0.00750000000 0.69444581174 -1.74696524516
-1.00000000000 0.00000000000 2.51562500000 -0.00625000000 0.69466931921 -1.74752750614
-1.00000000000 0.00000000000 2.51562500000 -0.00500000000 0.69489734696 -1.74810113846
-1.00000000000 0.00000000000 2.51562500000 -0.00375000000 0.69512990122 -1.74868615776
-1.00000000000 0.00000000000 2.51562500000 -0.00250000000 0.69536698830 -1.74928257994
-1.00000000000 0.00000000000 2.51562500000 -0.00125000000 0.69560861462 -1.74989042117
-1.00000000000 0.00000000000 2.51562500000 0.00000000000 0.69585478673 -1.75050969788
-1.00000000000 0.00000000000 2.51562500000 0.00125000000 0.69610551127 -1.75114042678
-1.00000000000 0.00000000000 2.51562500000 0.00250000000 0.69636079497 -1.75178262484
-1.00000000000 0.00000000000 2.51562500000 0.00375000000 0.69662064470 -1.75243630932
-1.00000000000 0.00000000000 2.51562500000 0.00500000000 0.69688506742 -1.75310149773
-1.00000000000 0.00000000000 2.51562500000 0.00625000000 0.69715407021 -1.75377820786
-1.00000000000 0.00000000000 2.51562500000 0.00750000000 0.69742766024 -1.75446645778
-1.00000000000 0.00000000000 2.51562500000 0.00875000000 0.69770584480 -1.75516626584
-1.00000000000 0.00000000000 2.53125000000 -0.01000000000 0.69402428862 -1.75674898058
-1.00000000000 0.00000000000 2.53125000000 -0.00875000000 0.69423731321 -1.75728819906
-1.00000000000 0.00000000000 2.53125000000 -0.00750000000 0.69445483639 -1.75783880462
-1.00000000000 0.00000000000 2.53125000000 -0.00625000000 0.69467686412 -1.75840081232
-1.00000000000 0.00000000000 2.53125000000 -0.00500000000 0.69490340247 -1.75897423749
-1.00000000000 0.00000000000 2.53125000000 -0.00375000000 0.69513445758 -1.75955909574
-1.00000000000 0.00000000000 2.53125000000 -0.00250000000 0.69537003573 -1.76015540293
-1.00000000000 0.00000000000 2.53125000000 -0.00125000000 0.69561014329 -1.76076317519
-1.00000000000 0.00000000000 2.53125000000 0.00000000000 0.69585478673 -1.76138242892
-1.00000000000 0.00000000000 2.53125000000 0.00125000000 0.69610397266 -1.76201318079
-1.00000000000 0.00000000000 2.53125000000 0.00250000000 0.69635770775 -1.76265544775
-1.00000000000 0.00000000000 2.53125000000 0.00375000000 0.69661599881 -1.76330924700
-1.00000000000 0.00000000000 2.53125000000 0.00500000000 0.69687885275 -1.76397459603
-1.00000000000 0.00000000000 2.53125000000 0.00625000000 0.69714627658 -1.76465151260
-1.00000000000 0.00000000000 2.53125000000 0.00750000000 0.69741827743 -1.76534001475
-1.00000000000 0.00000000000 2.53125000000 0.00875000000 0.69769486253 -1.76604012079
-1.00000000000 0.00000000000 2.54687500000 -0.01000000000 0.69403609765 -1.76762318621
-1.00000000000 0.00000000000 2.54687500000 -0.00875000000 0.69424767952 -1.76816205879
-1.00000000000 0.00000000000 2.54687500000 -0.00750000000 0.69446375055 -1.76871236469
-1.00000000000 0.00000000000 2.54687500000 -0.00625000000 0.69468431663 -1.76927411893
-1.00000000000 0.00000000000 2.54687500000 -0.00500000000 0.69490938378 -1.76984733681
-1.00000000000 0.00000000000 2.54687500000 -0.00375000000 0.69513895809 -1.77043203389
-1.00000000000 0.00000000000 2.54687500000 -0.00250000000 0.69537304579 -1.77102822600
-1.00000000000 0.00000000000 2.54687500000 -0.00125000000 0.69561165320 -1.77163592923
-1.00000000000 0.00000000000 2.54687500000 0.00000000000 0.69585478673 -1.77225515996
-1.00000000000 0.00000000000 2.54687500000 0.00125000000 0.69610245294 -1.77288593482
-1.00000000000 0.00000000000 2.54687500000 0.00250000000 0.69635465844 -1.77352827072
-1.00000000000 0.00000000000 2.54687500000 0.00375000000 0.69661141000 -1.77418218483
-1.00000000000 0.00000000000 2.54687500000 0.00500000000 0.69687271445 -1.77484769462
-1.00000000000 0.00000000000 2.54687500000 0.00625000000 0.69713857877 -1.77552481780
-1.00000000000 0.00000000000 2.54687500000 0.00750000000 0.69740901001 -1.77621357237
-1.00000000000 0.00000000000 2.54687500000 0.00875000000 0.69768401536 -1.77691397663
-1.00000000000 0.00000000000 2.56250000000 -0.01000000000 0.69404776308 -1.77849739290
-1.00000000000 0.00000000000 2.56250000000 -0.00875000000 0.69425791974 -1.77903591934
-1.00000000000 0.00000000000 2.56250000000 -0.00750000000 0.69447255624 -1.77958592536
-1.00000000000 0.00000000000 2.56250000000 -0.00625000000 0.69469167842 -1.78014742596
-1.00000000000 0.00000000000 2.56250000000 -0.00500000000 0.69491529225 -1.78072043639
-1.00000000000 0.00000000000 2.56250000000 -0.00375000000 0.69514340378 -1.78130497218
-1.00000000000 0.00000000000 2.56250000000 -0.00250000000 0.69537601917 -1.78190104913
-1.00000000000 0.00000000000 2.56250000000 -0.00125000000 0.69561314470 -1.78250868329
-1.00000000000 0.00000000000 2.56250000000 0.00000000000 0.69585478673 -1.78312789101
-1.00000000000 0.00000000000 2.56250000000 0.00125000000 0.69610095175 -1.78375868887
-1.00000000000 0.00000000000 2.56250000000 0.00250000000 0.69635164635 -1.78440109376
-1.00000000000 0.00000000000 2.56250000000 0.00375000000 0.69660687720 -1.78505512283
-1.00000000000 0.00000000000 2.56250000000 0.00500000000 0.69686665112 -1.78572079349
-1.00000000000 0.00000000000 2.56250000000 0.00625000000 0.69713097500 -1.78639812343
-1.00000000000 0.00000000000 2.56250000000 0.00750000000 0.69739985586 -1.78708713064
-1.00000000000 0.00000000000 2.56250000000 0.00875000000 0.69767330082 -1.78778783334
-1.00000000000 0.00000000000 2.57812500000 -0.01000000000 0.69405928752 -1.78937160065
-1.00000000000 0.00000000000 2.57812500000 -0.00875000000 0.69426803615 -1.78990978070
-1.00000000000 0.00000000000 2.57812500000 -0.00750000000 0.69448125542 -1.79045948664
-1.00000000000 0.00000000000 2.57812500000 -0.00625000000 0.69469895114 -1.79102073341
-1.00000000000 0.00000000000 2.57812500000 -0.00500000000 0.69492112921 -1.79159353624
-1.00000000000 0.00000000000 2.57812500000 -0.00375000000 0.69514779564 -1.79217791063
-1.00000000000 0.00000000000 2.57812500000 -0.00250000000 0.69537895654 -1.79277387233
-1.00000000000 0.00000000000 2.57812500000 -0.00125000000 0.69561461813 -1.79338143737
-1.00000000000 0.00000000000 2.57812500000 0.00000000000 0.69585478673 -1.79400062205
-1.00000000000 0.00000000000 2.57812500000 0.00125000000 0.69609946878 -1.79463144294
-1.00000000000 0.00000000000 2.57812500000 0.00250000000 0.69634867079 -1.79527391688
-1.00000000000 0.00000000000 2.57812500000 0.00375000000 0.69660239941 -1.79592806098
-1.00000000000 0.00000000000 2.57812500000 0.00500000000 0.69686066138 -1.79659389263
-1.00000000000 0.00000000000 2.57812500000 0.00625000000 0.69712346356 -1.79727142950
-1.00000000000 0.00000000000 2.57812500000 0.00750000000 0.69739081291 -1.79796068953
-1.00000000000 0.00000000000 2.57812500000 0.00875000000 0.69766271648 -1.79866169092
-1.00000000000 0.00000000000 2.59375000000 -0.01000000000 0.69407067352 -1.80024580943
-1.00000000000 0.00000000000 2.59375000000 -0.00875000000 0.69427803098 -1.80078364286
-1.00000000000 0.00000000000 2.59375000000 -0.00750000000 0.69448985002 -1.80133304850
-1.00000000000 0.00000000000 2.59375000000 -0.00625000000 0.69470613639 -1.80189404127
-1.00000000000 0.00000000000 2.59375000000 -0.00500000000 0.69492689595 -1.80246663636
-1.00000000000 0.00000000000 2.59375000000 -0.00375000000 0.69515213464 -1.80305084922
-1.00000000000 0.00000000000 2.59375000000 -0.00250000000 0.69538185854 -1.80364669559
-1.00000000000 0.00000000000 2.59375000000 -0.00125000000 0.69561607382 -1.80425419146
-1.00000000000 0.00000000000 2.59375000000 0.00000000000 0.69585478673 -1.80487335309
-1.00000000000 0.00000000000 2.59375000000 0.00125000000 0.69609800367 -1.80550419702
-1.00000000000 0.00000000000 2.59375000000 0.00250000000 0.69634573111 -1.80614674005
-1.00000000000 0.00000000000 2.59375000000 0.00375000000 0.69659797563 -1.80680099928
-1.00000000000 0.00000000000 2.59375000000 0.00500000000 0.69685474392 -1.80746699205
-1.00000000000 0.00000000000 2.59375000000 0.00625000000 0.69711604279 -1.80814473600
-1.00000000000 0.00000000000 2.59375000000 0.00750000000 0.69738187914 -1.80883424903
-1.00000000000 0.00000000000 2.59375000000 0.00875000000 0.69765225999 -1.80953554934
-1.00000000000 0.00000000000 2.60937500000 -0.01000000000 0.69408192354 -1.81112001922
-1.00000000000 0.00000000000 2.60937500000 -0.00875000000 0.69428790641 -1.81165750580
-1.00000000000 0.00000000000 2.60937500000 -0.00750000000 0.69449834191 -1.81220661093
-1.00000000000 0.00000000000 2.60937500000 -0.00625000000 0.69471323575 -1.81276734953
-1.00000000000 0.00000000000 2.60937500000 -0.00500000000 0.69493259372 -1.81333973673
-1.00000000000 0.00000000000 2.60937500000 -0.00375000000 0.69515642174 -1.81392378797
-1.00000000000 0.00000000000 2.60937500000 -0.00250000000 0.69538472582 -1.81451951893
-1.00000000000 0.00000000000 2.60937500000 -0.00125000000 0.69561751208 -1.81512694557
-1.00000000000 0.00000000000 2.60937500000 0.00000000000 0.69585478673 -1.81574608413
-1.00000000000 0.00000000000 2.60937500000 0.00125000000 0.69609655612 -1.81637695112
-1.00000000000 0.00000000000 2.60937500000 0.00250000000 0.69634282665 -1.81701956330
-1.00000000000 0.00000000000 2.60937500000 0.00375000000 0.69659360488 -1.81767393773
-1.00000000000 0.00000000000 2.60937500000 0.00500000000 0.69684889743 -1.81834009173
-1.00000000000 0.00000000000 2.60937500000 0.00625000000 0.69710871106 -1.81901804291
-1.00000000000 0.00000000000 2.60937500000 0.00750000000 0.69737305261 -1.81970780914
-1.00000000000 0.00000000000 2.60937500000 0.00875000000 0.69764192904 -1.82040940858
-1.00000000000 0.00000000000 2.62500000000 -0.01000000000 0.69409304001 -1.82199423002
-1.00000000000 0.00000000000 2.62500000000 -0.00875000000 0.69429766457 -1.82253136950
-1.00000000000 0.00000000000 2.62500000000 -0.00750000000 0.69450673293 -1.82308017393
-1.00000000000 0.00000000000 2.62500000000 -0.00625000000 0.69472025074 -1.82364065818
-1.00000000000 0.00000000000 2.62500000000 -0.00500000000 0.69493822375 -1.82421283736
-1.00000000000 0.00000000000 2.62500000000 -0.00375000000 0.69516065785 -1.82479672685
-1.00000000000 0.00000000000 2.62500000000 -0.00250000000 0.69538755898 -1.82539234232
-1.00000000000 0.00000000000 2.62500000000 -0.00125000000 0.69561893322 -1.82599969970
-1.00000000000 0.00000000000 2.62500000000 0.00000000000 0.69585478673 -1.82661881518
-1.00000000000 0.00000000000 2.62500000000 0.00125000000 0.69609512580 -1.82724970523
-1.00000000000 0.00000000000 2.62500000000 0.00250000000 0.69633995680 -1.82789238661
-1.00000000000 0.00000000000 2.62500000000 0.00375000000 0.69658928622 -1.82854687633
-1.00000000000 0.00000000000 2.62500000000 0.00500000000 0.69684312064 -1.82921319168
-1.00000000000 0.00000000000 2.62500000000 0.00625000000 0.69710146676 -1.82989135024
-1.00000000000 0.00000000000 2.62500000000 0.00750000000 0.69736433137 -1.83058136985
-1.00000000000 0.00000000000 2.62500000000 0.00875000000 0.69763172139 -1.83128326864
-1.00000000000 0.00000000000 2.64062500000 -0.01000000000 0.69410402529 -1.83286844178
-1.00000000000 0.00000000000 2.64062500000 -0.00875000000 0.69430730753 -1.83340523395
-1.00000000000 0.00000000000 2.64062500000 -0.00750000000 0.69451502485 -1.83395373749
-1.00000000000 0.00000000000 2.64062500000 -0.00625000000 0.69472718285 -1.83451396722
-1.00000000000 0.00000000000 2.64062500000 -0.00500000000 0.69494378726 -1.83508593823
-1.00000000000 0.00000000000 2.64062500000 -0.00375000000 0.69516484388 -1.83566966588
-1.00000000000 0.00000000000 2.64062500000 -0.00250000000 0.69539035864 -1.83626516578
-1.00000000000 0.00000000000 2.64062500000 -0.00125000000 0.69562033755 -1.83687245384
-1.00000000000 0.00000000000 2.64062500000 0.00000000000 0.69585478673 -1.83749154622
-1.00000000000 0.00000000000 2.64062500000 0.00125000000 0.69609371242 -1.83812245936
-1.00000000000 0.00000000000 2.64062500000 0.00250000000 0.69633712094 -1.83876520998
-1.00000000000 0.00000000000 2.64062500000 0.00375000000 0.69658501873 -1.83941981507
-1.00000000000 0.00000000000 2.64062500000 0.00500000000 0.69683741231 -1.84008629189
-1.00000000000 0.00000000000 2.64062500000 0.00625000000 0.69709430834 -1.84076465797
-1.00000000000 0.00000000000 2.64062500000 0.00750000000 0.69735571357 -1.84145493114
-1.00000000000 0.00000000000 2.64062500000 0.00875000000 0.69762163484 -1.84215712950
-1.00000000000 0.00000000000 2.65625000000 -0.01000000000 0.69411488170 -1.84374265451
-1.00000000000 0.00000000000 2.65625000000 -0.00875000000 0.69431683732 -1.84427909914
-1.00000000000 0.00000000000 2.65625000000 -0.00750000000 0.69452321942 -1.84482730159
-1.00000000000 0.00000000000 2.65625000000 -0.00625000000 0.69473403356 -1.84538727664
-1.00000000000 0.00000000000 2.65625000000 -0.00500000000 0.69494928540 -1.84595903935
-1.00000000000 0.00000000000 2.65625000000 -0.00375000000 0.69516898072 -1.84654260504
-1.00000000000 0.00000000000 2.65625000000 -0.00250000000 0.69539312538 -1.84713798930
-1.00000000000 0.00000000000 2.65625000000 -0.00125000000 0.69562172536 -1.84774520799
-1.00000000000 0.00000000000 2.65625000000 0.00000000000 0.69585478673 -1.84836427726
-1.00000000000 0.00000000000 2.65625000000 0.00125000000 0.69609231567 -1.84899521351
-1.00000000000 0.00000000000 2.65625000000 0.00250000000 0.69633431846 -1.84963803342
-1.00000000000 0.00000000000 2.65625000000 0.00375000000 0.69658080149 -1.85029275395
-1.00000000000 0.00000000000 2.65625000000 0.00500000000 0.69683177124 -1.85095939234
-1.00000000000 0.00000000000 2.65625000000 0.00625000000 0.69708723430 -1.85163796610
-1.00000000000 0.00000000000 2.65625000000 0.00750000000 0.69734719737 -1.85232849301
-1.00000000000 0.00000000000 2.65625000000 0.00875000000 0.69761166725 -1.85303099115
-1.00000000000 0.00000000000 2.67187500000 -0.01000000000 0.69412561149 -1.85461686819
-1.00000000000 0.00000000000 2.67187500000 -0.00875000000 0.69432625593 -1.85515296506
-1.00000000000 0.00000000000 2.67187500000 -0.00750000000 0.69453131835 -1.85570086623
-1.00000000000 0.00000000000 2.67187500000 -0.00625000000 0.69474080428 -1.85626058644
-1.00000000000 0.00000000000 2.67187500000 -0.00500000000 0.69495471933 -1.85683214071
-1.00000000000 0.00000000000 2.67187500000 -0.00375000000 0.69517306923 -1.85741554434
-1.00000000000 0.00000000000 2.67187500000 -0.00250000000 0.69539585979 -1.85801081288
-1.00000000000 0.00000000000 2.67187500000 -0.00125000000 0.69562309695 -1.85861796217
-1.00000000000 0.00000000000 2.67187500000 0.00000000000 0.69585478673 -1.85923700830
-1.00000000000 0.00000000000 2.67187500000 0.00125000000 0.69609093527 -1.85986796767
-1.00000000000 0.00000000000 2.67187500000 0.00250000000 0.69633154879 -1.86051085692
-1.00000000000 0.00000000000 2.67187500000 0.00375000000 0.69657663363 -1.86116569298
-1.00000000000 0.00000000000 2.67187500000 0.00500000000 0.69682619623 -1.86183249305
-1.00000000000 0.00000000000 2.67187500000 0.00625000000 0.69708024313 -1.86251127462
-1.00000000000 0.00000000000 2.67187500000 0.00750000000 0.69733878098 -1.86320205544
-1.00000000000 0.00000000000 2.67187500000 0.00875000000 0.69760181654 -1.86390485356
-1.00000000000 0.00000000000 2.68750000000 -0.01000000000 0.69413621685 -1.86549108279
-1.00000000000 0.00000000000 2.68750000000 -0.00875000000 0.69433556528 -1.86602683169
-1.00000000000 0.00000000000 2.68750000000 -0.00750000000 0.69453932331 -1.86657443139
-1.00000000000 0.00000000000 2.68750000000 -0.00625000000 0.69474749641 -1.86713389660
-1.00000000000 0.00000000000 2.68750000000 -0.00500000000 0.69496009016 -1.86770524231
-1.00000000000 0.00000000000 2.68750000000 -0.00375000000 0.69517711024 -1.86828848377
-1.00000000000 0.00000000000 2.68750000000 -0.00250000000 0.69539856243 -1.86888363652
-1.00000000000 0.00000000000 2.68750000000 -0.00125000000 0.69562445260 -1.86949071635
-1.00000000000 0.00000000000 2.68750000000 0.00000000000 0.69585478673 -1.87010973935
-1.00000000000 0.00000000000 2.68750000000 0.00125000000 0.69608957092 -1.87074072185
-1.00000000000 0.00000000000 2.68750000000 0.00250000000 0.69632881134 -1.87138368048
-1.00000000000 0.00000000000 2.68750000000 0.00375000000 0.69657251428 -1.87203863214
-1.00000000000 0.00000000000 2.68750000000 0.00500000000 0.69682068614 -1.87270559400
-1.00000000000 0.00000000000 2.68750000000 0.00625000000 0.69707333340 -1.87338458352
-1.00000000000 0.00000000000 2.68750000000 0.00750000000 0.69733046267 -1.87407561842
-1.00000000000 0.00000000000 2.68750000000 0.00875000000 0.69759208064 -1.87477871673
-1.00000000000 0.00000000000 2.70312500000 -0.01000000000 0.69414669995 -1.87636529830
-1.00000000000 0.00000000000 2.70312500000 -0.00875000000 0.69434476727 -1.87690069903
-1.00000000000 0.00000000000 2.70312500000 -0.00750000000 0.69454723591 -1.87744799707
-1.00000000000 0.00000000000 2.70312500000 -0.00625000000 0.69475411130 -1.87800720712
-1.00000000000 0.00000000000 2.70312500000 -0.00500000000 0.69496539899 -1.87857834413
-1.00000000000 0.00000000000 2.70312500000 -0.00375000000 0.69518110459 -1.87916142333
-1.00000000000 0.00000000000 2.70312500000 -0.00250000000 0.69540123384 -1.87975646022
-1.00000000000 0.00000000000 2.70312500000 -0.00125000000 0.69562579258 -1.88036347056
-1.00000000000 0.00000000000 2.70312500000 0.00000000000 0.69585478673 -1.88098247039
-1.00000000000 0.00000000000 2.70312500000 0.00125000000 0.69608822235 -1.88161347604
-1.00000000000 0.00000000000 2.70312500000 0.00250000000 0.69632610556 -1.88225650410
-1.00000000000 0.00000000000 2.70312500000 0.00375000000 0.69656844261 -1.88291157143
-1.00000000000 0.00000000000 2.70312500000 0.00500000000 0.69681523984 -1.88357869519
-1.00000000000 0.00000000000 2.70312500000 0.00625000000 0.69706650369 -1.88425789279
-1.00000000000 0.00000000000 2.70312500000 0.00750000000 0.69732224072 -1.88494918195
-1.00000000000 0.00000000000 2.70312500000 0.00875000000 0.69758245758 -1.88565258065
-1.00000000000 0.00000000000 2.71875000000 -0.01000000000 0.69415706288 -1.88723951471
-1.00000000000 0.00000000000 2.71875000000 -0.00875000000 0.69435386374 -1.88777456705
-1.00000000000 0.00000000000 2.71875000000 -0.00750000000 0.69455505775 -1.88832156326
-1.00000000000 0.00000000000 2.71875000000 -0.00625000000 0.69476065030 -1.88888051800
-1.00000000000 0.00000000000 2.71875000000 -0.00500000000 0.69497064687 -1.88945144619
-1.00000000000 0.00000000000 2.71875000000 -0.00375000000 0.69518505307 -1.89003436302
-1.00000000000 0.00000000000 2.71875000000 -0.00250000000 0.69540387456 -1.89062928397
-1.00000000000 0.00000000000 2.71875000000 -0.00125000000 0.69562711716 -1.89123622477
-1.00000000000 0.00000000000 2.71875000000 0.00000000000 0.69585478673 -1.89185520143
-1.00000000000 0.00000000000 2.71875000000 0.00125000000 0.69608688929 -1.89248623025
-1.00000000000 0.00000000000 2.71875000000 0.00250000000 0.69632343091 -1.89312932777
-1.00000000000 0.00000000000 2.71875000000 0.00375000000 0.69656441779 -1.89378451086
-1.00000000000 0.00000000000 2.71875000000 0.00500000000 0.69680985623 -1.89445179661
-1.00000000000 0.00000000000 2.71875000000 0.00625000000 0.69705975262 -1.89513120244
-1.00000000000 0.00000000000 2.71875000000 0.00750000000 0.69731411348 -1.89582274601
-1.00000000000 0.00000000000 2.71875000000 0.00875000000 0.69757294540 -1.89652644529
-1.00000000000 0.00000000000 2.73437500000 -0.01000000000 0.69416730771 -1.89811373201
-1.00000000000 0.00000000000 2.73437500000 -0.00875000000 0.69436285650 -1.89864843575
-1.00000000000 0.00000000000 2.73437500000 -0.00750000000 0.69456279038 -1.89919512995
-1.00000000000 0.00000000000 2.73437500000 -0.00625000000 0.69476711469 -1.89975382922
-1.00000000000 0.00000000000 2.73437500000 -0.00500000000 0.69497583487 -1.90032454847
-1.00000000000 0.00000000000 2.73437500000 -0.00375000000 0.69518895647 -1.90090730284
-1.00000000000 0.00000000000 2.73437500000 -0.00250000000 0.69540648513 -1.90150210778
-1.00000000000 0.00000000000 2.73437500000 -0.00125000000 0.69562842661 -1.90210897900
-1.00000000000 0.00000000000 2.73437500000 0.00000000000 0.69585478673 -1.90272793248
-1.00000000000 0.00000000000 2.73437500000 0.00125000000 0.69608557146 -1.90335898447
-1.00000000000 0.00000000000 2.73437500000 0.00250000000 0.69632078684 -1.90400215151
-1.00000000000 0.00000000000 2.73437500000 0.00375000000 0.69656043901 -1.90465745041
-1.00000000000 0.00000000000 2.73437500000 0.00500000000 0.69680453422 -1.90532489827
-1.00000000000 0.00000000000 2.73437500000 0.00625000000 0.69705307884 -1.90600451245
-1.00000000000 0.00000000000 2.73437500000 0.00750000000 0.69730607931 -1.90669631060
-1.00000000000 0.00000000000 2.73437500000 0.00875000000 0.69756354218 -1.90740031066
-1.00000000000 0.00000000000 2.75000000000 -0.01000000000 0.69417743642 -1.90898795016
-1.00000000000 0.00000000000 2.75000000000 -0.00875000000 0.69437174731 -1.90952230511
-1.00000000000 0.00000000000 2.75000000000 -0.00750000000 0.69457043532 -1.91006869713
-1.00000000000 0.00000000000 2.75000000000 -0.00625000000 0.69477350574 -1.91062714079
-1.00000000000 0.00000000000 2.75000000000 -0.00500000000 0.69498096399 -1.91119765097
-1.00000000000 0.00000000000 2.75000000000 -0.00375000000 0.69519281556 -1.91178024279
-1.00000000000 0.00000000000 2.75000000000 -0.00250000000 0.69540906606 -1.91237493165
-1.00000000000 0.00000000000 2.75000000000 -0.00125000000 0.69562972118 -1.91298173325
-1.00000000000 0.00000000000 2.75000000000 0.00000000000 0.69585478673 -1.91360066352
-1.00000000000 0.00000000000 2.75000000000 0.00125000000 0.69608426862 -1.91423173870
-1.00000000000 0.00000000000 2.75000000000 0.00250000000 0.69631817284 -1.91487497530
-1.00000000000 0.00000000000 2.75000000000 0.00375000000 0.69655650549 -1.91553039010
-1.00000000000 0.00000000000 2.75000000000 0.00500000000 0.69679927278 -1.91619800016
-1.00000000000 0.00000000000 2.75000000000 0.00625000000 0.69704648103 -1.91687782282
-1.00000000000 0.00000000000 2.75000000000 0.00750000000 0.69729813662 -1.91756987571
-1.00000000000 0.00000000000 2.75000000000 0.00875000000 0.69755424608 -1.91827417673
-1.00000000000 0.00000000000 2.76562500000 -0.01000000000 0.69418745100 -1.91986216917
-1.00000000000 0.00000000000 2.76562500000 -0.00875000000 0.69438053790 -1.92039617513
-1.00000000000 0.00000000000 2.76562500000 -0.00750000000 0.69457799405 -1.92094226479
-1.00000000000 0.00000000000 2.76562500000 -0.00625000000 0.69477982470 -1.92150045270
-1.00000000000 0.00000000000 2.76562500000 -0.00500000000 0.69498603523 -1.92207075368
-1.00000000000 0.00000000000 2.76562500000 -0.00375000000 0.69519663109 -1.92265318285
-1.00000000000 0.00000000000 2.76562500000 -0.00250000000 0.69541161783 -1.92324775557
-1.00000000000 0.00000000000 2.76562500000 -0.00125000000 0.69563100113 -1.92385448750
-1.00000000000 0.00000000000 2.76562500000 0.00000000000 0.69585478673 -1.92447339456
-1.00000000000 0.00000000000 2.76562500000 0.00125000000 0.69608298050 -1.92510449295
-1.00000000000 0.00000000000 2.76562500000 0.00250000000 0.69631558839 -1.92574779915
-1.00000000000 0.00000000000 2.76562500000 0.00375000000 0.69655261646 -1.92640332991
-1.00000000000 0.00000000000 2.76562500000 0.00500000000 0.69679407088 -1.92707110227
-1.00000000000 0.00000000000 2.76562500000 0.00625000000 0.69703995789 -1.92775113354
-1.00000000000 0.00000000000 2.76562500000 0.00750000000 0.69729028387 -1.92844344132
-1.00000000000 0.00000000000 2.76562500000 0.00875000000 0.69754505528 -1.92914804350
-1.00000000000 0.00000000000 2.78125000000 -0.01000000000 0.69419735335 -1.93073638902
-1.00000000000 0.00000000000 2.78125000000 -0.00875000000 0.69438922995 -1.93127004580
-1.00000000000 0.00000000000 2.78125000000 -0.00750000000 0.69458546802 -1.93181583292
-1.00000000000 0.00000000000 2.78125000000 -0.00625000000 0.69478607278 -1.93237376493
-1.00000000000 0.00000000000 2.78125000000 -0.00500000000 0.69499104957 -1.93294385661
-1.00000000000 0.00000000000 2.78125000000 -0.00375000000 0.69520040379 -1.93352612304
-1.00000000000 0.00000000000 2.78125000000 -0.00250000000 0.69541414096 -1.93412057955
-1.00000000000 0.00000000000 2.78125000000 -0.00125000000 0.69563226671 -1.93472724177
-1.00000000000 0.00000000000 2.78125000000 0.00000000000 0.69585478673 -1.93534612560
-1.00000000000 0.00000000000 2.78125000000 0.00125000000 0.69608170686 -1.93597724721
-1.00000000000 0.00000000000 2.78125000000 0.00250000000 0.69631303301 -1.93662062305
-1.00000000000 0.00000000000 2.78125000000 0.00375000000 0.69654877118 -1.93727626984
-1.00000000000 0.00000000000 2.78125000000 0.00500000000 0.69678892749 -1.93794420459
-1.00000000000 0.00000000000 2.78125000000 0.00625000000 0.69703350817 -1.93862444460
-1.00000000000 0.00000000000 2.78125000000 0.00750000000 0.69728251953 -1.93931700744
-1.00000000000 0.00000000000 2.78125000000 0.00875000000 0.69753596798 -1.94002191095
-1.00000000000 0.00000000000 2.79687500000 -0.01000000000 0.69420714536 -1.94161060968
-1.00000000000 0.00000000000 2.79687500000 -0.00875000000 0.69439782511 -1.94214391709
-1.00000000000 0.00000000000 2.79687500000 -0.00750000000 0.69459285865 -1.94268940153
-1.00000000000 0.00000000000 2.79687500000 -0.00625000000 0.69479225117 -1.94324707749
-1.00000000000 0.00000000000 2.79687500000 -0.00500000000 0.69499600795 -1.94381695975
-1.00000000000 0.00000000000 2.79687500000 -0.00375000000 0.69520413438 -1.94439906334
-1.00000000000 0.00000000000 2.79687500000 -0.00250000000 0.69541663592 -1.94499340358
-1.00000000000 0.00000000000 2.79687500000 -0.00125000000 0.69563351814 -1.94559999606
-1.00000000000 0.00000000000 2.79687500000 0.00000000000 0.69585478673 -1.94621885665
-1.00000000000 0.00000000000 2.79687500000 0.00125000000 0.69608044746 -1.94685000149
-1.00000000000 0.00000000000 2.79687500000 0.00250000000 0.69631050619 -1.94749344700
-1.00000000000 0.00000000000 2.79687500000 0.00375000000 0.69654496890 -1.94814920989
-1.00000000000 0.00000000000 2.79687500000 0.00500000000 0.69678384166 -1.94881730714
-1.00000000000 0.00000000000 2.79687500000 0.00625000000 0.69702713064 -1.94949775601
-1.00000000000 0.00000000000 2.79687500000 0.00750000000 0.69727484212 -1.95019057404
-1.00000000000 0.00000000000 2.79687500000 0.00875000000 0.69752698246 -1.95089577907
-1.00000000000 0.00000000000 2.81250000000 -0.01000000000 0.69421682886 -1.95248483116
-1.00000000000 0.00000000000 2.81250000000 -0.00875000000 0.69440632498 -1.95301778901
-1.00000000000 0.00000000000 2.81250000000 -0.00750000000 0.69460016732 -1.95356297059
-1.00000000000 0.00000000000 2.81250000000 -0.00625000000 0.69479836102 -1.95412039037
-1.00000000000 0.00000000000 2.81250000000 -0.00500000000 0.69500091132 -1.95469006309
-1.00000000000 0.00000000000 2.81250000000 -0.00375000000 0.69520782356 -1.95527200376
-1.00000000000 0.00000000000 2.81250000000 -0.00250000000 0.69541910317 -1.95586622766
-1.00000000000 0.00000000000 2.81250000000 -0.00125000000 0.69563475568 -1.95647275036
-1.00000000000 0.00000000000 2.81250000000 0.00000000000 0.69585478673 -1.95709158769
-1.00000000000 0.00000000000 2.81250000000 0.00125000000 0.69607920205 -1.95772275577
-1.00000000000 0.00000000000 2.81250000000 0.00250000000 0.69630800747 -1.95836627101
-1.00000000000 0.00000000000 2.81250000000 0.00375000000 0.69654120891 -1.95902215006
-1.00000000000 0.00000000000 2.81250000000 0.00500000000 0.69677881241 -1.95969040990
-1.00000000000 0.00000000000 2.81250000000 0.00625000000 0.69702082409 -1.96037106775
-1.00000000000 0.00000000000 2.81250000000 0.00750000000 0.69726725018 -1.96106414113
-1.00000000000 0.00000000000 2.81250000000 0.00875000000 0.69751809701 -1.96176964785
-1.00000000000 0.00000000000 2.82812500000 -0.01000000000 0.69422640563 -1.96335905344
-1.00000000000 0.00000000000 2.82812500000 -0.00875000000 0.69441473115 -1.96389166154
-1.00000000000 0.00000000000 2.82812500000 -0.00750000000 0.69460739540 -1.96443654011
-1.00000000000 0.00000000000 2.82812500000 -0.00625000000 0.69480440347 -1.96499370357
-1.00000000000 0.00000000000 2.82812500000 -0.00500000000 0.69500576058 -1.96556316664
-1.00000000000 0.00000000000 2.82812500000 -0.00375000000 0.69521147201 -1.96614494429
-1.00000000000 0.00000000000 2.82812500000 -0.00250000000 0.69542154317 -1.96673905179
-1.00000000000 0.00000000000 2.82812500000 -0.00125000000 0.69563597955 -1.96734550467
-1.00000000000 0.00000000000 2.82812500000 0.00000000000 0.69585478673 -1.96796431873
-1.00000000000 0.00000000000 2.82812500000 0.00125000000 0.69607797041 -1.96859551008
-1.00000000000 0.00000000000 2.82812500000 0.00250000000 0.69630553638 -1.96923909507
-1.00000000000 0.00000000000 2.82812500000 0.00375000000 0.69653749051 -1.96989509035
-1.00000000000 0.00000000000 2.82812500000 0.00500000000 0.69677383880 -1.97056351287
-1.00000000000 0.00000000000 2.82812500000 0.00625000000 0.69701458734 -1.97124437981
-1.00000000000 0.00000000000 2.82812500000 0.00750000000 0.69725974230 -1.97193770869
-1.00000000000 0.00000000000 2.82812500000 0.00875000000 0.69750930998 -1.97264351728
-1.00000000000 0.00000000000 2.84375000000 -0.01000000000 0.69423587745 -1.97423327649
-1.00000000000 0.00000000000 2.84375000000 -0.00875000000 0.69442304516 -1.97476553467
-1.00000000000 0.00000000000 2.84375000000 -0.00750000000 0.69461454420 -1.97531011006
-1.00000000000 0.00000000000 2.84375000000 -0.00625000000 0.69481037963 -1.97586701708
-1.00000000000 0.00000000000 2.84375000000 -0.00500000000 0.69501055662 -1.97643627038
-1.00000000000 0.00000000000 2.84375000000 -0.00375000000 0.69521508042 -1.97701788494
-1.00000000000 0.00000000000 2.84375000000 -0.00250000000 0.69542395639 -1.97761187597
-1.00000000000 0.00000000000 2.84375000000 -0.00125000000 0.69563718997 -1.97821825899
-1.00000000000 0.00000000000 2.84375000000 0.00000000000 0.69585478673 -1.97883704977
-1.00000000000 0.00000000000 2.84375000000 0.00125000000 0.69607675231 -1.97946826439
-1.00000000000 0.00000000000 2.84375000000 0.00250000000 0.69630309246 -1.98011191918
-1.00000000000 0.00000000000 2.84375000000 0.00375000000 0.69653381301 -1.98076803076
-1.00000000000 0.00000000000 2.84375000000 0.00500000000 0.69676891993 -1.98143661604
-1.00000000000 0.00000000000 2.84375000000 0.00625000000 0.69700841924 -1.98211769220
-1.00000000000 0.00000000000 2.84375000000 0.00750000000 0.69725231709 -1.98281127672
-1.00000000000 0.00000000000 2.84375000000 0.00875000000 0.69750061973 -1.98351738735
-1.00000000000 0.00000000000 2.85937500000 -0.01000000000 0.69424524601 -1.98510750032
-1.00000000000 0.00000000000 2.85937500000 -0.00875000000 0.69443126851 -1.98563940839
-1.00000000000 0.00000000000 2.85937500000 -0.00750000000 0.69462161502 -1.98618368046
-1.00000000000 0.00000000000 2.85937500000 -0.00625000000 0.69481629058 -1.98674033089
-1.00000000000 0.00000000000 2.85937500000 -0.00500000000 0.69501530031 -1.98730937432
-1.00000000000 0.00000000000 2.85937500000 -0.00375000000 0.69521864942 -1.98789082569
-1.00000000000 0.00000000000 2.85937500000 -0.00250000000 0.69542634324 -1.98848470020
-1.00000000000 0.00000000000 2.85937500000 -0.00125000000 0.69563838717 -1.98909101332
-1.00000000000 0.00000000000 2.85937500000 0.00000000000 0.69585478673 -1.98970978082
-1.00000000000 0.00000000000 2.85937500000 0.00125000000 0.69607554753 -1.99034101872
-1.00000000000 0.00000000000 2.85937500000 0.00250000000 0.69630067527 -1.99098474334
-1.00000000000 0.00000000000 2.85937500000 0.00375000000 0.69653017575 -1.99164097128
-1.00000000000 0.00000000000 2.85937500000 0.00500000000 0.69676405488 -1.99230971941
-1.00000000000 0.00000000000 2.85937500000 0.00625000000 0.69700231866 -1.99299100491
-1.00000000000 0.00000000000 2.85937500000 0.00750000000 0.69724497319 -1.99368484521
-1.00000000000 0.00000000000 2.85937500000 0.00875000000 0.69749202467 -1.99439125805
-1.00000000000 0.00000000000 2.87500000000 -0.01000000000 0.69425451301 -1.99598172490
-1.00000000000 0.00000000000 2.87500000000 -0.00875000000 0.69443940268 -1.99651328270
-1.00000000000 0.00000000000 2.87500000000 -0.00750000000 0.69462860914 -1.99705725128
-1.00000000000 0.00000000000 2.87500000000 -0.00625000000 0.69482213739 -1.99761364500
-1.00000000000 0.00000000000 2.87500000000 -0.00500000000 0.69501999251 -1.99818247846
-1.00000000000 0.00000000000 2.87500000000 -0.00375000000 0.69522217967 -1.99876376656
-1.00000000000 0.00000000000 2.87500000000 -0.00250000000 0.69542870417 -1.99935752448
-1.00000000000 0.00000000000 2.87500000000 -0.00125000000 0.69563957136 -1.99996376767
-1.00000000000 0.00000000000 2.87500000000 0.00000000000 0.69585478673 -2.00058251186
-1.00000000000 0.00000000000 2.87500000000 0.00125000000 0.69607435585 -2.00121377306
-1.00000000000 0.00000000000 2.87500000000 0.00250000000 0.69629828436 -2.00185756755
-1.00000000000 0.00000000000 2.87500000000 0.00375000000 0.69652657805 -2.00251391191
-1.00000000000 0.00000000000 2.87500000000 0.00500000000 0.69675924278 -2.00318282299
-1.00000000000 0.00000000000 2.87500000000 0.00625000000 0.69699628450 -2.00386431793
-1.00000000000 0.00000000000 2.87500000000 0.00750000000 0.69723770927 -2.00455841415
-1.00000000000 0.00000000000 2.87500000000 0.00875000000 0.69748352326 -2.00526512936
-1.00000000000 0.00000000000 2.89062500000 -0.01000000000 0.69426368008 -2.00685595023
-1.00000000000 0.00000000000 2.89062500000 -0.00875000000 0.69444744911 -2.00738715758
-1.00000000000 0.00000000000 2.89062500000 -0.00750000000 0.69463552779 -2.00793082253
-1.00000000000 0.00000000000 2.89062500000 -0.00625000000 0.69482792109 -2.00848695940
-1.00000000000 0.00000000000 2.89062500000 -0.00500000000 0.69502463404 -2.00905558278
-1.00000000000 0.00000000000 2.89062500000 -0.00375000000 0.69522567180 -2.00963670753
-1.00000000000 0.00000000000 2.89062500000 -0.00250000000 0.69543103959 -2.01023034881
-1.00000000000 0.00000000000 2.89062500000 -0.00125000000 0.69564074276 -2.01083652203
-1.00000000000 0.00000000000 2.89062500000 0.00000000000 0.69585478673 -2.01145524290
-1.00000000000 0.00000000000 2.89062500000 0.00125000000 0.69607317705 -2.01208652741
-1.00000000000 0.00000000000 2.89062500000 0.00250000000 0.69629591933 -2.01273039181
-1.00000000000 0.00000000000 2.89062500000 0.00375000000 0.69652301929 -2.01338685265
-1.00000000000 0.00000000000 2.89062500000 0.00500000000 0.69675448277 -2.01405592676
-1.00000000000 0.00000000000 2.89062500000 0.00625000000 0.69699031568 -2.01473763126
-1.00000000000 0.00000000000 2.89062500000 0.00750000000 0.69723052403 -2.01543198354
-1.00000000000 0.00000000000 2.89062500000 0.00875000000 0.69747511396 -2.01613900128
-1.00000000000 0.00000000000 2.90625000000 -0.01000000000 0.69427274883 -2.01773017629
-1.00000000000 0.00000000000 2.90625000000 -0.00875000000 0.69445540921 -2.01826103302
-1.00000000000 0.00000000000 2.90625000000 -0.00750000000 0.69464237220 -2.01880439419
-1.00000000000 0.00000000000 2.90625000000 -0.00625000000 0.69483364270 -2.01936027410
-1.00000000000 0.00000000000 2.90625000000 -0.00500000000 0.69502922573 -2.01992868729
-1.00000000000 0.00000000000 2.90625000000 -0.00375000000 0.69522912640 -2.02050964861
-1.00000000000 0.00000000000 2.90625000000 -0.00250000000 0.69543334991 -2.02110317318
-1.00000000000 0.00000000000 2.90625000000 -0.00125000000 0.69564190156 -2.02170927640
-1.00000000000 0.00000000000 2.90625000000 0.00000000000 0.69585478673 -2.02232797395
-1.00000000000 0.00000000000 2.90625000000 0.00125000000 0.69607201093 -2.02295928177
-1.00000000000 0.00000000000 2.90625000000 0.00250000000 0.69629357974 -2.02360321611
-1.00000000000 0.00000000000 2.90625000000 0.00375000000 0.69651949884 -2.02425979349
-1.00000000000 0.00000000000 2.90625000000 0.00500000000 0.69674977401 -2.02492903072
-1.00000000000 0.00000000000 2.90625000000 0.00625000000 0.69698441114 -2.02561094489
-1.00000000000 0.00000000000 2.90625000000 0.00750000000 0.69722341621 -2.02630555336
-1.00000000000 0.00000000000 2.90625000000 0.00875000000 0.69746679529 -2.02701287380
-1.00000000000 0.00000000000 2.92187500000 -0.01000000000 0.69428172084 -2.02860440308
-1.00000000000 0.00000000000 2.92187500000 -0.00875000000 0.69446328437 -2.02913490902
-1.00000000000 0.00000000000 2.92187500000 -0.00750000000 0.69464914354 -2.02967796627
-1.00000000000 0.00000000000 2.92187500000 -0.00625000000 0.69483930321 -2.03023358908
-1.00000000000 0.00000000000 2.92187500000 -0.00500000000 0.69503376838 -2.03080179198
-1.00000000000 0.00000000000 2.92187500000 -0.00375000000 0.69523254410 -2.03138258979
-1.00000000000 0.00000000000 2.92187500000 -0.00250000000 0.69543563554 -2.03197599760
-1.00000000000 0.00000000000 2.92187500000 -0.00125000000 0.69564304797 -2.03258203079
-1.00000000000 0.00000000000 2.92187500000 0.00000000000 0.69585478673 -2.03320070499
-1.00000000000 0.00000000000 2.92187500000 0.00125000000 0.69607085729 -2.03383203614
-1.00000000000 0.00000000000 2.92187500000 0.00250000000 0.69629126519 -2.03447604046
-1.00000000000 0.00000000000 2.92187500000 0.00375000000 0.69651601607 -2.03513273445
-1.00000000000 0.00000000000 2.92187500000 0.00500000000 0.69674511568 -2.03580213488
-1.00000000000 0.00000000000 2.92187500000 0.00625000000 0.69697856986 -2.03648425882
-1.00000000000 0.00000000000 2.92187500000 0.00750000000 0.69721638455 -2.03717912361
-1.00000000000 0.00000000000 2.92187500000 0.00875000000 0.69745856579 -2.03788674691
-1.00000000000 0.00000000000 2.93750000000 -0.01000000000 0.69429059764 -2.03947863057
-1.00000000000 0.00000000000 2.93750000000 -0.00875000000 0.69447107594 -2.04000878556
-1.00000000000 0.00000000000 2.93750000000 -0.00750000000 0.69465584298 -2.04055153874
-1.00000000000 0.00000000000 2.93750000000 -0.00625000000 0.69484490360 -2.04110690434
-1.00000000000 0.00000000000 2.93750000000 -0.00500000000 0.69503826276 -2.04167489685
-1.00000000000 0.00000000000 2.93750000000 -0.00375000000 0.69523592547 -2.04225553108
-1.00000000000 0.00000000000 2.93750000000 -0.00250000000 0.69543789687 -2.04284882207
-1.00000000000 0.00000000000 2.93750000000 -0.00125000000 0.69564418219 -2.04345478518
-1.00000000000 0.00000000000 2.93750000000 0.00000000000 0.69585478673 -2.04407343603
-1.00000000000 0.00000000000 2.93750000000 0.00125000000 0.69606971592 -2.04470479053
-1.00000000000 0.00000000000 2.93750000000 0.00250000000 0.69628897527 -2.04534886486
-1.00000000000 0.00000000000 2.93750000000 0.00375000000 0.69651257039 -2.04600567551
-1.00000000000 0.00000000000 2.93750000000 0.00500000000 0.69674050697 -2.04667523922
-1.00000000000 0.00000000000 2.93750000000 0.00625000000 0.69697279082 -2.04735757304
-1.00000000000 0.00000000000 2.93750000000 0.00750000000 0.69720942784 -2.04805269429
-1.00000000000 0.00000000000 2.93750000000 0.00875000000 0.69745042403 -2.04876062060
-1.00000000000 0.00000000000 2.95312500000 -0.01000000000 0.69429938074 -2.05035285876
-1.00000000000 0.00000000000 2.95312500000 -0.00875000000 0.69447878523 -2.05088266264
-1.00000000000 0.00000000000 2.95312500000 -0.00750000000 0.69466247166 -2.05142511161
-1.00000000000 0.00000000000 2.95312500000 -0.00625000000 0.69485044482 -2.05198021987
-1.00000000000 0.00000000000 2.95312500000 -0.00500000000 0.69504270964 -2.05254800190
-1.00000000000 0.00000000000 2.95312500000 -0.00375000000 0.69523927110 -2.05312847246
-1.00000000000 0.00000000000 2.95312500000 -0.00250000000 0.69544013429 -2.05372164658
-1.00000000000 0.00000000000 2.95312500000 -0.00125000000 0.69564530441 -2.05432753959
-1.00000000000 0.00000000000 2.95312500000 0.00000000000 0.69585478673 -2.05494616707
-1.00000000000 0.00000000000 2.95312500000 0.00125000000 0.69606858664 -2.05557754493
-1.00000000000 0.00000000000 2.95312500000 0.00250000000 0.69628670961 -2.05622168931
-1.00000000000 0.00000000000 2.95312500000 0.00375000000 0.69650916120 -2.05687861667
-1.00000000000 0.00000000000 2.95312500000 0.00500000000 0.69673594709 -2.05754834374
-1.00000000000 0.00000000000 2.95312500000 0.00625000000 0.69696707303 -2.05823088754
-1.00000000000 0.00000000000 2.95312500000 0.00750000000 0.69720254489 -2.05892626538
-1.00000000000 0.00000000000 2.95312500000 0.00875000000 0.69744236863 -2.05963449486
-1.00000000000 0.00000000000 2.96875000000 -0.01000000000 0.69430807163 -2.06122708764
-1.00000000000 0.00000000000 2.96875000000 -0.00875000000 0.69448641356 -2.06175654025
-1.00000000000 0.00000000000 2.96875000000 -0.00750000000 0.69466903069 -2.06229868488
-1.00000000000 0.00000000000 2.96875000000 -0.00625000000 0.69485592781 -2.06285353568
-1.00000000000 0.00000000000 2.96875000000 -0.00500000000 0.69504710977 -2.06342110713
-1.00000000000 0.00000000000 2.96875000000 -0.00375000000 0.69524258154 -2.06400141394
-1.00000000000 0.00000000000 2.96875000000 -0.00250000000 0.69544234817 -2.06459447114
-1.00000000000 0.00000000000 2.96875000000 -0.00125000000 0.69564641482 -2.06520029400
-1.00000000000 0.00000000000 2.96875000000 0.00000000000 0.69585478673 -2.06581889812
-1.00000000000 0.00000000000 2.96875000000 0.00125000000 0.69606746925 -2.06645029934
-1.00000000000 0.00000000000 2.96875000000 0.00250000000 0.69628446781 -2.06709451380
-1.00000000000 0.00000000000 2.96875000000 0.00375000000 0.69650578793 -2.06775155793
-1.00000000000 0.00000000000 2.96875000000 0.00500000000 0.69673143527 -2.06842144844
-1.00000000000 0.00000000000 2.96875000000 0.00625000000 0.69696141552 -2.06910420234
-1.00000000000 0.00000000000 2.96875000000 0.00750000000 0.69719573453 -2.06979983689
-1.00000000000 0.00000000000 2.96875000000 0.00875000000 0.69743439821 -2.07050836967
-1.00000000000 0.00000000000 2.98437500000 -0.01000000000 0.69431667173 -2.07210131720
-1.00000000000 0.00000000000 2.98437500000 -0.00875000000 0.69449396218 -2.07263041838
-1.00000000000 0.00000000000 2.98437500000 -0.00750000000 0.69467552118 -2.07317225852
-1.00000000000 0.00000000000 2.98437500000 -0.00625000000 0.69486135347 -2.07372685176
-1.00000000000 0.00000000000 2.98437500000 -0.00500000000 0.69505146388 -2.07429421252
-1.00000000000 0.00000000000 2.98437500000 -0.00375000000 0.69524585735 -2.07487435552
-1.00000000000 0.00000000000 2.98437500000 -0.00250000000 0.69544453888 -2.07546729573
-1.00000000000 0.00000000000 2.98437500000 -0.00125000000 0.69564751361 -2.07607304843
-1.00000000000 0.00000000000 2.98437500000 0.00000000000 0.69585478673 -2.07669162916
-1.00000000000 0.00000000000 2.98437500000 0.00125000000 0.69606636356 -2.07732305375
-1.00000000000 0.00000000000 2.98437500000 0.00250000000 0.69628224949 -2.07796733833
-1.00000000000 0.00000000000 2.98437500000 0.00375000000 0.69650245003 -2.07862449929
-1.00000000000 0.00000000000 2.98437500000 0.00500000000 0.69672697075 -2.07929455333
-1.00000000000 0.00000000000 2.98437500000 0.00625000000 0.69695581735 -2.07997751741
-1.00000000000 0.00000000000 2.98437500000 0.00750000000 0.69718899562 -2.08067340879
-1.00000000000 0.00000000000 2.98437500000 0.00875000000 0.69742651143 -2.08138224504
