-1.00000000000 0.00000000000 2.00000000000 -0.01000000000 0.69080579901 -1.38161159802
-1.00000000000 0.00000000000 2.00000000000 -0.00875000000 0.69108119423 -1.38216238846
-1.00000000000 0.00000000000 2.00000000000 -0.00750000000 0.69136150900 -1.38272301800
-1.00000000000 0.00000000000 2.00000000000 -0.00625000000 0.69164675165 -1.38329350330
-1.00000000000 0.00000000000 2.00000000000 -0.00500000000 0.69193693062 -1.38387386125
-1.00000000000 0.00000000000 2.00000000000 -0.00375000000 0.69223205449 -1.38446410898
-1.00000000000 0.00000000000 2.00000000000 -0.00250000000 0.69253213196 -1.38506426392
-1.00000000000 0.00000000000 2.00000000000 -0.00125000000 0.69283717186 -1.38567434371
-1.00000000000 0.00000000000 2.00000000000 0.00000000000 0.69314718314 -1.38629436628
-1.00000000000 0.00000000000 2.00000000000 0.00125000000 0.69346217491 -1.38692434982
-1.00000000000 0.00000000000 2.00000000000 0.00250000000 0.69378215637 -1.38756431275
-1.00000000000 0.00000000000 2.00000000000 0.00375000000 0.69410713689 -1.38821427378
-1.00000000000 0.00000000000 2.00000000000 0.00500000000 0.69443712595 -1.38887425189
-1.00000000000 0.00000000000 2.00000000000 0.00625000000 0.69477213315 -1.38954426630
-1.00000000000 0.00000000000 2.00000000000 0.00750000000 0.69511216826 -1.39022433652
-1.00000000000 0.00000000000 2.00000000000 0.00875000000 0.69545724115 -1.39091448230
-1.00000000000 0.00000000000 2.01562500000 -0.01000000000 0.69082465477 -1.39244344478
-1.00000000000 0.00000000000 2.01562500000 -0.00875000000 0.69109774956 -1.39299390146
-1.00000000000 0.00000000000 2.01562500000 -0.00750000000 0.69137574794 -1.39355424194
-1.00000000000 0.00000000000 2.01562500000 -0.00625000000 0.69165865813 -1.39412448280
-1.00000000000 0.00000000000 2.01562500000 -0.00500000000 0.69194648850 -1.39470464088
-1.00000000000 0.00000000000 2.01562500000 -0.00375000000 0.69223924751 -1.39529473326
-1.00000000000 0.00000000000 2.01562500000 -0.00250000000 0.69253694378 -1.39589477730
-1.00000000000 0.00000000000 2.01562500000 -0.00125000000 0.69283958603 -1.39650479060
-1.00000000000 0.00000000000 2.01562500000 0.00000000000 0.69314718314 -1.39712479102
-1.00000000000 0.00000000000 2.01562500000 0.00125000000 0.69345974409 -1.39775479669
-1.00000000000 0.00000000000 2.01562500000 0.00250000000 0.69377727801 -1.39839482598
-1.00000000000 0.00000000000 2.01562500000 0.00375000000 0.69409979413 -1.39904489755
-1.00000000000 0.00000000000 2.01562500000 0.00500000000 0.69442730186 -1.39970503031
-1.00000000000 0.00000000000 2.01562500000 0.00625000000 0.69475981070 -1.40037524344
-1.00000000000 0.00000000000 2.01562500000 0.00750000000 0.69509733029 -1.40105555637
-1.00000000000 0.00000000000 2.01562500000 0.00875000000 0.69543987042 -1.40174598881
-1.00000000000 0.00000000000 2.03125000000 -0.01000000000 0.69084322151 -1.40327529369
-1.00000000000 0.00000000000 2.03125000000 -0.00875000000 0.69111405101 -1.40382541612
-1.00000000000 0.00000000000 2.03125000000 -0.00750000000 0.69138976842 -1.40438546709
-1.00000000000 0.00000000000 2.03125000000 -0.00625000000 0.69167038186 -1.40495546315
-1.00000000000 0.00000000000 2.03125000000 -0.00500000000 0.69195589960 -1.40553542106
-1.00000000000 0.00000000000 2.03125000000 -0.00375000000 0.69224633002 -1.40612535785
-1.00000000000 0.00000000000 2.03125000000 -0.00250000000 0.69254168164 -1.40672529083
-1.00000000000 0.00000000000 2.03125000000 -0.00125000000 0.69284196309 -1.40733523752
-1.00000000000 0.00000000000 2.03125000000 0.00000000000 0.69314718314 -1.40795521576
-1.00000000000 0.00000000000 2.03125000000 0.00125000000 0.69345735069 -1.40858524359
-1.00000000000 0.00000000000 2.03125000000 0.00250000000 0.69377247476 -1.40922533935
-1.00000000000 0.00000000000 2.03125000000 0.00375000000 0.69409256450 -1.40987552164
-1.00000000000 0.00000000000 2.03125000000 0.00500000000 0.69441762920 -1.41053580930
-1.00000000000 0.00000000000 2.03125000000 0.00625000000 0.69474767826 -1.41120622146
-1.00000000000 0.00000000000 2.03125000000 0.00750000000 0.69508272123 -1.41188677751
-1.00000000000 0.00000000000 2.03125000000 0.00875000000 0.69542276780 -1.41257749709
-1.00000000000 0.00000000000 2.04687500000 -0.01000000000 0.69086150581 -1.41410714471
-1.00000000000 0.00000000000 2.04687500000 -0.00875000000 0.69113010438 -1.41465693239
-1.00000000000 0.00000000000 2.04687500000 -0.00750000000 0.69140357543 -1.41521669345
-1.00000000000 0.00000000000 2.04687500000 -0.00625000000 0.69168192700 -1.41578644433
-1.00000000000 0.00000000000 2.04687500000 -0.00500000000 0.69196516728 -1.41636620177
-1.00000000000 0.00000000000 2.04687500000 -0.00375000000 0.69225330455 -1.41695598275
-1.00000000000 0.00000000000 2.04687500000 -0.00250000000 0.69254634723 -1.41755580448
-1.00000000000 0.00000000000 2.04687500000 -0.00125000000 0.69284430387 -1.41816568448
-1.00000000000 0.00000000000 2.04687500000 0.00000000000 0.69314718314 -1.41878564049
-1.00000000000 0.00000000000 2.04687500000 0.00125000000 0.69345499385 -1.41941569053
-1.00000000000 0.00000000000 2.04687500000 0.00250000000 0.69376774491 -1.42005585287
-1.00000000000 0.00000000000 2.04687500000 0.00375000000 0.69408544539 -1.42070614604
-1.00000000000 0.00000000000 2.04687500000 0.00500000000 0.69440810448 -1.42136658885
-1.00000000000 0.00000000000 2.04687500000 0.00625000000 0.69473573147 -1.42203720036
-1.00000000000 0.00000000000 2.04687500000 0.00750000000 0.69506833583 -1.42271799991
-1.00000000000 0.00000000000 2.04687500000 0.00875000000 0.69540592713 -1.42340900710
-1.00000000000 0.00000000000 2.06250000000 -0.01000000000 0.69087951408 -1.42493899778
-1.00000000000 0.00000000000 2.06250000000 -0.00875000000 0.69114591528 -1.42548845026
-1.00000000000 0.00000000000 2.06250000000 -0.00750000000 0.69141717380 -1.42604792097
-1.00000000000 0.00000000000 2.06250000000 -0.00625000000 0.69169329762 -1.42661742633
-1.00000000000 0.00000000000 2.06250000000 -0.00500000000 0.69197429479 -1.42719698301
-1.00000000000 0.00000000000 2.06250000000 -0.00375000000 0.69226017354 -1.42778660793
-1.00000000000 0.00000000000 2.06250000000 -0.00250000000 0.69255094219 -1.42838631827
-1.00000000000 0.00000000000 2.06250000000 -0.00125000000 0.69284660920 -1.42899613147
-1.00000000000 0.00000000000 2.06250000000 0.00000000000 0.69314718314 -1.42961606523
-1.00000000000 0.00000000000 2.06250000000 0.00125000000 0.69345267273 -1.43024613750
-1.00000000000 0.00000000000 2.06250000000 0.00250000000 0.69376308679 -1.43088636651
-1.00000000000 0.00000000000 2.06250000000 0.00375000000 0.69407843430 -1.43153677074
-1.00000000000 0.00000000000 2.06250000000 0.00500000000 0.69439872433 -1.43219736894
-1.00000000000 0.00000000000 2.06250000000 0.00625000000 0.69472396612 -1.43286818012
-1.00000000000 0.00000000000 2.06250000000 0.00750000000 0.69505416899 -1.43354922355
-1.00000000000 0.00000000000 2.06250000000 0.00875000000 0.69538934245 -1.43424051879
-1.00000000000 0.00000000000 2.07812500000 -0.01000000000 0.69089725251 -1.43577085287
-1.00000000000 0.00000000000 2.07812500000 -0.00875000000 0.69116148916 -1.43631996967
-1.00000000000 0.00000000000 2.07812500000 -0.00750000000 0.69143056825 -1.43687914964
-1.00000000000 0.00000000000 2.07812500000 -0.00625000000 0.69170449763 -1.43744840913
-1.00000000000 0.00000000000 2.07812500000 -0.00500000000 0.69198328530 -1.43802776477
-1.00000000000 0.00000000000 2.07812500000 -0.00375000000 0.69226693939 -1.43861723341
-1.00000000000 0.00000000000 2.07812500000 -0.00250000000 0.69255546812 -1.43921683219
-1.00000000000 0.00000000000 2.07812500000 -0.00125000000 0.69284887988 -1.43982657850
-1.00000000000 0.00000000000 2.07812500000 0.00000000000 0.69314718314 -1.44044648997
-1.00000000000 0.00000000000 2.07812500000 0.00125000000 0.69345038653 -1.44107658451
-1.00000000000 0.00000000000 2.07812500000 0.00250000000 0.69375849879 -1.44171688029
-1.00000000000 0.00000000000 2.07812500000 0.00375000000 0.69407152878 -1.44236739574
-1.00000000000 0.00000000000 2.07812500000 0.00500000000 0.69438948550 -1.44302814956
-1.00000000000 0.00000000000 2.07812500000 0.00625000000 0.69471237808 -1.44369916070
-1.00000000000 0.00000000000 2.07812500000 0.00750000000 0.69504021577 -1.44438044840
-1.00000000000 0.00000000000 2.07812500000 0.00875000000 0.69537300795 -1.44507203214
-1.00000000000 0.00000000000 2.09375000000 -0.01000000000 0.69091472713 -1.44660270993
-1.00000000000 0.00000000000 2.09375000000 -0.00875000000 0.69117683133 -1.44715149059
-1.00000000000 0.00000000000 2.09375000000 -0.00750000000 0.69144376330 -1.44771037942
-1.00000000000 0.00000000000 2.09375000000 -0.00625000000 0.69171553085 -1.44827939271
-1.00000000000 0.00000000000 2.09375000000 -0.00500000000 0.69199214186 -1.44885854702
-1.00000000000 0.00000000000 2.09375000000 -0.00375000000 0.69227360438 -1.44944785917
-1.00000000000 0.00000000000 2.09375000000 -0.00250000000 0.69255992656 -1.45004734624
-1.00000000000 0.00000000000 2.09375000000 -0.00125000000 0.69285111668 -1.45065702555
-1.00000000000 0.00000000000 2.09375000000 0.00000000000 0.69314718314 -1.45127691470
-1.00000000000 0.00000000000 2.09375000000 0.00125000000 0.69344813447 -1.45190703155
-1.00000000000 0.00000000000 2.09375000000 0.00250000000 0.69375397932 -1.45254739420
-1.00000000000 0.00000000000 2.09375000000 0.00375000000 0.69406472646 -1.45319802104
-1.00000000000 0.00000000000 2.09375000000 0.00500000000 0.69438038481 -1.45385893070
-1.00000000000 0.00000000000 2.09375000000 0.00625000000 0.69470096339 -1.45453014211
-1.00000000000 0.00000000000 2.09375000000 0.00750000000 0.69502647137 -1.45521167442
-1.00000000000 0.00000000000 2.09375000000 0.00875000000 0.69535691802 -1.45590354710
-1.00000000000 0.00000000000 2.10937500000 -0.01000000000 0.69093194378 -1.45743456891
-1.00000000000 0.00000000000 2.10937500000 -0.00875000000 0.69119194690 -1.45798301300
-1.00000000000 0.00000000000 2.10937500000 -0.00750000000 0.69145676340 -1.45854161029
-1.00000000000 0.00000000000 2.10937500000 -0.00625000000 0.69172640097 -1.45911037705
-1.00000000000 0.00000000000 2.10937500000 -0.00500000000 0.69200086744 -1.45968932977
-1.00000000000 0.00000000000 2.10937500000 -0.00375000000 0.69228017077 -1.46027848521
-1.00000000000 0.00000000000 2.10937500000 -0.00250000000 0.69256431901 -1.46087786041
-1.00000000000 0.00000000000 2.10937500000 -0.00125000000 0.69285332036 -1.46148747264
-1.00000000000 0.00000000000 2.10937500000 0.00000000000 0.69314718314 -1.46210733944
-1.00000000000 0.00000000000 2.10937500000 0.00125000000 0.69344591579 -1.46273747862
-1.00000000000 0.00000000000 2.10937500000 0.00250000000 0.69374952686 -1.46337790823
-1.00000000000 0.00000000000 2.10937500000 0.00375000000 0.69405802506 -1.46402864661
-1.00000000000 0.00000000000 2.10937500000 0.00500000000 0.69437141919 -1.46468971235
-1.00000000000 0.00000000000 2.10937500000 0.00625000000 0.69468971819 -1.46536112430
-1.00000000000 0.00000000000 2.10937500000 0.00750000000 0.69501293113 -1.46604290160
-1.00000000000 0.00000000000 2.10937500000 0.00875000000 0.69534106720 -1.46673506363
-1.00000000000 0.00000000000 2.12500000000 -0.01000000000 0.69094890813 -1.46826642977
-1.00000000000 0.00000000000 2.12500000000 -0.00875000000 0.69120684087 -1.46881453685
-1.00000000000 0.00000000000 2.12500000000 -0.00750000000 0.69146957282 -1.46937284224
-1.00000000000 0.00000000000 2.12500000000 -0.00625000000 0.69173711159 -1.46994136213
-1.00000000000 0.00000000000 2.12500000000 -0.00500000000 0.69200946494 -1.47052011299
-1.00000000000 0.00000000000 2.12500000000 -0.00375000000 0.69228664072 -1.47110911152
-1.00000000000 0.00000000000 2.12500000000 -0.00250000000 0.69256864692 -1.47170837470
-1.00000000000 0.00000000000 2.12500000000 -0.00125000000 0.69285549165 -1.47231791976
-1.00000000000 0.00000000000 2.12500000000 0.00000000000 0.69314718314 -1.47293776418
-1.00000000000 0.00000000000 2.12500000000 0.00125000000 0.69344372975 -1.47356792572
-1.00000000000 0.00000000000 2.12500000000 0.00250000000 0.69374513995 -1.47420842239
-1.00000000000 0.00000000000 2.12500000000 0.00375000000 0.69405142234 -1.47485927247
-1.00000000000 0.00000000000 2.12500000000 0.00500000000 0.69436258564 -1.47552049450
-1.00000000000 0.00000000000 2.12500000000 0.00625000000 0.69467863872 -1.47619210728
-1.00000000000 0.00000000000 2.12500000000 0.00750000000 0.69499959054 -1.47687412991
-1.00000000000 0.00000000000 2.12500000000 0.00875000000 0.69532545022 -1.47756658171
-1.00000000000 0.00000000000 2.14062500000 -0.01000000000 0.69096562568 -1.47909829248
-1.00000000000 0.00000000000 2.14062500000 -0.00875000000 0.69122151807 -1.47964606212
-1.00000000000 0.00000000000 2.14062500000 -0.00750000000 0.69148219573 -1.48020407523
-1.00000000000 0.00000000000 2.14062500000 -0.00625000000 0.69174766619 -1.48077234794
-1.00000000000 0.00000000000 2.14062500000 -0.00500000000 0.69201793713 -1.48135089668
-1.00000000000 0.00000000000 2.14062500000 -0.00375000000 0.69229301634 -1.48193973809
-1.00000000000 0.00000000000 2.14062500000 -0.00250000000 0.69257291170 -1.48253888911
-1.00000000000 0.00000000000 2.14062500000 -0.00125000000 0.69285763125 -1.48314836690
-1.00000000000 0.00000000000 2.14062500000 0.00000000000 0.69314718314 -1.48376818891
-1.00000000000 0.00000000000 2.14062500000 0.00125000000 0.69344157564 -1.48439837285
-1.00000000000 0.00000000000 2.14062500000 0.00250000000 0.69374081713 -1.48503893666
-1.00000000000 0.00000000000 2.14062500000 0.00375000000 0.69404491613 -1.48568989859
-1.00000000000 0.00000000000 2.14062500000 0.00500000000 0.69435388129 -1.48635127713
-1.00000000000 0.00000000000 2.14062500000 0.00625000000 0.69466772136 -1.48702309103
-1.00000000000 0.00000000000 2.14062500000 0.00750000000 0.69498644523 -1.48770535932
-1.00000000000 0.00000000000 2.14062500000 0.00875000000 0.69531006192 -1.48839810129
-1.00000000000 0.00000000000 2.15625000000 -0.01000000000 0.69098210179 -1.48993015699
-1.00000000000 0.00000000000 2.15625000000 -0.00875000000 0.69123598320 -1.49047758877
-1.00000000000 0.00000000000 2.15625000000 -0.00750000000 0.69149463617 -1.49103530924
-1.00000000000 0.00000000000 2.15625000000 -0.00625000000 0.69175806816 -1.49160333447
-1.00000000000 0.00000000000 2.15625000000 -0.00500000000 0.69202628676 -1.49218168083
-1.00000000000 0.00000000000 2.15625000000 -0.00375000000 0.69229929968 -1.49277036493
-1.00000000000 0.00000000000 2.15625000000 -0.00250000000 0.69257711473 -1.49336940363
-1.00000000000 0.00000000000 2.15625000000 -0.00125000000 0.69285973986 -1.49397881408
-1.00000000000 0.00000000000 2.15625000000 0.00000000000 0.69314718314 -1.49459861365
-1.00000000000 0.00000000000 2.15625000000 0.00125000000 0.69343945276 -1.49522882000
-1.00000000000 0.00000000000 2.15625000000 0.00250000000 0.69373655701 -1.49586945106
-1.00000000000 0.00000000000 2.15625000000 0.00375000000 0.69403850434 -1.49652052498
-1.00000000000 0.00000000000 2.15625000000 0.00500000000 0.69434530330 -1.49718206023
-1.00000000000 0.00000000000 2.15625000000 0.00625000000 0.69465696256 -1.49785407551
-1.00000000000 0.00000000000 2.15625000000 0.00750000000 0.69497349092 -1.49853658980
-1.00000000000 0.00000000000 2.15625000000 0.00875000000 0.69529489732 -1.49922962235
-1.00000000000 0.00000000000 2.17187500000 -0.01000000000 0.69099834164 -1.50076202325
-1.00000000000 0.00000000000 2.17187500000 -0.00875000000 0.69125024082 -1.50130911678
-1.00000000000 0.00000000000 2.17187500000 -0.00750000000 0.69150689807 -1.50186654425
-1.00000000000 0.00000000000 2.17187500000 -0.00625000000 0.69176832078 -1.50243432169
-1.00000000000 0.00000000000 2.17187500000 -0.00500000000 0.69203451646 -1.50301246543
-1.00000000000 0.00000000000 2.17187500000 -0.00375000000 0.69230549273 -1.50360099201
-1.00000000000 0.00000000000 2.17187500000 -0.00250000000 0.69258125733 -1.50419991827
-1.00000000000 0.00000000000 2.17187500000 -0.00125000000 0.69286181814 -1.50480926128
-1.00000000000 0.00000000000 2.17187500000 0.00000000000 0.69314718314 -1.50542903839
-1.00000000000 0.00000000000 2.17187500000 0.00125000000 0.69343736043 -1.50605926719
-1.00000000000 0.00000000000 2.17187500000 0.00250000000 0.69373235825 -1.50669996557
-1.00000000000 0.00000000000 2.17187500000 0.00375000000 0.69403218493 -1.50735115164
-1.00000000000 0.00000000000 2.17187500000 0.00500000000 0.69433684895 -1.50801284380
-1.00000000000 0.00000000000 2.17187500000 0.00625000000 0.69464635890 -1.50868506073
-1.00000000000 0.00000000000 2.17187500000 0.00750000000 0.69496072350 -1.50936782135
-1.00000000000 0.00000000000 2.17187500000 0.00875000000 0.69527995159 -1.51006114486
-1.00000000000 0.00000000000 2.18750000000 -0.01000000000 0.69101435028 -1.51159389125
-1.00000000000 0.00000000000 2.18750000000 -0.00875000000 0.69126429537 -1.51214064612
-1.00000000000 0.00000000000 2.18750000000 -0.00750000000 0.69151898525 -1.51269778023
-1.00000000000 0.00000000000 2.18750000000 -0.00625000000 0.69177842724 -1.51326530960
-1.00000000000 0.00000000000 2.18750000000 -0.00500000000 0.69204262878 -1.51384325046
-1.00000000000 0.00000000000 2.18750000000 -0.00375000000 0.69231159742 -1.51443161935
-1.00000000000 0.00000000000 2.18750000000 -0.00250000000 0.69258534081 -1.51503043302
-1.00000000000 0.00000000000 2.18750000000 -0.00125000000 0.69286386675 -1.51563970851
-1.00000000000 0.00000000000 2.18750000000 0.00000000000 0.69314718314 -1.51625946312
-1.00000000000 0.00000000000 2.18750000000 0.00125000000 0.69343529802 -1.51688971441
-1.00000000000 0.00000000000 2.18750000000 0.00250000000 0.69372821951 -1.51753048019
-1.00000000000 0.00000000000 2.18750000000 0.00375000000 0.69402595591 -1.51818177854
-1.00000000000 0.00000000000 2.18750000000 0.00500000000 0.69432851558 -1.51884362783
-1.00000000000 0.00000000000 2.18750000000 0.00625000000 0.69463590705 -1.51951604666
-1.00000000000 0.00000000000 2.18750000000 0.00750000000 0.69494813894 -1.52019905393
-1.00000000000 0.00000000000 2.18750000000 0.00875000000 0.69526522001 -1.52089266877
-1.00000000000 0.00000000000 2.20312500000 -0.01000000000 0.69103013262 -1.52242576093
-1.00000000000 0.00000000000 2.20312500000 -0.00875000000 0.69127815115 -1.52297217675
-1.00000000000 0.00000000000 2.20312500000 -0.00750000000 0.69153090142 -1.52352901718
-1.00000000000 0.00000000000 2.20312500000 -0.00625000000 0.69178839066 -1.52409629817
-1.00000000000 0.00000000000 2.20312500000 -0.00500000000 0.69205062624 -1.52467403593
-1.00000000000 0.00000000000 2.20312500000 -0.00375000000 0.69231761562 -1.52526224692
-1.00000000000 0.00000000000 2.20312500000 -0.00250000000 0.69258936641 -1.52586094787
-1.00000000000 0.00000000000 2.20312500000 -0.00125000000 0.69286588631 -1.52647015577
-1.00000000000 0.00000000000 2.20312500000 0.00000000000 0.69314718314 -1.52708988786
-1.00000000000 0.00000000000 2.20312500000 0.00125000000 0.69343326486 -1.52772016165
-1.00000000000 0.00000000000 2.20312500000 0.00250000000 0.69372413954 -1.52836099492
-1.00000000000 0.00000000000 2.20312500000 0.00375000000 0.69401981535 -1.52901240570
-1.00000000000 0.00000000000 2.20312500000 0.00500000000 0.69432030062 -1.52967441230
-1.00000000000 0.00000000000 2.20312500000 0.00625000000 0.69462560376 -1.53034703329
-1.00000000000 0.00000000000 2.20312500000 0.00750000000 0.69493573334 -1.53103028751
-1.00000000000 0.00000000000 2.20312500000 0.00875000000 0.69525069802 -1.53172419407
-1.00000000000 0.00000000000 2.21875000000 -0.01000000000 0.69104569341 -1.53325763226
-1.00000000000 0.00000000000 2.21875000000 -0.00875000000 0.69129181235 -1.53380370866
-1.00000000000 0.00000000000 2.21875000000 -0.00750000000 0.69154265017 -1.53436025507
-1.00000000000 0.00000000000 2.21875000000 -0.00625000000 0.69179821404 -1.53492728740
-1.00000000000 0.00000000000 2.21875000000 -0.00500000000 0.69205851124 -1.53550482182
-1.00000000000 0.00000000000 2.21875000000 -0.00375000000 0.69232354918 -1.53609287474
-1.00000000000 0.00000000000 2.21875000000 -0.00250000000 0.69259333536 -1.53669146284
-1.00000000000 0.00000000000 2.21875000000 -0.00125000000 0.69286787743 -1.53730060306
-1.00000000000 0.00000000000 2.21875000000 0.00000000000 0.69314718314 -1.53792031260
-1.00000000000 0.00000000000 2.21875000000 0.00125000000 0.69343126036 -1.53855060892
-1.00000000000 0.00000000000 2.21875000000 0.00250000000 0.69372011707 -1.53919150976
-1.00000000000 0.00000000000 2.21875000000 0.00375000000 0.69401376140 -1.53984303310
-1.00000000000 0.00000000000 2.21875000000 0.00500000000 0.69431220156 -1.54050519721
-1.00000000000 0.00000000000 2.21875000000 0.00625000000 0.69461544591 -1.54117802061
-1.00000000000 0.00000000000 2.21875000000 0.00750000000 0.69492350291 -1.54186152209
-1.00000000000 0.00000000000 2.21875000000 0.00875000000 0.69523638117 -1.54255572072
-1.00000000000 0.00000000000 2.23437500000 -0.01000000000 0.69106103730 -1.54408950522
-1.00000000000 0.00000000000 2.23437500000 -0.00875000000 0.69130528305 -1.54463524180
-1.00000000000 0.00000000000 2.23437500000 -0.00750000000 0.69155423502 -1.54519149387
-1.00000000000 0.00000000000 2.23437500000 -0.00625000000 0.69180790032 -1.54575827727
-1.00000000000 0.00000000000 2.23437500000 -0.00500000000 0.69206628615 -1.54633560812
-1.00000000000 0.00000000000 2.23437500000 -0.00375000000 0.69232939985 -1.54692350278
-1.00000000000 0.00000000000 2.23437500000 -0.00250000000 0.69259724885 -1.54752197790
-1.00000000000 0.00000000000 2.23437500000 -0.00125000000 0.69286984072 -1.54813105037
-1.00000000000 0.00000000000 2.23437500000 0.00000000000 0.69314718314 -1.54875073733
-1.00000000000 0.00000000000 2.23437500000 0.00125000000 0.69342928390 -1.54938105622
-1.00000000000 0.00000000000 2.23437500000 0.00250000000 0.69371615092 -1.55002202470
-1.00000000000 0.00000000000 2.23437500000 0.00375000000 0.69400779222 -1.55067366074
-1.00000000000 0.00000000000 2.23437500000 0.00500000000 0.69430421596 -1.55133598254
-1.00000000000 0.00000000000 2.23437500000 0.00625000000 0.69460543042 -1.55200900859
-1.00000000000 0.00000000000 2.23437500000 0.00750000000 0.69491144398 -1.55269275764
-1.00000000000 0.00000000000 2.23437500000 0.00875000000 0.69522226515 -1.55338724870
-1.00000000000 0.00000000000 2.25000000000 -0.01000000000 0.69107616878 -1.55492137975
-1.00000000000 0.00000000000 2.25000000000 -0.00875000000 0.69131856719 -1.55546677617
-1.00000000000 0.00000000000 2.25000000000 -0.00750000000 0.69156565937 -1.55602273357
-1.00000000000 0.00000000000 2.25000000000 -0.00625000000 0.69181745234 -1.55658926777
-1.00000000000 0.00000000000 2.25000000000 -0.00500000000 0.69207395325 -1.55716639482
-1.00000000000 0.00000000000 2.25000000000 -0.00375000000 0.69233516936 -1.55775413106
-1.00000000000 0.00000000000 2.25000000000 -0.00250000000 0.69260110803 -1.55835249307
-1.00000000000 0.00000000000 2.25000000000 -0.00125000000 0.69287177676 -1.55896149770
-1.00000000000 0.00000000000 2.25000000000 0.00000000000 0.69314718314 -1.55958116207
-1.00000000000 0.00000000000 2.25000000000 0.00125000000 0.69342733491 -1.56021150354
-1.00000000000 0.00000000000 2.25000000000 0.00250000000 0.69371223989 -1.56085253975
-1.00000000000 0.00000000000 2.25000000000 0.00375000000 0.69400190605 -1.56150428862
-1.00000000000 0.00000000000 2.25000000000 0.00500000000 0.69429634146 -1.56216676830
-1.00000000000 0.00000000000 2.25000000000 0.00625000000 0.69459555433 -1.56283999723
-1.00000000000 0.00000000000 2.25000000000 0.00750000000 0.69489955295 -1.56352399413
-1.00000000000 0.00000000000 2.25000000000 0.00875000000 0.69520834577 -1.56421877797
-1.00000000000 0.00000000000 2.26562500000 -0.01000000000 0.69109109223 -1.56575325584
-1.00000000000 0.00000000000 2.26562500000 -0.00875000000 0.69133166863 -1.56629831173
-1.00000000000 0.00000000000 2.26562500000 -0.00750000000 0.69157692652 -1.56685397416
-1.00000000000 0.00000000000 2.26562500000 -0.00625000000 0.69182687288 -1.56742025888
-1.00000000000 0.00000000000 2.26562500000 -0.00500000000 0.69208151478 -1.56799718192
-1.00000000000 0.00000000000 2.26562500000 -0.00375000000 0.69234085939 -1.56858475956
-1.00000000000 0.00000000000 2.26562500000 -0.00250000000 0.69260491403 -1.56918300834
-1.00000000000 0.00000000000 2.26562500000 -0.00125000000 0.69287368610 -1.56979194507
-1.00000000000 0.00000000000 2.26562500000 0.00000000000 0.69314718314 -1.57041158681
-1.00000000000 0.00000000000 2.26562500000 0.00125000000 0.69342541281 -1.57104195089
-1.00000000000 0.00000000000 2.26562500000 0.00250000000 0.69370838285 -1.57168305490
-1.00000000000 0.00000000000 2.26562500000 0.00375000000 0.69399610117 -1.57233491672
-1.00000000000 0.00000000000 2.26562500000 0.00500000000 0.69428857576 -1.57299755446
-1.00000000000 0.00000000000 2.26562500000 0.00625000000 0.69458581474 -1.57367098651
-1.00000000000 0.00000000000 2.26562500000 0.00750000000 0.69488782634 -1.57435523155
-1.00000000000 0.00000000000 2.26562500000 0.00875000000 0.69519461893 -1.57505030852
-1.00000000000 0.00000000000 2.28125000000 -0.01000000000 0.69110581192 -1.57658513345
-1.00000000000 0.00000000000 2.28125000000 -0.00875000000 0.69134459111 -1.57712984846
-1.00000000000 0.00000000000 2.28125000000 -0.00750000000 0.69158803972 -1.57768521560
-1.00000000000 0.00000000000 2.28125000000 -0.00625000000 0.69183616464 -1.57825125059
-1.00000000000 0.00000000000 2.28125000000 -0.00500000000 0.69208897289 -1.57882796940
-1.00000000000 0.00000000000 2.28125000000 -0.00375000000 0.69234647157 -1.57941538827
-1.00000000000 0.00000000000 2.28125000000 -0.00250000000 0.69260866793 -1.58001352370
-1.00000000000 0.00000000000 2.28125000000 -0.00125000000 0.69287556929 -1.58062239245
-1.00000000000 0.00000000000 2.28125000000 0.00000000000 0.69314718314 -1.58124201154
-1.00000000000 0.00000000000 2.28125000000 0.00125000000 0.69342351705 -1.58187239826
-1.00000000000 0.00000000000 2.28125000000 0.00250000000 0.69370457870 -1.58251357015
-1.00000000000 0.00000000000 2.28125000000 0.00375000000 0.69399037591 -1.58316554505
-1.00000000000 0.00000000000 2.28125000000 0.00500000000 0.69428091661 -1.58382834102
-1.00000000000 0.00000000000 2.28125000000 0.00625000000 0.69457620884 -1.58450197642
-1.00000000000 0.00000000000 2.28125000000 0.00750000000 0.69487626077 -1.58518646989
-1.00000000000 0.00000000000 2.28125000000 0.00875000000 0.69518108068 -1.58588184030
-1.00000000000 0.00000000000 2.29687500000 -0.01000000000 0.69112033199 -1.58741701255
-1.00000000000 0.00000000000 2.29687500000 -0.00875000000 0.69135733827 -1.58796138633
-1.00000000000 0.00000000000 2.29687500000 -0.00750000000 0.69159900208 -1.58851645789
-1.00000000000 0.00000000000 2.29687500000 -0.00625000000 0.69184533024 -1.58908224289
-1.00000000000 0.00000000000 2.29687500000 -0.00500000000 0.69209632969 -1.58965875726
-1.00000000000 0.00000000000 2.29687500000 -0.00375000000 0.69235200749 -1.59024601720
-1.00000000000 0.00000000000 2.29687500000 -0.00250000000 0.69261237079 -1.59084403916
-1.00000000000 0.00000000000 2.29687500000 -0.00125000000 0.69287742688 -1.59145283986
-1.00000000000 0.00000000000 2.29687500000 0.00000000000 0.69314718314 -1.59207243628
-1.00000000000 0.00000000000 2.29687500000 0.00125000000 0.69342164709 -1.59270284566
-1.00000000000 0.00000000000 2.29687500000 0.00250000000 0.69370082634 -1.59334408550
-1.00000000000 0.00000000000 2.29687500000 0.00375000000 0.69398472864 -1.59399617359
-1.00000000000 0.00000000000 2.29687500000 0.00500000000 0.69427336184 -1.59465912797
-1.00000000000 0.00000000000 2.29687500000 0.00625000000 0.69456673391 -1.59533296695
-1.00000000000 0.00000000000 2.29687500000 0.00750000000 0.69486485295 -1.59601770911
-1.00000000000 0.00000000000 2.29687500000 0.00875000000 0.69516772715 -1.59671337331
-1.00000000000 0.00000000000 2.31250000000 -0.01000000000 0.69113465648 -1.59824889310
-1.00000000000 0.00000000000 2.31250000000 -0.00875000000 0.69136991366 -1.59879292533
-1.00000000000 0.00000000000 2.31250000000 -0.00750000000 0.69160981665 -1.59934770101
-1.00000000000 0.00000000000 2.31250000000 -0.00625000000 0.69185437222 -1.59991323577
-1.00000000000 0.00000000000 2.31250000000 -0.00500000000 0.69210358724 -1.60048954550
-1.00000000000 0.00000000000 2.31250000000 -0.00375000000 0.69235746869 -1.60107664634
-1.00000000000 0.00000000000 2.31250000000 -0.00250000000 0.69261602366 -1.60167455472
-1.00000000000 0.00000000000 2.31250000000 -0.00125000000 0.69287925937 -1.60228328730
-1.00000000000 0.00000000000 2.31250000000 0.00000000000 0.69314718314 -1.60290286102
-1.00000000000 0.00000000000 2.31250000000 0.00125000000 0.69341980241 -1.60353329308
-1.00000000000 0.00000000000 2.31250000000 0.00250000000 0.69369712473 -1.60417460094
-1.00000000000 0.00000000000 2.31250000000 0.00375000000 0.69397915778 -1.60482680236
-1.00000000000 0.00000000000 2.31250000000 0.00500000000 0.69426590932 -1.60548991531
-1.00000000000 0.00000000000 2.31250000000 0.00625000000 0.69455738728 -1.60616395808
-1.00000000000 0.00000000000 2.31250000000 0.00750000000 0.69485359966 -1.60684894921
-1.00000000000 0.00000000000 2.31250000000 0.00875000000 0.69515455460 -1.60754490750
-1.00000000000 0.00000000000 2.32812500000 -0.01000000000 0.69114878930 -1.60908077509
-1.00000000000 0.00000000000 2.32812500000 -0.00875000000 0.69138232072 -1.60962446543
-1.00000000000 0.00000000000 2.32812500000 -0.00750000000 0.69162048642 -1.61017894494
-1.00000000000 0.00000000000 2.32812500000 -0.00625000000 0.69186329309 -1.61074422921
-1.00000000000 0.00000000000 2.32812500000 -0.00500000000 0.69211074753 -1.61132033409
-1.00000000000 0.00000000000 2.32812500000 -0.00375000000 0.69236285667 -1.61190727569
-1.00000000000 0.00000000000 2.32812500000 -0.00250000000 0.69261962754 -1.61250507037
-1.00000000000 0.00000000000 2.32812500000 -0.00125000000 0.69288106728 -1.61311373475
-1.00000000000 0.00000000000 2.32812500000 0.00000000000 0.69314718314 -1.61373328575
-1.00000000000 0.00000000000 2.32812500000 0.00125000000 0.69341798250 -1.61436374052
-1.00000000000 0.00000000000 2.32812500000 0.00250000000 0.69369347285 -1.61500511648
-1.00000000000 0.00000000000 2.32812500000 0.00375000000 0.69397366178 -1.61565743133
-1.00000000000 0.00000000000 2.32812500000 0.00500000000 0.69425855700 -1.61632070303
-1.00000000000 0.00000000000 2.32812500000 0.00625000000 0.69454816636 -1.61699494980
-1.00000000000 0.00000000000 2.32812500000 0.00750000000 0.69484249779 -1.61768019016
-1.00000000000 0.00000000000 2.32812500000 0.00875000000 0.69514155935 -1.61837644287
-1.00000000000 0.00000000000 2.34375000000 -0.01000000000 0.69116273428 -1.61991265848
-1.00000000000 0.00000000000 2.34375000000 -0.00875000000 0.69139456282 -1.62045600660
-1.00000000000 0.00000000000 2.34375000000 -0.00750000000 0.69163101426 -1.62101018966
-1.00000000000 0.00000000000 2.34375000000 -0.00625000000 0.69187209524 -1.62157522321
-1.00000000000 0.00000000000 2.34375000000 -0.00500000000 0.69211781250 -1.62215112305
-1.00000000000 0.00000000000 2.34375000000 -0.00375000000 0.69236817290 -1.62273790524
-1.00000000000 0.00000000000 2.34375000000 -0.00250000000 0.69262318340 -1.62333558610
-1.00000000000 0.00000000000 2.34375000000 -0.00125000000 0.69288285109 -1.62394418223
-1.00000000000 0.00000000000 2.34375000000 0.00000000000 0.69314718314 -1.62456371049
-1.00000000000 0.00000000000 2.34375000000 0.00125000000 0.69341618687 -1.62519418799
-1.00000000000 0.00000000000 2.34375000000 0.00250000000 0.69368986970 -1.62583563211
-1.00000000000 0.00000000000 2.34375000000 0.00375000000 0.69396823915 -1.62648806051
-1.00000000000 0.00000000000 2.34375000000 0.00500000000 0.69425130287 -1.62715149111
-1.00000000000 0.00000000000 2.34375000000 0.00625000000 0.69453906863 -1.62782594211
-1.00000000000 0.00000000000 2.34375000000 0.00750000000 0.69483154430 -1.62851143195
-1.00000000000 0.00000000000 2.34375000000 0.00875000000 0.69512873787 -1.62920797939
-1.00000000000 0.00000000000 2.35937500000 -0.01000000000 0.69117649515 -1.63074454324
-1.00000000000 0.00000000000 2.35937500000 -0.00875000000 0.69140664321 -1.63128754883
-1.00000000000 0.00000000000 2.35937500000 -0.00750000000 0.69164140299 -1.63184143517
-1.00000000000 0.00000000000 2.35937500000 -0.00625000000 0.69188078104 -1.63240621776
-1.00000000000 0.00000000000 2.35937500000 -0.00500000000 0.69212478404 -1.63298191235
-1.00000000000 0.00000000000 2.35937500000 -0.00375000000 0.69237341880 -1.63356853498
-1.00000000000 0.00000000000 2.35937500000 -0.00250000000 0.69262669221 -1.63416610193
-1.00000000000 0.00000000000 2.35937500000 -0.00125000000 0.69288461128 -1.63477462974
-1.00000000000 0.00000000000 2.35937500000 0.00000000000 0.69314718314 -1.63539413523
-1.00000000000 0.00000000000 2.35937500000 0.00125000000 0.69341441504 -1.63602463547
-1.00000000000 0.00000000000 2.35937500000 0.00250000000 0.69368631431 -1.63666614782
-1.00000000000 0.00000000000 2.35937500000 0.00375000000 0.69396288843 -1.63731868989
-1.00000000000 0.00000000000 2.35937500000 0.00500000000 0.69424414498 -1.63798227956
-1.00000000000 0.00000000000 2.35937500000 0.00625000000 0.69453009164 -1.63865693497
-1.00000000000 0.00000000000 2.35937500000 0.00750000000 0.69482073624 -1.63934267456
-1.00000000000 0.00000000000 2.35937500000 0.00875000000 0.69511608668 -1.64003951702
-1.00000000000 0.00000000000 2.37500000000 -0.01000000000 0.69119007551 -1.64157642934
-1.00000000000 0.00000000000 2.37500000000 -0.00875000000 0.69141856509 -1.64211909209
-1.00000000000 0.00000000000 2.37500000000 -0.00750000000 0.69165165534 -1.64267268144
-1.00000000000 0.00000000000 2.37500000000 -0.00625000000 0.69188935277 -1.64323721283
-1.00000000000 0.00000000000 2.37500000000 -0.00500000000 0.69213166400 -1.64381270200
-1.00000000000 0.00000000000 2.37500000000 -0.00375000000 0.69237859575 -1.64439916492
-1.00000000000 0.00000000000 2.37500000000 -0.00250000000 0.69263015488 -1.64499661784
-1.00000000000 0.00000000000 2.37500000000 -0.00125000000 0.69288634832 -1.64560507726
-1.00000000000 0.00000000000 2.37500000000 0.00000000000 0.69314718314 -1.64622455996
-1.00000000000 0.00000000000 2.37500000000 0.00125000000 0.69341266652 -1.64685508298
-1.00000000000 0.00000000000 2.37500000000 0.00250000000 0.69368280574 -1.64749666363
-1.00000000000 0.00000000000 2.37500000000 0.00375000000 0.69395760820 -1.64814931947
-1.00000000000 0.00000000000 2.37500000000 0.00500000000 0.69423708141 -1.64881306836
-1.00000000000 0.00000000000 2.37500000000 0.00625000000 0.69452123301 -1.64948792840
-1.00000000000 0.00000000000 2.37500000000 0.00750000000 0.69481007073 -1.65017391798
-1.00000000000 0.00000000000 2.37500000000 0.00875000000 0.69510360243 -1.65087105576
-1.00000000000 0.00000000000 2.39062500000 -0.01000000000 0.69120347891 -1.65240831677
-1.00000000000 0.00000000000 2.39062500000 -0.00875000000 0.69143033155 -1.65295063637
-1.00000000000 0.00000000000 2.39062500000 -0.00750000000 0.69166177399 -1.65350392845
-1.00000000000 0.00000000000 2.39062500000 -0.00625000000 0.69189781268 -1.65406820843
-1.00000000000 0.00000000000 2.39062500000 -0.00500000000 0.69213845416 -1.65464349198
-1.00000000000 0.00000000000 2.39062500000 -0.00375000000 0.69238370512 -1.65522979505
-1.00000000000 0.00000000000 2.39062500000 -0.00250000000 0.69263357232 -1.65582713383
-1.00000000000 0.00000000000 2.39062500000 -0.00125000000 0.69288806266 -1.65643552480
-1.00000000000 0.00000000000 2.39062500000 0.00000000000 0.69314718314 -1.65705498470
-1.00000000000 0.00000000000 2.39062500000 0.00125000000 0.69341094087 -1.65768553052
-1.00000000000 0.00000000000 2.39062500000 0.00250000000 0.69367934307 -1.65832717952
-1.00000000000 0.00000000000 2.39062500000 0.00375000000 0.69395239707 -1.65897994925
-1.00000000000 0.00000000000 2.39062500000 0.00500000000 0.69423011033 -1.65964385751
-1.00000000000 0.00000000000 2.39062500000 0.00625000000 0.69451249040 -1.66031892237
-1.00000000000 0.00000000000 2.39062500000 0.00750000000 0.69479954497 -1.66100516219
-1.00000000000 0.00000000000 2.39062500000 0.00875000000 0.69509128181 -1.66170259558
-1.00000000000 0.00000000000 2.40625000000 -0.01000000000 0.69121670878 -1.66324020549
-1.00000000000 0.00000000000 2.40625000000 -0.00875000000 0.69144194562 -1.66378218165
-1.00000000000 0.00000000000 2.40625000000 -0.00750000000 0.69167176154 -1.66433517620
-1.00000000000 0.00000000000 2.40625000000 -0.00625000000 0.69190616293 -1.66489920454
-1.00000000000 0.00000000000 2.40625000000 -0.00500000000 0.69214515628 -1.66547428229
-1.00000000000 0.00000000000 2.40625000000 -0.00375000000 0.69238874820 -1.66606042536
-1.00000000000 0.00000000000 2.40625000000 -0.00250000000 0.69263694542 -1.66665764991
-1.00000000000 0.00000000000 2.40625000000 -0.00125000000 0.69288975475 -1.66726597237
-1.00000000000 0.00000000000 2.40625000000 0.00000000000 0.69314718314 -1.66788540944
-1.00000000000 0.00000000000 2.40625000000 0.00125000000 0.69340923764 -1.66851597807
-1.00000000000 0.00000000000 2.40625000000 0.00250000000 0.69367592540 -1.66915769550
-1.00000000000 0.00000000000 2.40625000000 0.00375000000 0.69394725370 -1.66981057922
-1.00000000000 0.00000000000 2.40625000000 0.00500000000 0.69422322992 -1.67047464700
-1.00000000000 0.00000000000 2.40625000000 0.00625000000 0.69450386156 -1.67114991688
-1.00000000000 0.00000000000 2.40625000000 0.00750000000 0.69478915623 -1.67183640717
-1.00000000000 0.00000000000 2.40625000000 0.00875000000 0.69507912164 -1.67253413645
-1.00000000000 0.00000000000 2.42187500000 -0.01000000000 0.69122976846 -1.67407209548
-1.00000000000 0.00000000000 2.42187500000 -0.00875000000 0.69145341023 -1.67461372790
-1.00000000000 0.00000000000 2.42187500000 -0.00750000000 0.69168162051 -1.67516642468
-1.00000000000 0.00000000000 2.42187500000 -0.00625000000 0.69191440564 -1.67573020115
-1.00000000000 0.00000000000 2.42187500000 -0.00500000000 0.69215177205 -1.67630507292
-1.00000000000 0.00000000000 2.42187500000 -0.00375000000 0.69239372629 -1.67689105586
-1.00000000000 0.00000000000 2.42187500000 -0.00250000000 0.69264027502 -1.67748816607
-1.00000000000 0.00000000000 2.42187500000 -0.00125000000 0.69289142501 -1.67809641996
-1.00000000000 0.00000000000 2.42187500000 0.00000000000 0.69314718314 -1.67871583417
-1.00000000000 0.00000000000 2.42187500000 0.00125000000 0.69340755639 -1.67934642564
-1.00000000000 0.00000000000 2.42187500000 0.00250000000 0.69367255187 -1.67998821155
-1.00000000000 0.00000000000 2.42187500000 0.00375000000 0.69394217677 -1.68064120937
-1.00000000000 0.00000000000 2.42187500000 0.00500000000 0.69421643843 -1.68130543682
-1.00000000000 0.00000000000 2.42187500000 0.00625000000 0.69449534427 -1.68198091191
-1.00000000000 0.00000000000 2.42187500000 0.00750000000 0.69477890185 -1.68266765291
-1.00000000000 0.00000000000 2.42187500000 0.00875000000 0.69506711881 -1.68336567837
-1.00000000000 0.00000000000 2.43750000000 -0.01000000000 0.69124266122 -1.68490398672
-1.00000000000 0.00000000000 2.43750000000 -0.00875000000 0.69146472825 -1.68544527511
-1.00000000000 0.00000000000 2.43750000000 -0.00750000000 0.69169135338 -1.68599767385
-1.00000000000 0.00000000000 2.43750000000 -0.00625000000 0.69192254287 -1.68656119826
-1.00000000000 0.00000000000 2.43750000000 -0.00500000000 0.69215830313 -1.68713586387
-1.00000000000 0.00000000000 2.43750000000 -0.00375000000 0.69239864063 -1.68772168653
-1.00000000000 0.00000000000 2.43750000000 -0.00250000000 0.69264356197 -1.68831868231
-1.00000000000 0.00000000000 2.43750000000 -0.00125000000 0.69289307387 -1.68892686756
-1.00000000000 0.00000000000 2.43750000000 0.00000000000 0.69314718314 -1.68954625891
-1.00000000000 0.00000000000 2.43750000000 0.00125000000 0.69340589671 -1.69017687324
-1.00000000000 0.00000000000 2.43750000000 0.00250000000 0.69366922162 -1.69081872769
-1.00000000000 0.00000000000 2.43750000000 0.00375000000 0.69393716501 -1.69147183971
-1.00000000000 0.00000000000 2.43750000000 0.00500000000 0.69420973414 -1.69213622698
-1.00000000000 0.00000000000 2.43750000000 0.00625000000 0.69448693639 -1.69281190746
-1.00000000000 0.00000000000 2.43750000000 0.00750000000 0.69476877924 -1.69349889939
-1.00000000000 0.00000000000 2.43750000000 0.00875000000 0.69505527028 -1.69419722130
-1.00000000000 0.00000000000 2.45312500000 -0.01000000000 0.69125539024 -1.69573587917
-1.00000000000 0.00000000000 2.45312500000 -0.00875000000 0.69147590247 -1.69627682325
-1.00000000000 0.00000000000 2.45312500000 -0.00750000000 0.69170096254 -1.69682892372
-1.00000000000 0.00000000000 2.45312500000 -0.00625000000 0.69193057665 -1.69739219585
-1.00000000000 0.00000000000 2.45312500000 -0.00500000000 0.69216475114 -1.69796665514
-1.00000000000 0.00000000000 2.45312500000 -0.00375000000 0.69240349244 -1.69855231738
-1.00000000000 0.00000000000 2.45312500000 -0.00250000000 0.69264680708 -1.69914919863
-1.00000000000 0.00000000000 2.45312500000 -0.00125000000 0.69289470173 -1.69975731519
-1.00000000000 0.00000000000 2.45312500000 0.00000000000 0.69314718314 -1.70037668365
-1.00000000000 0.00000000000 2.45312500000 0.00125000000 0.69340425818 -1.70100732085
-1.00000000000 0.00000000000 2.45312500000 0.00250000000 0.69366593382 -1.70164924391
-1.00000000000 0.00000000000 2.45312500000 0.00375000000 0.69393221716 -1.70230247023
-1.00000000000 0.00000000000 2.45312500000 0.00500000000 0.69420311539 -1.70296701745
-1.00000000000 0.00000000000 2.45312500000 0.00625000000 0.69447863583 -1.70364290351
-1.00000000000 0.00000000000 2.45312500000 0.00750000000 0.69475878588 -1.70433014661
-1.00000000000 0.00000000000 2.45312500000 0.00875000000 0.69504357309 -1.70502876522
-1.00000000000 0.00000000000 2.46875000000 -0.01000000000 0.69126795861 -1.70656777283
-1.00000000000 0.00000000000 2.46875000000 -0.00875000000 0.69148693562 -1.70710837232
-1.00000000000 0.00000000000 2.46875000000 -0.00750000000 0.69171045034 -1.70766017427
-1.00000000000 0.00000000000 2.46875000000 -0.00625000000 0.69193850892 -1.70822319391
-1.00000000000 0.00000000000 2.46875000000 -0.00500000000 0.69217111765 -1.70879744670
-1.00000000000 0.00000000000 2.46875000000 -0.00375000000 0.69240828290 -1.70938294840
-1.00000000000 0.00000000000 2.46875000000 -0.00250000000 0.69265001115 -1.70997971502
-1.00000000000 0.00000000000 2.46875000000 -0.00125000000 0.69289630900 -1.71058776283
-1.00000000000 0.00000000000 2.46875000000 0.00000000000 0.69314718314 -1.71120710838
-1.00000000000 0.00000000000 2.46875000000 0.00125000000 0.69340264040 -1.71183776848
-1.00000000000 0.00000000000 2.46875000000 0.00250000000 0.69366268768 -1.71247976021
-1.00000000000 0.00000000000 2.46875000000 0.00375000000 0.69392733202 -1.71313310092
-1.00000000000 0.00000000000 2.46875000000 0.00500000000 0.69419658055 -1.71379780824
-1.00000000000 0.00000000000 2.46875000000 0.00625000000 0.69447044053 -1.71447390006
-1.00000000000 0.00000000000 2.46875000000 0.00750000000 0.69474891931 -1.71516139454
-1.00000000000 0.00000000000 2.46875000000 0.00875000000 0.69503202436 -1.71586031013
-1.00000000000 0.00000000000 2.48437500000 -0.01000000000 0.69128036937 -1.71739966766
-1.00000000000 0.00000000000 2.48437500000 -0.00875000000 0.69149783036 -1.71793992229
-1.00000000000 0.00000000000 2.48437500000 -0.00750000000 0.69171981907 -1.71849142549
-1.00000000000 0.00000000000 2.48437500000 -0.00625000000 0.69194634161 -1.71905419244
-1.00000000000 0.00000000000 2.48437500000 -0.00500000000 0.69217740420 -1.71962823857
-1.00000000000 0.00000000000 2.48437500000 -0.00375000000 0.69241301317 -1.72021357959
-1.00000000000 0.00000000000 2.48437500000 -0.00250000000 0.69265317494 -1.72081023149
-1.00000000000 0.00000000000 2.48437500000 -0.00125000000 0.69289789605 -1.72141821050
-1.00000000000 0.00000000000 2.48437500000 0.00000000000 0.69314718314 -1.72203753312
-1.00000000000 0.00000000000 2.48437500000 0.00125000000 0.69340104297 -1.72266821613
-1.00000000000 0.00000000000 2.48437500000 0.00250000000 0.69365948240 -1.72331027659
-1.00000000000 0.00000000000 2.48437500000 0.00375000000 0.69392250839 -1.72396373179
-1.00000000000 0.00000000000 2.48437500000 0.00500000000 0.69419012804 -1.72462859934
-1.00000000000 0.00000000000 2.48437500000 0.00625000000 0.69446234851 -1.72530489709
-1.00000000000 0.00000000000 2.48437500000 0.00750000000 0.69473917713 -1.72599264317
-1.00000000000 0.00000000000 2.48437500000 0.00875000000 0.69502062128 -1.72669185600
-1.00000000000 0.00000000000 2.50000000000 -0.01000000000 0.69129262546 -1.72823156365
-1.00000000000 0.00000000000 2.50000000000 -0.00875000000 0.69150858926 -1.72877147315
-1.00000000000 0.00000000000 2.50000000000 -0.00750000000 0.69172907095 -1.72932267736
-1.00000000000 0.00000000000 2.50000000000 -0.00625000000 0.69195407657 -1.72988519142
-1.00000000000 0.00000000000 2.50000000000 -0.00500000000 0.69218361229 -1.73045903073
-1.00000000000 0.00000000000 2.50000000000 -0.00375000000 0.69241768438 -1.73104421095
-1.00000000000 0.00000000000 2.50000000000 -0.00250000000 0.69265629921 -1.73164074803
-1.00000000000 0.00000000000 2.50000000000 -0.00125000000 0.69289946327 -1.73224865818
-1.00000000000 0.00000000000 2.50000000000 0.00000000000 0.69314718314 -1.73286795786
-1.00000000000 0.00000000000 2.50000000000 0.00125000000 0.69339946552 -1.73349866380
-1.00000000000 0.00000000000 2.50000000000 0.00250000000 0.69365631721 -1.73414079304
-1.00000000000 0.00000000000 2.50000000000 0.00375000000 0.69391774513 -1.73479436283
-1.00000000000 0.00000000000 2.50000000000 0.00500000000 0.69418375630 -1.73545939074
-1.00000000000 0.00000000000 2.50000000000 0.00625000000 0.69445435784 -1.73613589460
-1.00000000000 0.00000000000 2.50000000000 0.00750000000 0.69472955700 -1.73682389250
-1.00000000000 0.00000000000 2.50000000000 0.00875000000 0.69500936113 -1.73752340281
-1.00000000000 0.00000000000 2.51562500000 -0.01000000000 0.69130472974 -1.73906346076
-1.00000000000 0.00000000000 2.51562500000 -0.00875000000 0.69151921486 -1.73960302488
-1.00000000000 0.00000000000 2.51562500000 -0.00750000000 0.69173820815 -1.74015392988
-1.00000000000 0.00000000000 2.51562500000 -0.00625000000 0.69196171562 -1.74071619085
-1.00000000000 0.00000000000 2.51562500000 -0.00500000000 0.69218974337 -1.74128982317
-1.00000000000 0.00000000000 2.51562500000 -0.00375000000 0.69242229763 -1.74187484247
-1.00000000000 0.00000000000 2.51562500000 -0.00250000000 0.69265938471 -1.74247126465
-1.00000000000 0.00000000000 2.51562500000 -0.00125000000 0.69290101103 -1.74307910588
-1.00000000000 0.00000000000 2.51562500000 0.00000000000 0.69314718314 -1.74369838259
-1.00000000000 0.00000000000 2.51562500000 0.00125000000 0.69339790767 -1.74432911149
-1.00000000000 0.00000000000 2.51562500000 0.00250000000 0.69365319138 -1.74497130956
-1.00000000000 0.00000000000 2.51562500000 0.00375000000 0.69391304111 -1.74562499404
-1.00000000000 0.00000000000 2.51562500000 0.00500000000 0.69417746383 -1.74629018244
-1.00000000000 0.00000000000 2.51562500000 0.00625000000 0.69444646661 -1.74696689258
-1.00000000000 0.00000000000 2.51562500000 0.00750000000 0.69472005664 -1.74765514250
-1.00000000000 0.00000000000 2.51562500000 0.00875000000 0.69499824121 -1.74835495055
-1.00000000000 0.00000000000 2.53125000000 -0.01000000000 0.69131668503 -1.74989535899
-1.00000000000 0.00000000000 2.53125000000 -0.00875000000 0.69152970962 -1.75043457747
-1.00000000000 0.00000000000 2.53125000000 -0.00750000000 0.69174723280 -1.75098518302
-1.00000000000 0.00000000000 2.53125000000 -0.00625000000 0.69196926053 -1.75154719072
-1.00000000000 0.00000000000 2.53125000000 -0.00500000000 0.69219579887 -1.75212061590
-1.00000000000 0.00000000000 2.53125000000 -0.00375000000 0.69242685399 -1.75270547415
-1.00000000000 0.00000000000 2.53125000000 -0.00250000000 0.69266243213 -1.75330178134
-1.00000000000 0.00000000000 2.53125000000 -0.00125000000 0.69290253969 -1.75390955360
-1.00000000000 0.00000000000 2.53125000000 0.00000000000 0.69314718314 -1.75452880733
-1.00000000000 0.00000000000 2.53125000000 0.00125000000 0.69339636907 -1.75515955920
-1.00000000000 0.00000000000 2.53125000000 0.00250000000 0.69365010416 -1.75580182616
-1.00000000000 0.00000000000 2.53125000000 0.00375000000 0.69390839522 -1.75645562541
-1.00000000000 0.00000000000 2.53125000000 0.00500000000 0.69417124916 -1.75712097444
-1.00000000000 0.00000000000 2.53125000000 0.00625000000 0.69443867299 -1.75779789101
-1.00000000000 0.00000000000 2.53125000000 0.00750000000 0.69471067384 -1.75848639316
-1.00000000000 0.00000000000 2.53125000000 0.00875000000 0.69498725894 -1.75918649919
-1.00000000000 0.00000000000 2.54687500000 -0.01000000000 0.69132849406 -1.76072725831
-1.00000000000 0.00000000000 2.54687500000 -0.00875000000 0.69154007593 -1.76126613089
-1.00000000000 0.00000000000 2.54687500000 -0.00750000000 0.69175614696 -1.76181643679
-1.00000000000 0.00000000000 2.54687500000 -0.00625000000 0.69197671304 -1.76237819103
-1.00000000000 0.00000000000 2.54687500000 -0.00500000000 0.69220178018 -1.76295140891
-1.00000000000 0.00000000000 2.54687500000 -0.00375000000 0.69243135450 -1.76353610599
-1.00000000000 0.00000000000 2.54687500000 -0.00250000000 0.69266544220 -1.76413229810
-1.00000000000 0.00000000000 2.54687500000 -0.00125000000 0.69290404960 -1.76474000133
-1.00000000000 0.00000000000 2.54687500000 0.00000000000 0.69314718314 -1.76535923207
-1.00000000000 0.00000000000 2.54687500000 0.00125000000 0.69339484934 -1.76599000693
-1.00000000000 0.00000000000 2.54687500000 0.00250000000 0.69364705485 -1.76663234282
-1.00000000000 0.00000000000 2.54687500000 0.00375000000 0.69390380640 -1.76728625694
-1.00000000000 0.00000000000 2.54687500000 0.00500000000 0.69416511086 -1.76795176672
-1.00000000000 0.00000000000 2.54687500000 0.00625000000 0.69443097517 -1.76862888990
-1.00000000000 0.00000000000 2.54687500000 0.00750000000 0.69470140642 -1.76931764448
-1.00000000000 0.00000000000 2.54687500000 0.00875000000 0.69497641177 -1.77001804873
-1.00000000000 0.00000000000 2.56250000000 -0.01000000000 0.69134015949 -1.77155915870
-1.00000000000 0.00000000000 2.56250000000 -0.00875000000 0.69155031615 -1.77209768514
-1.00000000000 0.00000000000 2.56250000000 -0.00750000000 0.69176495265 -1.77264769116
-1.00000000000 0.00000000000 2.56250000000 -0.00625000000 0.69198407483 -1.77320919176
-1.00000000000 0.00000000000 2.56250000000 -0.00500000000 0.69220768866 -1.77378220219
-1.00000000000 0.00000000000 2.56250000000 -0.00375000000 0.69243580019 -1.77436673798
-1.00000000000 0.00000000000 2.56250000000 -0.00250000000 0.69266841558 -1.77496281492
-1.00000000000 0.00000000000 2.56250000000 -0.00125000000 0.69290554111 -1.77557044909
-1.00000000000 0.00000000000 2.56250000000 0.00000000000 0.69314718314 -1.77618965680
-1.00000000000 0.00000000000 2.56250000000 0.00125000000 0.69339334816 -1.77682045467
-1.00000000000 0.00000000000 2.56250000000 0.00250000000 0.69364404275 -1.77746285956
-1.00000000000 0.00000000000 2.56250000000 0.00375000000 0.69389927361 -1.77811688862
-1.00000000000 0.00000000000 2.56250000000 0.00500000000 0.69415904752 -1.77878255928
-1.00000000000 0.00000000000 2.56250000000 0.00625000000 0.69442337141 -1.77945988923
-1.00000000000 0.00000000000 2.56250000000 0.00750000000 0.69469225227 -1.78014889643
-1.00000000000 0.00000000000 2.56250000000 0.00875000000 0.69496569723 -1.78084959914
-1.00000000000 0.00000000000 2.57812500000 -0.01000000000 0.69135168393 -1.78239106014
-1.00000000000 0.00000000000 2.57812500000 -0.00875000000 0.69156043256 -1.78292924019
-1.00000000000 0.00000000000 2.57812500000 -0.00750000000 0.69177365183 -1.78347894613
-1.00000000000 0.00000000000 2.57812500000 -0.00625000000 0.69199134755 -1.78404019290
-1.00000000000 0.00000000000 2.57812500000 -0.00500000000 0.69221352562 -1.78461299573
-1.00000000000 0.00000000000 2.57812500000 -0.00375000000 0.69244019205 -1.78519737012
-1.00000000000 0.00000000000 2.57812500000 -0.00250000000 0.69267135295 -1.78579333182
-1.00000000000 0.00000000000 2.57812500000 -0.00125000000 0.69290701454 -1.78640089686
-1.00000000000 0.00000000000 2.57812500000 0.00000000000 0.69314718314 -1.78702008154
-1.00000000000 0.00000000000 2.57812500000 0.00125000000 0.69339186518 -1.78765090243
-1.00000000000 0.00000000000 2.57812500000 0.00250000000 0.69364106720 -1.78829337637
-1.00000000000 0.00000000000 2.57812500000 0.00375000000 0.69389479582 -1.78894752047
-1.00000000000 0.00000000000 2.57812500000 0.00500000000 0.69415305779 -1.78961335212
-1.00000000000 0.00000000000 2.57812500000 0.00625000000 0.69441585997 -1.79029088899
-1.00000000000 0.00000000000 2.57812500000 0.00750000000 0.69468320931 -1.79098014901
-1.00000000000 0.00000000000 2.57812500000 0.00875000000 0.69495511289 -1.79168115041
-1.00000000000 0.00000000000 2.59375000000 -0.01000000000 0.69136306992 -1.79322296261
-1.00000000000 0.00000000000 2.59375000000 -0.00875000000 0.69157042739 -1.79376079604
-1.00000000000 0.00000000000 2.59375000000 -0.00750000000 0.69178224643 -1.79431020168
-1.00000000000 0.00000000000 2.59375000000 -0.00625000000 0.69199853280 -1.79487119445
-1.00000000000 0.00000000000 2.59375000000 -0.00500000000 0.69221929235 -1.79544378954
-1.00000000000 0.00000000000 2.59375000000 -0.00375000000 0.69244453105 -1.79602800241
-1.00000000000 0.00000000000 2.59375000000 -0.00250000000 0.69267425495 -1.79662384878
-1.00000000000 0.00000000000 2.59375000000 -0.00125000000 0.69290847022 -1.79723134465
-1.00000000000 0.00000000000 2.59375000000 0.00000000000 0.69314718314 -1.79785050627
-1.00000000000 0.00000000000 2.59375000000 0.00125000000 0.69339040008 -1.79848135020
-1.00000000000 0.00000000000 2.59375000000 0.00250000000 0.69363812751 -1.79912389324
-1.00000000000 0.00000000000 2.59375000000 0.00375000000 0.69389037203 -1.79977815246
-1.00000000000 0.00000000000 2.59375000000 0.00500000000 0.69414714033 -1.80044414523
-1.00000000000 0.00000000000 2.59375000000 0.00625000000 0.69440843920 -1.80112188918
-1.00000000000 0.00000000000 2.59375000000 0.00750000000 0.69467427555 -1.80181140222
-1.00000000000 0.00000000000 2.59375000000 0.00875000000 0.69494465639 -1.80251270252
-1.00000000000 0.00000000000 2.60937500000 -0.01000000000 0.69137431994 -1.80405486610
-1.00000000000 0.00000000000 2.60937500000 -0.00875000000 0.69158030282 -1.80459235267
-1.00000000000 0.00000000000 2.60937500000 -0.00750000000 0.69179073832 -1.80514145781
-1.00000000000 0.00000000000 2.60937500000 -0.00625000000 0.69200563215 -1.80570219640
-1.00000000000 0.00000000000 2.60937500000 -0.00500000000 0.69222499013 -1.80627458361
-1.00000000000 0.00000000000 2.60937500000 -0.00375000000 0.69244881814 -1.80685863484
-1.00000000000 0.00000000000 2.60937500000 -0.00250000000 0.69267712222 -1.80745436580
-1.00000000000 0.00000000000 2.60937500000 -0.00125000000 0.69290990848 -1.80806179245
-1.00000000000 0.00000000000 2.60937500000 0.00000000000 0.69314718314 -1.80868093101
-1.00000000000 0.00000000000 2.60937500000 0.00125000000 0.69338895253 -1.80931179800
-1.00000000000 0.00000000000 2.60937500000 0.00250000000 0.69363522306 -1.80995441018
-1.00000000000 0.00000000000 2.60937500000 0.00375000000 0.69388600129 -1.81060878461
-1.00000000000 0.00000000000 2.60937500000 0.00500000000 0.69414129384 -1.81127493861
-1.00000000000 0.00000000000 2.60937500000 0.00625000000 0.69440110746 -1.81195288979
-1.00000000000 0.00000000000 2.60937500000 0.00750000000 0.69466544901 -1.81264265602
-1.00000000000 0.00000000000 2.60937500000 0.00875000000 0.69493432545 -1.81334425546
-1.00000000000 0.00000000000 2.62500000000 -0.01000000000 0.69138543641 -1.81488677059
-1.00000000000 0.00000000000 2.62500000000 -0.00875000000 0.69159006098 -1.81542391007
-1.00000000000 0.00000000000 2.62500000000 -0.00750000000 0.69179912934 -1.81597271451
-1.00000000000 0.00000000000 2.62500000000 -0.00625000000 0.69201264714 -1.81653319875
-1.00000000000 0.00000000000 2.62500000000 -0.00500000000 0.69223062016 -1.81710537793
-1.00000000000 0.00000000000 2.62500000000 -0.00375000000 0.69245305426 -1.81768926742
-1.00000000000 0.00000000000 2.62500000000 -0.00250000000 0.69267995539 -1.81828488289
-1.00000000000 0.00000000000 2.62500000000 -0.00125000000 0.69291132963 -1.81889224027
-1.00000000000 0.00000000000 2.62500000000 0.00000000000 0.69314718314 -1.81951135575
-1.00000000000 0.00000000000 2.62500000000 0.00125000000 0.69338752221 -1.82014224580
-1.00000000000 0.00000000000 2.62500000000 0.00250000000 0.69363235321 -1.82078492718
-1.00000000000 0.00000000000 2.62500000000 0.00375000000 0.69388168263 -1.82143941690
-1.00000000000 0.00000000000 2.62500000000 0.00500000000 0.69413551705 -1.82210573225
-1.00000000000 0.00000000000 2.62500000000 0.00625000000 0.69439386317 -1.82278389081
-1.00000000000 0.00000000000 2.62500000000 0.00750000000 0.69465672778 -1.82347391042
-1.00000000000 0.00000000000 2.62500000000 0.00875000000 0.69492411780 -1.82417580921
-1.00000000000 0.00000000000 2.64062500000 -0.01000000000 0.69139642170 -1.82571867605
-1.00000000000 0.00000000000 2.64062500000 -0.00875000000 0.69159970394 -1.82625546821
-1.00000000000 0.00000000000 2.64062500000 -0.00750000000 0.69180742126 -1.82680397175
-1.00000000000 0.00000000000 2.64062500000 -0.00625000000 0.69201957926 -1.82736420149
-1.00000000000 0.00000000000 2.64062500000 -0.00500000000 0.69223618367 -1.82793617250
-1.00000000000 0.00000000000 2.64062500000 -0.00375000000 0.69245724029 -1.82851990014
-1.00000000000 0.00000000000 2.64062500000 -0.00250000000 0.69268275505 -1.82911540004
-1.00000000000 0.00000000000 2.64062500000 -0.00125000000 0.69291273396 -1.82972268810
-1.00000000000 0.00000000000 2.64062500000 0.00000000000 0.69314718314 -1.83034178048
-1.00000000000 0.00000000000 2.64062500000 0.00125000000 0.69338610883 -1.83097269363
-1.00000000000 0.00000000000 2.64062500000 0.00250000000 0.69362951735 -1.83161544425
-1.00000000000 0.00000000000 2.64062500000 0.00375000000 0.69387741513 -1.83227004934
-1.00000000000 0.00000000000 2.64062500000 0.00500000000 0.69412980872 -1.83293652615
-1.00000000000 0.00000000000 2.64062500000 0.00625000000 0.69438670475 -1.83361489224
-1.00000000000 0.00000000000 2.64062500000 0.00750000000 0.69464810998 -1.83430516541
-1.00000000000 0.00000000000 2.64062500000 0.00875000000 0.69491403125 -1.83500736377
-1.00000000000 0.00000000000 2.65625000000 -0.01000000000 0.69140727811 -1.83655058247
-1.00000000000 0.00000000000 2.65625000000 -0.00875000000 0.69160923373 -1.83708702710
-1.00000000000 0.00000000000 2.65625000000 -0.00750000000 0.69181561583 -1.83763522955
-1.00000000000 0.00000000000 2.65625000000 -0.00625000000 0.69202642997 -1.83819520460
-1.00000000000 0.00000000000 2.65625000000 -0.00500000000 0.69224168181 -1.83876696731
-1.00000000000 0.00000000000 2.65625000000 -0.00375000000 0.69246137713 -1.83935053300
-1.00000000000 0.00000000000 2.65625000000 -0.00250000000 0.69268552179 -1.83994591726
-1.00000000000 0.00000000000 2.65625000000 -0.00125000000 0.69291412177 -1.84055313595
-1.00000000000 0.00000000000 2.65625000000 0.00000000000 0.69314718314 -1.84117220522
-1.00000000000 0.00000000000 2.65625000000 0.00125000000 0.69338471208 -1.84180314147
-1.00000000000 0.00000000000 2.65625000000 0.00250000000 0.69362671487 -1.84244596138
-1.00000000000 0.00000000000 2.65625000000 0.00375000000 0.69387319790 -1.84310068191
-1.00000000000 0.00000000000 2.65625000000 0.00500000000 0.69412416764 -1.84376732030
-1.00000000000 0.00000000000 2.65625000000 0.00625000000 0.69437963070 -1.84444589406
-1.00000000000 0.00000000000 2.65625000000 0.00750000000 0.69463959378 -1.84513642097
-1.00000000000 0.00000000000 2.65625000000 0.00875000000 0.69490406366 -1.84583891910
-1.00000000000 0.00000000000 2.67187500000 -0.01000000000 0.69141800789 -1.84738248984
-1.00000000000 0.00000000000 2.67187500000 -0.00875000000 0.69161865234 -1.84791858671
-1.00000000000 0.00000000000 2.67187500000 -0.00750000000 0.69182371476 -1.84846648788
-1.00000000000 0.00000000000 2.67187500000 -0.00625000000 0.69203320069 -1.84902620809
-1.00000000000 0.00000000000 2.67187500000 -0.00500000000 0.69224711574 -1.84959776236
-1.00000000000 0.00000000000 2.67187500000 -0.00375000000 0.69246546563 -1.85018116599
-1.00000000000 0.00000000000 2.67187500000 -0.00250000000 0.69268825620 -1.85077643453
-1.00000000000 0.00000000000 2.67187500000 -0.00125000000 0.69291549336 -1.85138358382
-1.00000000000 0.00000000000 2.67187500000 0.00000000000 0.69314718314 -1.85200262996
-1.00000000000 0.00000000000 2.67187500000 0.00125000000 0.69338333168 -1.85263358932
-1.00000000000 0.00000000000 2.67187500000 0.00250000000 0.69362394520 -1.85327647857
-1.00000000000 0.00000000000 2.67187500000 0.00375000000 0.69386903004 -1.85393131463
-1.00000000000 0.00000000000 2.67187500000 0.00500000000 0.69411859264 -1.85459811470
-1.00000000000 0.00000000000 2.67187500000 0.00625000000 0.69437263954 -1.85527689627
-1.00000000000 0.00000000000 2.67187500000 0.00750000000 0.69463117739 -1.85596767709
-1.00000000000 0.00000000000 2.67187500000 0.00875000000 0.69489421294 -1.85667047521
-1.00000000000 0.00000000000 2.68750000000 -0.01000000000 0.69142861326 -1.85821439814
-1.00000000000 0.00000000000 2.68750000000 -0.00875000000 0.69162796169 -1.85875014704
-1.00000000000 0.00000000000 2.68750000000 -0.00750000000 0.69183171972 -1.85929774674
-1.00000000000 0.00000000000 2.68750000000 -0.00625000000 0.69203989282 -1.85985721194
-1.00000000000 0.00000000000 2.68750000000 -0.00500000000 0.69225248657 -1.86042855765
-1.00000000000 0.00000000000 2.68750000000 -0.00375000000 0.69246950665 -1.86101179912
-1.00000000000 0.00000000000 2.68750000000 -0.00250000000 0.69269095883 -1.86160695187
-1.00000000000 0.00000000000 2.68750000000 -0.00125000000 0.69291684900 -1.86221403170
-1.00000000000 0.00000000000 2.68750000000 0.00000000000 0.69314718314 -1.86283305469
-1.00000000000 0.00000000000 2.68750000000 0.00125000000 0.69338196733 -1.86346403720
-1.00000000000 0.00000000000 2.68750000000 0.00250000000 0.69362120775 -1.86410699583
-1.00000000000 0.00000000000 2.68750000000 0.00375000000 0.69386491069 -1.86476194748
-1.00000000000 0.00000000000 2.68750000000 0.00500000000 0.69411308255 -1.86542890935
-1.00000000000 0.00000000000 2.68750000000 0.00625000000 0.69436572981 -1.86610789886
-1.00000000000 0.00000000000 2.68750000000 0.00750000000 0.69462285908 -1.86679893377
-1.00000000000 0.00000000000 2.68750000000 0.00875000000 0.69488447705 -1.86750203208
-1.00000000000 0.00000000000 2.70312500000 -0.01000000000 0.69143909636 -1.86904630735
-1.00000000000 0.00000000000 2.70312500000 -0.00875000000 0.69163716368 -1.86958170807
-1.00000000000 0.00000000000 2.70312500000 -0.00750000000 0.69183963232 -1.87012900611
-1.00000000000 0.00000000000 2.70312500000 -0.00625000000 0.69204650771 -1.87068821616
-1.00000000000 0.00000000000 2.70312500000 -0.00500000000 0.69225779539 -1.87125935317
-1.00000000000 0.00000000000 2.70312500000 -0.00375000000 0.69247350099 -1.87184243237
-1.00000000000 0.00000000000 2.70312500000 -0.00250000000 0.69269363025 -1.87243746926
-1.00000000000 0.00000000000 2.70312500000 -0.00125000000 0.69291818898 -1.87304447960
-1.00000000000 0.00000000000 2.70312500000 0.00000000000 0.69314718314 -1.87366347943
-1.00000000000 0.00000000000 2.70312500000 0.00125000000 0.69338061876 -1.87429448508
-1.00000000000 0.00000000000 2.70312500000 0.00250000000 0.69361850197 -1.87493751314
-1.00000000000 0.00000000000 2.70312500000 0.00375000000 0.69386083902 -1.87559258047
-1.00000000000 0.00000000000 2.70312500000 0.00500000000 0.69410763625 -1.87625970423
-1.00000000000 0.00000000000 2.70312500000 0.00625000000 0.69435890010 -1.87693890183
-1.00000000000 0.00000000000 2.70312500000 0.00750000000 0.69461463713 -1.87763019099
-1.00000000000 0.00000000000 2.70312500000 0.00875000000 0.69487485399 -1.87833358969
-1.00000000000 0.00000000000 2.71875000000 -0.01000000000 0.69144945929 -1.87987821745
-1.00000000000 0.00000000000 2.71875000000 -0.00875000000 0.69164626015 -1.88041326978
-1.00000000000 0.00000000000 2.71875000000 -0.00750000000 0.69184745416 -1.88096026599
-1.00000000000 0.00000000000 2.71875000000 -0.00625000000 0.69205304671 -1.88151922073
-1.00000000000 0.00000000000 2.71875000000 -0.00500000000 0.69226304328 -1.88209014892
-1.00000000000 0.00000000000 2.71875000000 -0.00375000000 0.69247744947 -1.88267306576
-1.00000000000 0.00000000000 2.71875000000 -0.00250000000 0.69269627097 -1.88326798671
-1.00000000000 0.00000000000 2.71875000000 -0.00125000000 0.69291951357 -1.88387492751
-1.00000000000 0.00000000000 2.71875000000 0.00000000000 0.69314718314 -1.88449390417
-1.00000000000 0.00000000000 2.71875000000 0.00125000000 0.69337928569 -1.88512493298
-1.00000000000 0.00000000000 2.71875000000 0.00250000000 0.69361582731 -1.88576803051
-1.00000000000 0.00000000000 2.71875000000 0.00375000000 0.69385681419 -1.88642321359
-1.00000000000 0.00000000000 2.71875000000 0.00500000000 0.69410225263 -1.88709049935
-1.00000000000 0.00000000000 2.71875000000 0.00625000000 0.69435214903 -1.88776990518
-1.00000000000 0.00000000000 2.71875000000 0.00750000000 0.69460650988 -1.88846144875
-1.00000000000 0.00000000000 2.71875000000 0.00875000000 0.69486534180 -1.88916514803
-1.00000000000 0.00000000000 2.73437500000 -0.01000000000 0.69145970411 -1.89071012843
-1.00000000000 0.00000000000 2.73437500000 -0.00875000000 0.69165525291 -1.89124483218
-1.00000000000 0.00000000000 2.73437500000 -0.00750000000 0.69185518679 -1.89179152637
-1.00000000000 0.00000000000 2.73437500000 -0.00625000000 0.69205951110 -1.89235022565
-1.00000000000 0.00000000000 2.73437500000 -0.00500000000 0.69226823128 -1.89292094490
-1.00000000000 0.00000000000 2.73437500000 -0.00375000000 0.69248135288 -1.89350369927
-1.00000000000 0.00000000000 2.73437500000 -0.00250000000 0.69269888154 -1.89409850421
-1.00000000000 0.00000000000 2.73437500000 -0.00125000000 0.69292082301 -1.89470537543
-1.00000000000 0.00000000000 2.73437500000 0.00000000000 0.69314718314 -1.89532432890
-1.00000000000 0.00000000000 2.73437500000 0.00125000000 0.69337796787 -1.89595538090
-1.00000000000 0.00000000000 2.73437500000 0.00250000000 0.69361318325 -1.89659854794
-1.00000000000 0.00000000000 2.73437500000 0.00375000000 0.69385283542 -1.89725384684
-1.00000000000 0.00000000000 2.73437500000 0.00500000000 0.69409693063 -1.89792129470
-1.00000000000 0.00000000000 2.73437500000 0.00625000000 0.69434547525 -1.89860090888
-1.00000000000 0.00000000000 2.73437500000 0.00750000000 0.69459847571 -1.89929270703
-1.00000000000 0.00000000000 2.73437500000 0.00875000000 0.69485593859 -1.89999670709
-1.00000000000 0.00000000000 2.75000000000 -0.01000000000 0.69146983283 -1.90154204029
-1.00000000000 0.00000000000 2.75000000000 -0.00875000000 0.69166414372 -1.90207639523
-1.00000000000 0.00000000000 2.75000000000 -0.00750000000 0.69186283173 -1.90262278725
-1.00000000000 0.00000000000 2.75000000000 -0.00625000000 0.69206590215 -1.90318123091
-1.00000000000 0.00000000000 2.75000000000 -0.00500000000 0.69227336040 -1.90375174109
-1.00000000000 0.00000000000 2.75000000000 -0.00375000000 0.69248521197 -1.90433433291
-1.00000000000 0.00000000000 2.75000000000 -0.00250000000 0.69270146246 -1.90492902177
-1.00000000000 0.00000000000 2.75000000000 -0.00125000000 0.69292211759 -1.90553582337
-1.00000000000 0.00000000000 2.75000000000 0.00000000000 0.69314718314 -1.90615475364
-1.00000000000 0.00000000000 2.75000000000 0.00125000000 0.69337666503 -1.90678582882
-1.00000000000 0.00000000000 2.75000000000 0.00250000000 0.69361056924 -1.90742906542
-1.00000000000 0.00000000000 2.75000000000 0.00375000000 0.69384890190 -1.90808448022
-1.00000000000 0.00000000000 2.75000000000 0.00500000000 0.69409166919 -1.90875209028
-1.00000000000 0.00000000000 2.75000000000 0.00625000000 0.69433887743 -1.90943191294
-1.00000000000 0.00000000000 2.75000000000 0.00750000000 0.69459053303 -1.91012396583
-1.00000000000 0.00000000000 2.75000000000 0.00875000000 0.69484664249 -1.91082826685
-1.00000000000 0.00000000000 2.76562500000 -0.01000000000 0.69147984741 -1.91237395299
-1.00000000000 0.00000000000 2.76562500000 -0.00875000000 0.69167293431 -1.91290795895
-1.00000000000 0.00000000000 2.76562500000 -0.00750000000 0.69187039046 -1.91345404860
-1.00000000000 0.00000000000 2.76562500000 -0.00625000000 0.69207222111 -1.91401223651
-1.00000000000 0.00000000000 2.76562500000 -0.00500000000 0.69227843164 -1.91458253750
-1.00000000000 0.00000000000 2.76562500000 -0.00375000000 0.69248902750 -1.91516496667
-1.00000000000 0.00000000000 2.76562500000 -0.00250000000 0.69270401424 -1.91575953939
-1.00000000000 0.00000000000 2.76562500000 -0.00125000000 0.69292339754 -1.91636627132
-1.00000000000 0.00000000000 2.76562500000 0.00000000000 0.69314718314 -1.91698517838
-1.00000000000 0.00000000000 2.76562500000 0.00125000000 0.69337537691 -1.91761627677
-1.00000000000 0.00000000000 2.76562500000 0.00250000000 0.69360798480 -1.91825958296
-1.00000000000 0.00000000000 2.76562500000 0.00375000000 0.69384501287 -1.91891511372
-1.00000000000 0.00000000000 2.76562500000 0.00500000000 0.69408646728 -1.91958288608
-1.00000000000 0.00000000000 2.76562500000 0.00625000000 0.69433235430 -1.92026291736
-1.00000000000 0.00000000000 2.76562500000 0.00750000000 0.69458268028 -1.92095522514
-1.00000000000 0.00000000000 2.76562500000 0.00875000000 0.69483745168 -1.92165982732
-1.00000000000 0.00000000000 2.78125000000 -0.01000000000 0.69148974976 -1.92320586653
-1.00000000000 0.00000000000 2.78125000000 -0.00875000000 0.69168162636 -1.92373952331
-1.00000000000 0.00000000000 2.78125000000 -0.00750000000 0.69187786443 -1.92428531043
-1.00000000000 0.00000000000 2.78125000000 -0.00625000000 0.69207846919 -1.92484324244
-1.00000000000 0.00000000000 2.78125000000 -0.00500000000 0.69228344598 -1.92541333412
-1.00000000000 0.00000000000 2.78125000000 -0.00375000000 0.69249280020 -1.92599560055
-1.00000000000 0.00000000000 2.78125000000 -0.00250000000 0.69270653737 -1.92659005706
-1.00000000000 0.00000000000 2.78125000000 -0.00125000000 0.69292466311 -1.92719671928
-1.00000000000 0.00000000000 2.78125000000 0.00000000000 0.69314718314 -1.92781560311
-1.00000000000 0.00000000000 2.78125000000 0.00125000000 0.69337410327 -1.92844672472
-1.00000000000 0.00000000000 2.78125000000 0.00250000000 0.69360542941 -1.92909010056
-1.00000000000 0.00000000000 2.78125000000 0.00375000000 0.69384116759 -1.92974574735
-1.00000000000 0.00000000000 2.78125000000 0.00500000000 0.69408132390 -1.93041368210
-1.00000000000 0.00000000000 2.78125000000 0.00625000000 0.69432590458 -1.93109392211
-1.00000000000 0.00000000000 2.78125000000 0.00750000000 0.69457491594 -1.93178648495
-1.00000000000 0.00000000000 2.78125000000 0.00875000000 0.69482836439 -1.93249138846
-1.00000000000 0.00000000000 2.79687500000 -0.01000000000 0.69149954177 -1.93403778089
-1.00000000000 0.00000000000 2.79687500000 -0.00875000000 0.69169022151 -1.93457108830
-1.00000000000 0.00000000000 2.79687500000 -0.00750000000 0.69188525506 -1.93511657273
-1.00000000000 0.00000000000 2.79687500000 -0.00625000000 0.69208464758 -1.93567424870
-1.00000000000 0.00000000000 2.79687500000 -0.00500000000 0.69228840436 -1.93624413095
-1.00000000000 0.00000000000 2.79687500000 -0.00375000000 0.69249653079 -1.93682623454
-1.00000000000 0.00000000000 2.79687500000 -0.00250000000 0.69270903232 -1.93742057478
-1.00000000000 0.00000000000 2.79687500000 -0.00125000000 0.69292591455 -1.93802716726
-1.00000000000 0.00000000000 2.79687500000 0.00000000000 0.69314718314 -1.93864602785
-1.00000000000 0.00000000000 2.79687500000 0.00125000000 0.69337284387 -1.93927717269
-1.00000000000 0.00000000000 2.79687500000 0.00250000000 0.69360290260 -1.93992061820
-1.00000000000 0.00000000000 2.79687500000 0.00375000000 0.69383736531 -1.94057638110
-1.00000000000 0.00000000000 2.79687500000 0.00500000000 0.69407623807 -1.94124447834
-1.00000000000 0.00000000000 2.79687500000 0.00625000000 0.69431952705 -1.94192492721
-1.00000000000 0.00000000000 2.79687500000 0.00750000000 0.69456723852 -1.94261774525
-1.00000000000 0.00000000000 2.79687500000 0.00875000000 0.69481937887 -1.94332295027
-1.00000000000 0.00000000000 2.81250000000 -0.01000000000 0.69150922527 -1.94486969606
-1.00000000000 0.00000000000 2.81250000000 -0.00875000000 0.69169872139 -1.94540265391
-1.00000000000 0.00000000000 2.81250000000 -0.00750000000 0.69189256373 -1.94594783549
-1.00000000000 0.00000000000 2.81250000000 -0.00625000000 0.69209075743 -1.94650525527
-1.00000000000 0.00000000000 2.81250000000 -0.00500000000 0.69229330773 -1.94707492799
-1.00000000000 0.00000000000 2.81250000000 -0.00375000000 0.69250021997 -1.94765686866
-1.00000000000 0.00000000000 2.81250000000 -0.00250000000 0.69271149958 -1.94825109256
-1.00000000000 0.00000000000 2.81250000000 -0.00125000000 0.69292715209 -1.94885761525
-1.00000000000 0.00000000000 2.81250000000 0.00000000000 0.69314718314 -1.94947645259
-1.00000000000 0.00000000000 2.81250000000 0.00125000000 0.69337159846 -1.95010762067
-1.00000000000 0.00000000000 2.81250000000 0.00250000000 0.69360040388 -1.95075113591
-1.00000000000 0.00000000000 2.81250000000 0.00375000000 0.69383360532 -1.95140701496
-1.00000000000 0.00000000000 2.81250000000 0.00500000000 0.69407120882 -1.95207527480
-1.00000000000 0.00000000000 2.81250000000 0.00625000000 0.69431322050 -1.95275593264
-1.00000000000 0.00000000000 2.81250000000 0.00750000000 0.69455964659 -1.95344900603
-1.00000000000 0.00000000000 2.81250000000 0.00875000000 0.69481049342 -1.95415451275
-1.00000000000 0.00000000000 2.82812500000 -0.01000000000 0.69151880204 -1.95570161203
-1.00000000000 0.00000000000 2.82812500000 -0.00875000000 0.69170712756 -1.95623422013
-1.00000000000 0.00000000000 2.82812500000 -0.00750000000 0.69189979180 -1.95677909870
-1.00000000000 0.00000000000 2.82812500000 -0.00625000000 0.69209679988 -1.95733626216
-1.00000000000 0.00000000000 2.82812500000 -0.00500000000 0.69229815699 -1.95790572523
-1.00000000000 0.00000000000 2.82812500000 -0.00375000000 0.69250386842 -1.95848750288
-1.00000000000 0.00000000000 2.82812500000 -0.00250000000 0.69271393958 -1.95908161038
-1.00000000000 0.00000000000 2.82812500000 -0.00125000000 0.69292837596 -1.95968806326
-1.00000000000 0.00000000000 2.82812500000 0.00000000000 0.69314718314 -1.96030687732
-1.00000000000 0.00000000000 2.82812500000 0.00125000000 0.69337036682 -1.96093806867
-1.00000000000 0.00000000000 2.82812500000 0.00250000000 0.69359793279 -1.96158165366
-1.00000000000 0.00000000000 2.82812500000 0.00375000000 0.69382988692 -1.96223764895
-1.00000000000 0.00000000000 2.82812500000 0.00500000000 0.69406623521 -1.96290607146
-1.00000000000 0.00000000000 2.82812500000 0.00625000000 0.69430698375 -1.96358693841
-1.00000000000 0.00000000000 2.82812500000 0.00750000000 0.69455213871 -1.96428026728
-1.00000000000 0.00000000000 2.82812500000 0.00875000000 0.69480170639 -1.96498607587
-1.00000000000 0.00000000000 2.84375000000 -0.01000000000 0.69152827386 -1.96653352878
-1.00000000000 0.00000000000 2.84375000000 -0.00875000000 0.69171544157 -1.96706578696
-1.00000000000 0.00000000000 2.84375000000 -0.00750000000 0.69190694061 -1.96761036235
-1.00000000000 0.00000000000 2.84375000000 -0.00625000000 0.69210277604 -1.96816726936
-1.00000000000 0.00000000000 2.84375000000 -0.00500000000 0.69230295303 -1.96873652267
-1.00000000000 0.00000000000 2.84375000000 -0.00375000000 0.69250747683 -1.96931813722
-1.00000000000 0.00000000000 2.84375000000 -0.00250000000 0.69271635279 -1.96991212826
-1.00000000000 0.00000000000 2.84375000000 -0.00125000000 0.69292958638 -1.97051851128
-1.00000000000 0.00000000000 2.84375000000 0.00000000000 0.69314718314 -1.97113730206
-1.00000000000 0.00000000000 2.84375000000 0.00125000000 0.69336914872 -1.97176851668
-1.00000000000 0.00000000000 2.84375000000 0.00250000000 0.69359548887 -1.97241217146
-1.00000000000 0.00000000000 2.84375000000 0.00375000000 0.69382620942 -1.97306828304
-1.00000000000 0.00000000000 2.84375000000 0.00500000000 0.69406131633 -1.97373686832
-1.00000000000 0.00000000000 2.84375000000 0.00625000000 0.69430081564 -1.97441794449
-1.00000000000 0.00000000000 2.84375000000 0.00750000000 0.69454471350 -1.97511152901
-1.00000000000 0.00000000000 2.84375000000 0.00875000000 0.69479301614 -1.97581763964
-1.00000000000 0.00000000000 2.85937500000 -0.01000000000 0.69153764242 -1.97736544630
-1.00000000000 0.00000000000 2.85937500000 -0.00875000000 0.69172366492 -1.97789735437
-1.00000000000 0.00000000000 2.85937500000 -0.00750000000 0.69191401143 -1.97844162644
-1.00000000000 0.00000000000 2.85937500000 -0.00625000000 0.69210868699 -1.97899827687
-1.00000000000 0.00000000000 2.85937500000 -0.00500000000 0.69230769672 -1.97956732030
-1.00000000000 0.00000000000 2.85937500000 -0.00375000000 0.69251104583 -1.98014877167
-1.00000000000 0.00000000000 2.85937500000 -0.00250000000 0.69271873965 -1.98074264618
-1.00000000000 0.00000000000 2.85937500000 -0.00125000000 0.69293078358 -1.98134895930
-1.00000000000 0.00000000000 2.85937500000 0.00000000000 0.69314718314 -1.98196772680
-1.00000000000 0.00000000000 2.85937500000 0.00125000000 0.69336794394 -1.98259896470
-1.00000000000 0.00000000000 2.85937500000 0.00250000000 0.69359307167 -1.98324268932
-1.00000000000 0.00000000000 2.85937500000 0.00375000000 0.69382257216 -1.98389891726
-1.00000000000 0.00000000000 2.85937500000 0.00500000000 0.69405645129 -1.98456766539
-1.00000000000 0.00000000000 2.85937500000 0.00625000000 0.69429471507 -1.98524895089
-1.00000000000 0.00000000000 2.85937500000 0.00750000000 0.69453736960 -1.98594279119
-1.00000000000 0.00000000000 2.85937500000 0.00875000000 0.69478442108 -1.98664920403
-1.00000000000 0.00000000000 2.87500000000 -0.01000000000 0.69154690942 -1.98819736458
-1.00000000000 0.00000000000 2.87500000000 -0.00875000000 0.69173179909 -1.98872892237
-1.00000000000 0.00000000000 2.87500000000 -0.00750000000 0.69192100555 -1.98927289096
-1.00000000000 0.00000000000 2.87500000000 -0.00625000000 0.69211453380 -1.98982928467
-1.00000000000 0.00000000000 2.87500000000 -0.00500000000 0.69231238891 -1.99039811813
-1.00000000000 0.00000000000 2.87500000000 -0.00375000000 0.69251457608 -1.99097940623
-1.00000000000 0.00000000000 2.87500000000 -0.00250000000 0.69272110058 -1.99157316416
-1.00000000000 0.00000000000 2.87500000000 -0.00125000000 0.69293196777 -1.99217940735
-1.00000000000 0.00000000000 2.87500000000 0.00000000000 0.69314718314 -1.99279815153
-1.00000000000 0.00000000000 2.87500000000 0.00125000000 0.69336675225 -1.99342941273
-1.00000000000 0.00000000000 2.87500000000 0.00250000000 0.69359068077 -1.99407320722
-1.00000000000 0.00000000000 2.87500000000 0.00375000000 0.69381897446 -1.99472955158
-1.00000000000 0.00000000000 2.87500000000 0.00500000000 0.69405163919 -1.99539846266
-1.00000000000 0.00000000000 2.87500000000 0.00625000000 0.69428868091 -1.99607995760
-1.00000000000 0.00000000000 2.87500000000 0.00750000000 0.69453010568 -1.99677405383
-1.00000000000 0.00000000000 2.87500000000 0.00875000000 0.69477591966 -1.99748076904
-1.00000000000 0.00000000000 2.89062500000 -0.01000000000 0.69155607649 -1.99902928360
-1.00000000000 0.00000000000 2.89062500000 -0.00875000000 0.69173984552 -1.99956049095
-1.00000000000 0.00000000000 2.89062500000 -0.00750000000 0.69192792420 -2.00010415590
-1.00000000000 0.00000000000 2.89062500000 -0.00625000000 0.69212031750 -2.00066029277
-1.00000000000 0.00000000000 2.89062500000 -0.00500000000 0.69231703045 -2.00122891615
-1.00000000000 0.00000000000 2.89062500000 -0.00375000000 0.69251806820 -2.00181004090
-1.00000000000 0.00000000000 2.89062500000 -0.00250000000 0.69272343600 -2.00240368218
-1.00000000000 0.00000000000 2.89062500000 -0.00125000000 0.69293313917 -2.00300985540
-1.00000000000 0.00000000000 2.89062500000 0.00000000000 0.69314718314 -2.00362857627
-1.00000000000 0.00000000000 2.89062500000 0.00125000000 0.69336557346 -2.00425986077
-1.00000000000 0.00000000000 2.89062500000 0.00250000000 0.69358831574 -2.00490372517
-1.00000000000 0.00000000000 2.89062500000 0.00375000000 0.69381541570 -2.00556018601
-1.00000000000 0.00000000000 2.89062500000 0.00500000000 0.69404687918 -2.00622926013
-1.00000000000 0.00000000000 2.89062500000 0.00625000000 0.69428271209 -2.00691096463
-1.00000000000 0.00000000000 2.89062500000 0.00750000000 0.69452292044 -2.00760531691
-1.00000000000 0.00000000000 2.89062500000 0.00875000000 0.69476751037 -2.00831233465
-1.00000000000 0.00000000000 2.90625000000 -0.01000000000 0.69156514524 -2.00986120335
-1.00000000000 0.00000000000 2.90625000000 -0.00875000000 0.69174780562 -2.01039206008
-1.00000000000 0.00000000000 2.90625000000 -0.00750000000 0.69193476860 -2.01093542126
-1.00000000000 0.00000000000 2.90625000000 -0.00625000000 0.69212603911 -2.01149130116
-1.00000000000 0.00000000000 2.90625000000 -0.00500000000 0.69232162214 -2.01205971435
-1.00000000000 0.00000000000 2.90625000000 -0.00375000000 0.69252152281 -2.01264067567
-1.00000000000 0.00000000000 2.90625000000 -0.00250000000 0.69272574632 -2.01323420024
-1.00000000000 0.00000000000 2.90625000000 -0.00125000000 0.69293429797 -2.01384030346
-1.00000000000 0.00000000000 2.90625000000 0.00000000000 0.69314718314 -2.01445900101
-1.00000000000 0.00000000000 2.90625000000 0.00125000000 0.69336440734 -2.01509030883
-1.00000000000 0.00000000000 2.90625000000 0.00250000000 0.69358597615 -2.01573424317
-1.00000000000 0.00000000000 2.90625000000 0.00375000000 0.69381189525 -2.01639082056
-1.00000000000 0.00000000000 2.90625000000 0.00500000000 0.69404217042 -2.01706005779
-1.00000000000 0.00000000000 2.90625000000 0.00625000000 0.69427680755 -2.01774197195
-1.00000000000 0.00000000000 2.90625000000 0.00750000000 0.69451581262 -2.01843658042
-1.00000000000 0.00000000000 2.90625000000 0.00875000000 0.69475919170 -2.01914390087
-1.00000000000 0.00000000000 2.92187500000 -0.01000000000 0.69157411725 -2.02069312383
-1.00000000000 0.00000000000 2.92187500000 -0.00875000000 0.69175568078 -2.02122362978
-1.00000000000 0.00000000000 2.92187500000 -0.00750000000 0.69194153994 -2.02176668702
-1.00000000000 0.00000000000 2.92187500000 -0.00625000000 0.69213169962 -2.02232230983
-1.00000000000 0.00000000000 2.92187500000 -0.00500000000 0.69232616479 -2.02289051273
-1.00000000000 0.00000000000 2.92187500000 -0.00375000000 0.69252494051 -2.02347131055
-1.00000000000 0.00000000000 2.92187500000 -0.00250000000 0.69272803195 -2.02406471836
-1.00000000000 0.00000000000 2.92187500000 -0.00125000000 0.69293544438 -2.02467075154
-1.00000000000 0.00000000000 2.92187500000 0.00000000000 0.69314718314 -2.02528942574
-1.00000000000 0.00000000000 2.92187500000 0.00125000000 0.69336325370 -2.02592075690
-1.00000000000 0.00000000000 2.92187500000 0.00250000000 0.69358366159 -2.02656476122
-1.00000000000 0.00000000000 2.92187500000 0.00375000000 0.69380841248 -2.02722145520
-1.00000000000 0.00000000000 2.92187500000 0.00500000000 0.69403751209 -2.02789085563
-1.00000000000 0.00000000000 2.92187500000 0.00625000000 0.69427096627 -2.02857297957
-1.00000000000 0.00000000000 2.92187500000 0.00750000000 0.69450878096 -2.02926784437
-1.00000000000 0.00000000000 2.92187500000 0.00875000000 0.69475096220 -2.02997546767
-1.00000000000 0.00000000000 2.93750000000 -0.01000000000 0.69158299405 -2.03152504502
-1.00000000000 0.00000000000 2.93750000000 -0.00875000000 0.69176347234 -2.03205520001
-1.00000000000 0.00000000000 2.93750000000 -0.00750000000 0.69194823938 -2.03259795319
-1.00000000000 0.00000000000 2.93750000000 -0.00625000000 0.69213730001 -2.03315331878
-1.00000000000 0.00000000000 2.93750000000 -0.00500000000 0.69233065917 -2.03372131130
-1.00000000000 0.00000000000 2.93750000000 -0.00375000000 0.69252832188 -2.03430194552
-1.00000000000 0.00000000000 2.93750000000 -0.00250000000 0.69273029328 -2.03489523652
-1.00000000000 0.00000000000 2.93750000000 -0.00125000000 0.69293657860 -2.03550119963
-1.00000000000 0.00000000000 2.93750000000 0.00000000000 0.69314718314 -2.03611985048
-1.00000000000 0.00000000000 2.93750000000 0.00125000000 0.69336211233 -2.03675120498
-1.00000000000 0.00000000000 2.93750000000 0.00250000000 0.69358137168 -2.03739527931
-1.00000000000 0.00000000000 2.93750000000 0.00375000000 0.69380496679 -2.03805208996
-1.00000000000 0.00000000000 2.93750000000 0.00500000000 0.69403290338 -2.03872165367
-1.00000000000 0.00000000000 2.93750000000 0.00625000000 0.69426518723 -2.03940398748
-1.00000000000 0.00000000000 2.93750000000 0.00750000000 0.69450182425 -2.04009910874
-1.00000000000 0.00000000000 2.93750000000 0.00875000000 0.69474282044 -2.04080703505
-1.00000000000 0.00000000000 2.95312500000 -0.01000000000 0.69159177715 -2.04235696690
-1.00000000000 0.00000000000 2.95312500000 -0.00875000000 0.69177118164 -2.04288677079
-1.00000000000 0.00000000000 2.95312500000 -0.00750000000 0.69195486807 -2.04342921976
-1.00000000000 0.00000000000 2.95312500000 -0.00625000000 0.69214284123 -2.04398432802
-1.00000000000 0.00000000000 2.95312500000 -0.00500000000 0.69233510605 -2.04455211005
-1.00000000000 0.00000000000 2.95312500000 -0.00375000000 0.69253166751 -2.04513258060
-1.00000000000 0.00000000000 2.95312500000 -0.00250000000 0.69273253070 -2.04572575472
-1.00000000000 0.00000000000 2.95312500000 -0.00125000000 0.69293770082 -2.04633164773
-1.00000000000 0.00000000000 2.95312500000 0.00000000000 0.69314718314 -2.04695027522
-1.00000000000 0.00000000000 2.95312500000 0.00125000000 0.69336098305 -2.04758165307
-1.00000000000 0.00000000000 2.95312500000 0.00250000000 0.69357910602 -2.04822579745
-1.00000000000 0.00000000000 2.95312500000 0.00375000000 0.69380155761 -2.04888272481
-1.00000000000 0.00000000000 2.95312500000 0.00500000000 0.69402834349 -2.04955245188
-1.00000000000 0.00000000000 2.95312500000 0.00625000000 0.69425946944 -2.05023499569
-1.00000000000 0.00000000000 2.95312500000 0.00750000000 0.69449494130 -2.05093037353
-1.00000000000 0.00000000000 2.95312500000 0.00875000000 0.69473476504 -2.05163860300
-1.00000000000 0.00000000000 2.96875000000 -0.01000000000 0.69160046803 -2.05318888948
-1.00000000000 0.00000000000 2.96875000000 -0.00875000000 0.69177880997 -2.05371834209
-1.00000000000 0.00000000000 2.96875000000 -0.00750000000 0.69196142710 -2.05426048671
-1.00000000000 0.00000000000 2.96875000000 -0.00625000000 0.69214832422 -2.05481533752
-1.00000000000 0.00000000000 2.96875000000 -0.00500000000 0.69233950618 -2.05538290896
-1.00000000000 0.00000000000 2.96875000000 -0.00375000000 0.69253497795 -2.05596321578
-1.00000000000 0.00000000000 2.96875000000 -0.00250000000 0.69273474458 -2.05655627297
-1.00000000000 0.00000000000 2.96875000000 -0.00125000000 0.69293881123 -2.05716209584
-1.00000000000 0.00000000000 2.96875000000 0.00000000000 0.69314718314 -2.05778069995
-1.00000000000 0.00000000000 2.96875000000 0.00125000000 0.69335986566 -2.05841210117
-1.00000000000 0.00000000000 2.96875000000 0.00250000000 0.69357686421 -2.05905631564
-1.00000000000 0.00000000000 2.96875000000 0.00375000000 0.69379818434 -2.05971335977
-1.00000000000 0.00000000000 2.96875000000 0.00500000000 0.69402383167 -2.06038325028
-1.00000000000 0.00000000000 2.96875000000 0.00625000000 0.69425381193 -2.06106600417
-1.00000000000 0.00000000000 2.96875000000 0.00750000000 0.69448813094 -2.06176163872
-1.00000000000 0.00000000000 2.96875000000 0.00875000000 0.69472679461 -2.06247017151
-1.00000000000 0.00000000000 2.98437500000 -0.01000000000 0.69160906814 -2.06402081273
-1.00000000000 0.00000000000 2.98437500000 -0.00875000000 0.69178635859 -2.06454991391
-1.00000000000 0.00000000000 2.98437500000 -0.00750000000 0.69196791759 -2.06509175405
-1.00000000000 0.00000000000 2.98437500000 -0.00625000000 0.69215374988 -2.06564634729
-1.00000000000 0.00000000000 2.98437500000 -0.00500000000 0.69234386029 -2.06621370806
-1.00000000000 0.00000000000 2.98437500000 -0.00375000000 0.69253825376 -2.06679385105
-1.00000000000 0.00000000000 2.98437500000 -0.00250000000 0.69273693529 -2.06738679126
-1.00000000000 0.00000000000 2.98437500000 -0.00125000000 0.69293991002 -2.06799254396
-1.00000000000 0.00000000000 2.98437500000 0.00000000000 0.69314718314 -2.06861112469
-1.00000000000 0.00000000000 2.98437500000 0.00125000000 0.69335875997 -2.06924254929
-1.00000000000 0.00000000000 2.98437500000 0.00250000000 0.69357464590 -2.06988683386
-1.00000000000 0.00000000000 2.98437500000 0.00375000000 0.69379484643 -2.07054399482
-1.00000000000 0.00000000000 2.98437500000 0.00500000000 0.69401936716 -2.07121404886
-1.00000000000 0.00000000000 2.98437500000 0.00625000000 0.69424821376 -2.07189701294
-1.00000000000 0.00000000000 2.98437500000 0.00750000000 0.69448139203 -2.07259290433
-1.00000000000 0.00000000000 2.98437500000 0.00875000000 0.69471890784 -2.07330174057
