-1.00000000000 0.00000000000 2.00000000000 -0.01000000000 0.86409260379 -1.72818520758
-1.00000000000 0.00000000000 2.00000000000 -0.00875000000 0.86436799395 -1.72873598790
-1.00000000000 0.00000000000 2.00000000000 -0.00750000000 0.86464830543 -1.72929661085
-1.00000000000 0.00000000000 2.00000000000 -0.00625000000 0.86493354607 -1.72986709215
-1.00000000000 0.00000000000 2.00000000000 -0.00500000000 0.86522372395 -1.73044744789
-1.00000000000 0.00000000000 2.00000000000 -0.00375000000 0.86551884729 -1.73103769458
-1.00000000000 0.00000000000 2.00000000000 -0.00250000000 0.86581892457 -1.73163784913
-1.00000000000 0.00000000000 2.00000000000 -0.00125000000 0.86612396442 -1.73224792883
-1.00000000000 0.00000000000 2.00000000000 0.00000000000 0.86643397570 -1.73286795140
-1.00000000000 0.00000000000 2.00000000000 0.00125000000 0.86674896747 -1.73349793494
-1.00000000000 0.00000000000 2.00000000000 0.00250000000 0.86706894898 -1.73413789796
-1.00000000000 0.00000000000 2.00000000000 0.00375000000 0.86739392969 -1.73478785938
-1.00000000000 0.00000000000 2.00000000000 0.00500000000 0.86772391927 -1.73544783854
-1.00000000000 0.00000000000 2.00000000000 0.00625000000 0.86805892758 -1.73611785515
-1.00000000000 0.00000000000 2.00000000000 0.00750000000 0.86839896469 -1.73679792937
-1.00000000000 0.00000000000 2.00000000000 0.00875000000 0.86874404087 -1.73748808175
-1.00000000000 0.00000000000 2.01562500000 -0.01000000000 0.86411145947 -1.74172466050
-1.00000000000 0.00000000000 2.01562500000 -0.00875000000 0.86438454924 -1.74227510706
-1.00000000000 0.00000000000 2.01562500000 -0.00750000000 0.86466254434 -1.74283544093
-1.00000000000 0.00000000000 2.01562500000 -0.00625000000 0.86494545254 -1.74340567778
-1.00000000000 0.00000000000 2.01562500000 -0.00500000000 0.86523328181 -1.74398583366
-1.00000000000 0.00000000000 2.01562500000 -0.00375000000 0.86552604031 -1.74457592500
-1.00000000000 0.00000000000 2.01562500000 -0.00250000000 0.86582373638 -1.74517596865
-1.00000000000 0.00000000000 2.01562500000 -0.00125000000 0.86612637860 -1.74578598186
-1.00000000000 0.00000000000 2.01562500000 0.00000000000 0.86643397570 -1.74640598227
-1.00000000000 0.00000000000 2.01562500000 0.00125000000 0.86674653665 -1.74703598794
-1.00000000000 0.00000000000 2.01562500000 0.00250000000 0.86706407061 -1.74767601733
-1.00000000000 0.00000000000 2.01562500000 0.00375000000 0.86738658693 -1.74832608929
-1.00000000000 0.00000000000 2.01562500000 0.00500000000 0.86771409518 -1.74898622309
-1.00000000000 0.00000000000 2.01562500000 0.00625000000 0.86804660511 -1.74965643842
-1.00000000000 0.00000000000 2.01562500000 0.00750000000 0.86838412669 -1.75033675536
-1.00000000000 0.00000000000 2.01562500000 0.00875000000 0.86872667010 -1.75102719441
-1.00000000000 0.00000000000 2.03125000000 -0.01000000000 0.86413002613 -1.75526411558
-1.00000000000 0.00000000000 2.03125000000 -0.00875000000 0.86440085064 -1.75581422787
-1.00000000000 0.00000000000 2.03125000000 -0.00750000000 0.86467656479 -1.75637427224
-1.00000000000 0.00000000000 2.03125000000 -0.00625000000 0.86495717626 -1.75694426427
-1.00000000000 0.00000000000 2.03125000000 -0.00500000000 0.86524269291 -1.75752421997
-1.00000000000 0.00000000000 2.03125000000 -0.00375000000 0.86553312282 -1.75811415572
-1.00000000000 0.00000000000 2.03125000000 -0.00250000000 0.86582847424 -1.75871408830
-1.00000000000 0.00000000000 2.03125000000 -0.00125000000 0.86612875565 -1.75932403491
-1.00000000000 0.00000000000 2.03125000000 0.00000000000 0.86643397570 -1.75994401314
-1.00000000000 0.00000000000 2.03125000000 0.00125000000 0.86674414325 -1.76057404098
-1.00000000000 0.00000000000 2.03125000000 0.00250000000 0.86705926736 -1.76121413683
-1.00000000000 0.00000000000 2.03125000000 0.00375000000 0.86737935730 -1.76186431951
-1.00000000000 0.00000000000 2.03125000000 0.00500000000 0.86770442251 -1.76252460822
-1.00000000000 0.00000000000 2.03125000000 0.00625000000 0.86803447266 -1.76319502259
-1.00000000000 0.00000000000 2.03125000000 0.00750000000 0.86836951761 -1.76387558265
-1.00000000000 0.00000000000 2.03125000000 0.00875000000 0.86870956743 -1.76456630885
-1.00000000000 0.00000000000 2.04687500000 -0.01000000000 0.86414831036 -1.76880357277
-1.00000000000 0.00000000000 2.04687500000 -0.00875000000 0.86441690397 -1.76935335031
-1.00000000000 0.00000000000 2.04687500000 -0.00750000000 0.86469037178 -1.76991310474
-1.00000000000 0.00000000000 2.04687500000 -0.00625000000 0.86496872139 -1.77048285160
-1.00000000000 0.00000000000 2.04687500000 -0.00500000000 0.86525196059 -1.77106260683
-1.00000000000 0.00000000000 2.04687500000 -0.00375000000 0.86554009734 -1.77165238675
-1.00000000000 0.00000000000 2.04687500000 -0.00250000000 0.86583313983 -1.77225220810
-1.00000000000 0.00000000000 2.04687500000 -0.00125000000 0.86613109643 -1.77286208801
-1.00000000000 0.00000000000 2.04687500000 0.00000000000 0.86643397570 -1.77348204401
-1.00000000000 0.00000000000 2.04687500000 0.00125000000 0.86674178641 -1.77411209405
-1.00000000000 0.00000000000 2.04687500000 0.00250000000 0.86705453752 -1.77475225648
-1.00000000000 0.00000000000 2.04687500000 0.00375000000 0.86737223819 -1.77540255004
-1.00000000000 0.00000000000 2.04687500000 0.00500000000 0.86769489778 -1.77606299390
-1.00000000000 0.00000000000 2.04687500000 0.00625000000 0.86802252586 -1.77673360763
-1.00000000000 0.00000000000 2.04687500000 0.00750000000 0.86835513219 -1.77741441120
-1.00000000000 0.00000000000 2.04687500000 0.00875000000 0.86869272672 -1.77810542501
-1.00000000000 0.00000000000 2.06250000000 -0.01000000000 0.86416631856 -1.78234303202
-1.00000000000 0.00000000000 2.06250000000 -0.00875000000 0.86443271482 -1.78289247433
-1.00000000000 0.00000000000 2.06250000000 -0.00750000000 0.86470397014 -1.78345193841
-1.00000000000 0.00000000000 2.06250000000 -0.00625000000 0.86498009200 -1.78402143974
-1.00000000000 0.00000000000 2.06250000000 -0.00500000000 0.86526108810 -1.78460099420
-1.00000000000 0.00000000000 2.06250000000 -0.00375000000 0.86554696634 -1.78519061807
-1.00000000000 0.00000000000 2.06250000000 -0.00250000000 0.86583773480 -1.78579032802
-1.00000000000 0.00000000000 2.06250000000 -0.00125000000 0.86613340176 -1.78640014113
-1.00000000000 0.00000000000 2.06250000000 0.00000000000 0.86643397570 -1.78702007488
-1.00000000000 0.00000000000 2.06250000000 0.00125000000 0.86673946529 -1.78765014716
-1.00000000000 0.00000000000 2.06250000000 0.00250000000 0.86704987940 -1.78829037626
-1.00000000000 0.00000000000 2.06250000000 0.00375000000 0.86736522709 -1.78894078088
-1.00000000000 0.00000000000 2.06250000000 0.00500000000 0.86768551764 -1.78960138013
-1.00000000000 0.00000000000 2.06250000000 0.00625000000 0.86801076050 -1.79027219352
-1.00000000000 0.00000000000 2.06250000000 0.00750000000 0.86834096533 -1.79095324099
-1.00000000000 0.00000000000 2.06250000000 0.00875000000 0.86867614200 -1.79164454287
-1.00000000000 0.00000000000 2.07812500000 -0.01000000000 0.86418405692 -1.79588249329
-1.00000000000 0.00000000000 2.07812500000 -0.00875000000 0.86444828867 -1.79643159989
-1.00000000000 0.00000000000 2.07812500000 -0.00750000000 0.86471736456 -1.79699077322
-1.00000000000 0.00000000000 2.07812500000 -0.00625000000 0.86499129199 -1.79756002868
-1.00000000000 0.00000000000 2.07812500000 -0.00500000000 0.86527007860 -1.79813938209
-1.00000000000 0.00000000000 2.07812500000 -0.00375000000 0.86555373218 -1.79872884968
-1.00000000000 0.00000000000 2.07812500000 -0.00250000000 0.86584226073 -1.79932844807
-1.00000000000 0.00000000000 2.07812500000 -0.00125000000 0.86613567244 -1.79993819429
-1.00000000000 0.00000000000 2.07812500000 0.00000000000 0.86643397570 -1.80055810575
-1.00000000000 0.00000000000 2.07812500000 0.00125000000 0.86673717909 -1.80118820030
-1.00000000000 0.00000000000 2.07812500000 0.00250000000 0.86704529139 -1.80182849617
-1.00000000000 0.00000000000 2.07812500000 0.00375000000 0.86735832157 -1.80247901202
-1.00000000000 0.00000000000 2.07812500000 0.00500000000 0.86767627880 -1.80313976689
-1.00000000000 0.00000000000 2.07812500000 0.00625000000 0.86799917245 -1.80381078025
-1.00000000000 0.00000000000 2.07812500000 0.00750000000 0.86832701208 -1.80449207198
-1.00000000000 0.00000000000 2.07812500000 0.00875000000 0.86865980746 -1.80518366237
-1.00000000000 0.00000000000 2.09375000000 -0.01000000000 0.86420153147 -1.80942195652
-1.00000000000 0.00000000000 2.09375000000 -0.00875000000 0.86446363080 -1.80997072698
-1.00000000000 0.00000000000 2.09375000000 -0.00750000000 0.86473055959 -1.81052960915
-1.00000000000 0.00000000000 2.09375000000 -0.00625000000 0.86500232520 -1.81109861839
-1.00000000000 0.00000000000 2.09375000000 -0.00500000000 0.86527893516 -1.81167777048
-1.00000000000 0.00000000000 2.09375000000 -0.00375000000 0.86556039717 -1.81226708158
-1.00000000000 0.00000000000 2.09375000000 -0.00250000000 0.86584671917 -1.81286656825
-1.00000000000 0.00000000000 2.09375000000 -0.00125000000 0.86613790924 -1.81347624748
-1.00000000000 0.00000000000 2.09375000000 0.00000000000 0.86643397570 -1.81409613662
-1.00000000000 0.00000000000 2.09375000000 0.00125000000 0.86673492703 -1.81472625347
-1.00000000000 0.00000000000 2.09375000000 0.00250000000 0.86704077192 -1.81536661621
-1.00000000000 0.00000000000 2.09375000000 0.00375000000 0.86735151926 -1.81601724344
-1.00000000000 0.00000000000 2.09375000000 0.00500000000 0.86766717811 -1.81667815416
-1.00000000000 0.00000000000 2.09375000000 0.00625000000 0.86798775775 -1.81734936779
-1.00000000000 0.00000000000 2.09375000000 0.00750000000 0.86831326765 -1.81803090415
-1.00000000000 0.00000000000 2.09375000000 0.00875000000 0.86864371748 -1.81872278348
-1.00000000000 0.00000000000 2.10937500000 -0.01000000000 0.86421874805 -1.82296142167
-1.00000000000 0.00000000000 2.10937500000 -0.00875000000 0.86447874633 -1.82350985554
-1.00000000000 0.00000000000 2.10937500000 -0.00750000000 0.86474355967 -1.82406844617
-1.00000000000 0.00000000000 2.10937500000 -0.00625000000 0.86501319532 -1.82463720887
-1.00000000000 0.00000000000 2.10937500000 -0.00500000000 0.86528766073 -1.82521615936
-1.00000000000 0.00000000000 2.10937500000 -0.00375000000 0.86556696356 -1.82580531375
-1.00000000000 0.00000000000 2.10937500000 -0.00250000000 0.86585111161 -1.82640468856
-1.00000000000 0.00000000000 2.10937500000 -0.00125000000 0.86614011292 -1.82701430070
-1.00000000000 0.00000000000 2.10937500000 0.00000000000 0.86643397570 -1.82763416749
-1.00000000000 0.00000000000 2.10937500000 0.00125000000 0.86673270835 -1.82826430667
-1.00000000000 0.00000000000 2.10937500000 0.00250000000 0.86703631947 -1.82890473638
-1.00000000000 0.00000000000 2.10937500000 0.00375000000 0.86734481785 -1.82955547515
-1.00000000000 0.00000000000 2.10937500000 0.00500000000 0.86765821248 -1.83021654195
-1.00000000000 0.00000000000 2.10937500000 0.00625000000 0.86797651254 -1.83088795613
-1.00000000000 0.00000000000 2.10937500000 0.00750000000 0.86829972740 -1.83156973748
-1.00000000000 0.00000000000 2.10937500000 0.00875000000 0.86862786663 -1.83226190618
-1.00000000000 0.00000000000 2.12500000000 -0.01000000000 0.86423571234 -1.83650088871
-1.00000000000 0.00000000000 2.12500000000 -0.00875000000 0.86449364026 -1.83704898555
-1.00000000000 0.00000000000 2.12500000000 -0.00750000000 0.86475636906 -1.83760728426
-1.00000000000 0.00000000000 2.12500000000 -0.00625000000 0.86502390593 -1.83817580010
-1.00000000000 0.00000000000 2.12500000000 -0.00500000000 0.86529625822 -1.83875454872
-1.00000000000 0.00000000000 2.12500000000 -0.00375000000 0.86557343350 -1.83934354620
-1.00000000000 0.00000000000 2.12500000000 -0.00250000000 0.86585543952 -1.83994280898
-1.00000000000 0.00000000000 2.12500000000 -0.00125000000 0.86614228421 -1.84055235395
-1.00000000000 0.00000000000 2.12500000000 0.00000000000 0.86643397570 -1.84117219836
-1.00000000000 0.00000000000 2.12500000000 0.00125000000 0.86673052231 -1.84180235991
-1.00000000000 0.00000000000 2.12500000000 0.00250000000 0.86703193255 -1.84244285667
-1.00000000000 0.00000000000 2.12500000000 0.00375000000 0.86733821513 -1.84309370714
-1.00000000000 0.00000000000 2.12500000000 0.00500000000 0.86764937893 -1.84375493023
-1.00000000000 0.00000000000 2.12500000000 0.00625000000 0.86796543306 -1.84442654525
-1.00000000000 0.00000000000 2.12500000000 0.00750000000 0.86828638679 -1.84510857193
-1.00000000000 0.00000000000 2.12500000000 0.00875000000 0.86861224961 -1.84580103041
-1.00000000000 0.00000000000 2.14062500000 -0.01000000000 0.86425242983 -1.85004035760
-1.00000000000 0.00000000000 2.14062500000 -0.00875000000 0.86450831742 -1.85058811698
-1.00000000000 0.00000000000 2.14062500000 -0.00750000000 0.86476899195 -1.85114612339
-1.00000000000 0.00000000000 2.14062500000 -0.00625000000 0.86503446052 -1.85171439205
-1.00000000000 0.00000000000 2.14062500000 -0.00500000000 0.86530473042 -1.85229293855
-1.00000000000 0.00000000000 2.14062500000 -0.00375000000 0.86557980912 -1.85288177890
-1.00000000000 0.00000000000 2.14062500000 -0.00250000000 0.86585970430 -1.85348092952
-1.00000000000 0.00000000000 2.14062500000 -0.00125000000 0.86614442381 -1.85409040723
-1.00000000000 0.00000000000 2.14062500000 0.00000000000 0.86643397570 -1.85471022923
-1.00000000000 0.00000000000 2.14062500000 0.00125000000 0.86672836820 -1.85534041317
-1.00000000000 0.00000000000 2.14062500000 0.00250000000 0.86702760973 -1.85598097708
-1.00000000000 0.00000000000 2.14062500000 0.00375000000 0.86733170892 -1.85663193940
-1.00000000000 0.00000000000 2.14062500000 0.00500000000 0.86764067457 -1.85729331900
-1.00000000000 0.00000000000 2.14062500000 0.00625000000 0.86795451568 -1.85796513513
-1.00000000000 0.00000000000 2.14062500000 0.00750000000 0.86827324145 -1.85864740749
-1.00000000000 0.00000000000 2.14062500000 0.00875000000 0.86859686127 -1.85934015616
-1.00000000000 0.00000000000 2.15625000000 -0.01000000000 0.86426890587 -1.86357982828
-1.00000000000 0.00000000000 2.15625000000 -0.00875000000 0.86452278251 -1.86412724979
-1.00000000000 0.00000000000 2.15625000000 -0.00750000000 0.86478143237 -1.86468496355
-1.00000000000 0.00000000000 2.15625000000 -0.00625000000 0.86504486248 -1.86525298471
-1.00000000000 0.00000000000 2.15625000000 -0.00500000000 0.86531308004 -1.86583132884
-1.00000000000 0.00000000000 2.15625000000 -0.00375000000 0.86558609246 -1.86642001187
-1.00000000000 0.00000000000 2.15625000000 -0.00250000000 0.86586390733 -1.86701905018
-1.00000000000 0.00000000000 2.15625000000 -0.00125000000 0.86614653242 -1.86762846054
-1.00000000000 0.00000000000 2.15625000000 0.00000000000 0.86643397570 -1.86824826010
-1.00000000000 0.00000000000 2.15625000000 0.00125000000 0.86672624532 -1.86887846646
-1.00000000000 0.00000000000 2.15625000000 0.00250000000 0.86702334961 -1.86951909761
-1.00000000000 0.00000000000 2.15625000000 0.00375000000 0.86732529713 -1.87017017193
-1.00000000000 0.00000000000 2.15625000000 0.00500000000 0.86763209657 -1.87083170824
-1.00000000000 0.00000000000 2.15625000000 0.00625000000 0.86794375687 -1.87150372576
-1.00000000000 0.00000000000 2.15625000000 0.00750000000 0.86826028713 -1.87218624412
-1.00000000000 0.00000000000 2.15625000000 0.00875000000 0.86858169664 -1.87287928338
-1.00000000000 0.00000000000 2.17187500000 -0.01000000000 0.86428514566 -1.87711930073
-1.00000000000 0.00000000000 2.17187500000 -0.00875000000 0.86453704010 -1.87766638396
-1.00000000000 0.00000000000 2.17187500000 -0.00750000000 0.86479369425 -1.87822380471
-1.00000000000 0.00000000000 2.17187500000 -0.00625000000 0.86505511509 -1.87879157808
-1.00000000000 0.00000000000 2.17187500000 -0.00500000000 0.86532130973 -1.87936971957
-1.00000000000 0.00000000000 2.17187500000 -0.00375000000 0.86559228551 -1.87995824509
-1.00000000000 0.00000000000 2.17187500000 -0.00250000000 0.86586804994 -1.88055717095
-1.00000000000 0.00000000000 2.17187500000 -0.00125000000 0.86614861070 -1.88116651387
-1.00000000000 0.00000000000 2.17187500000 0.00000000000 0.86643397570 -1.88178629097
-1.00000000000 0.00000000000 2.17187500000 0.00125000000 0.86672415299 -1.88241651979
-1.00000000000 0.00000000000 2.17187500000 0.00250000000 0.86701915085 -1.88305721825
-1.00000000000 0.00000000000 2.17187500000 0.00375000000 0.86731897771 -1.88370840472
-1.00000000000 0.00000000000 2.17187500000 0.00500000000 0.86762364222 -1.88437009795
-1.00000000000 0.00000000000 2.17187500000 0.00625000000 0.86793315321 -1.88504231712
-1.00000000000 0.00000000000 2.17187500000 0.00750000000 0.86824751968 -1.88572508181
-1.00000000000 0.00000000000 2.17187500000 0.00875000000 0.86856675087 -1.88641841204
-1.00000000000 0.00000000000 2.18750000000 -0.01000000000 0.86430115424 -1.89065877490
-1.00000000000 0.00000000000 2.18750000000 -0.00875000000 0.86455109461 -1.89120551945
-1.00000000000 0.00000000000 2.18750000000 -0.00750000000 0.86480578142 -1.89176264685
-1.00000000000 0.00000000000 2.18750000000 -0.00625000000 0.86506522154 -1.89233017212
-1.00000000000 0.00000000000 2.18750000000 -0.00500000000 0.86532942205 -1.89290811074
-1.00000000000 0.00000000000 2.18750000000 -0.00375000000 0.86559839020 -1.89349647856
-1.00000000000 0.00000000000 2.18750000000 -0.00250000000 0.86587213341 -1.89409529184
-1.00000000000 0.00000000000 2.18750000000 -0.00125000000 0.86615065931 -1.89470456724
-1.00000000000 0.00000000000 2.18750000000 0.00000000000 0.86643397570 -1.89532432184
-1.00000000000 0.00000000000 2.18750000000 0.00125000000 0.86672209058 -1.89595457313
-1.00000000000 0.00000000000 2.18750000000 0.00250000000 0.86701501212 -1.89659533900
-1.00000000000 0.00000000000 2.18750000000 0.00375000000 0.86731274869 -1.89724663776
-1.00000000000 0.00000000000 2.18750000000 0.00500000000 0.86761530885 -1.89790848811
-1.00000000000 0.00000000000 2.18750000000 0.00625000000 0.86792270134 -1.89858090919
-1.00000000000 0.00000000000 2.18750000000 0.00750000000 0.86823493510 -1.89926392054
-1.00000000000 0.00000000000 2.18750000000 0.00875000000 0.86855201925 -1.89995754212
-1.00000000000 0.00000000000 2.20312500000 -0.01000000000 0.86431693651 -1.90419825076
-1.00000000000 0.00000000000 2.20312500000 -0.00875000000 0.86456495035 -1.90474465625
-1.00000000000 0.00000000000 2.20312500000 -0.00750000000 0.86481769756 -1.90530148994
-1.00000000000 0.00000000000 2.20312500000 -0.00625000000 0.86507518495 -1.90586876684
-1.00000000000 0.00000000000 2.20312500000 -0.00500000000 0.86533741951 -1.90644650235
-1.00000000000 0.00000000000 2.20312500000 -0.00375000000 0.86560440841 -1.90703471227
-1.00000000000 0.00000000000 2.20312500000 -0.00250000000 0.86587615901 -1.90763341283
-1.00000000000 0.00000000000 2.20312500000 -0.00125000000 0.86615267887 -1.90824262063
-1.00000000000 0.00000000000 2.20312500000 0.00000000000 0.86643397570 -1.90886235271
-1.00000000000 0.00000000000 2.20312500000 0.00125000000 0.86672005742 -1.90949262651
-1.00000000000 0.00000000000 2.20312500000 0.00250000000 0.86701093214 -1.91013345987
-1.00000000000 0.00000000000 2.20312500000 0.00375000000 0.86730660814 -1.91078487105
-1.00000000000 0.00000000000 2.20312500000 0.00500000000 0.86760709389 -1.91144687872
-1.00000000000 0.00000000000 2.20312500000 0.00625000000 0.86791239805 -1.91211950196
-1.00000000000 0.00000000000 2.20312500000 0.00750000000 0.86822252949 -1.91280276027
-1.00000000000 0.00000000000 2.20312500000 0.00875000000 0.86853749722 -1.91349667357
-1.00000000000 0.00000000000 2.21875000000 -0.01000000000 0.86433249725 -1.91773772827
-1.00000000000 0.00000000000 2.21875000000 -0.00875000000 0.86457861152 -1.91828379431
-1.00000000000 0.00000000000 2.21875000000 -0.00750000000 0.86482944630 -1.91884033397
-1.00000000000 0.00000000000 2.21875000000 -0.00625000000 0.86508500832 -1.91940736221
-1.00000000000 0.00000000000 2.21875000000 -0.00500000000 0.86534530451 -1.91998489437
-1.00000000000 0.00000000000 2.21875000000 -0.00375000000 0.86561034196 -1.92057294622
-1.00000000000 0.00000000000 2.21875000000 -0.00250000000 0.86588012797 -1.92117153392
-1.00000000000 0.00000000000 2.21875000000 -0.00125000000 0.86615466999 -1.92178067405
-1.00000000000 0.00000000000 2.21875000000 0.00000000000 0.86643397570 -1.92240038358
-1.00000000000 0.00000000000 2.21875000000 0.00125000000 0.86671805292 -1.92303067992
-1.00000000000 0.00000000000 2.21875000000 0.00250000000 0.86700690968 -1.92367158084
-1.00000000000 0.00000000000 2.21875000000 0.00375000000 0.86730055418 -1.92432310458
-1.00000000000 0.00000000000 2.21875000000 0.00500000000 0.86759899482 -1.92498526976
-1.00000000000 0.00000000000 2.21875000000 0.00625000000 0.86790224019 -1.92565809542
-1.00000000000 0.00000000000 2.21875000000 0.00750000000 0.86821029904 -1.92634160100
-1.00000000000 0.00000000000 2.21875000000 0.00875000000 0.86852318034 -1.92703580639
-1.00000000000 0.00000000000 2.23437500000 -0.01000000000 0.86434784108 -1.93127720740
-1.00000000000 0.00000000000 2.23437500000 -0.00875000000 0.86459208218 -1.93182293362
-1.00000000000 0.00000000000 2.23437500000 -0.00750000000 0.86484103113 -1.93237917893
-1.00000000000 0.00000000000 2.23437500000 -0.00625000000 0.86509469459 -1.93294595822
-1.00000000000 0.00000000000 2.23437500000 -0.00500000000 0.86535307941 -1.93352328681
-1.00000000000 0.00000000000 2.23437500000 -0.00375000000 0.86561619263 -1.93411118040
-1.00000000000 0.00000000000 2.23437500000 -0.00250000000 0.86588404145 -1.93470965512
-1.00000000000 0.00000000000 2.23437500000 -0.00125000000 0.86615663328 -1.93531872750
-1.00000000000 0.00000000000 2.23437500000 0.00000000000 0.86643397570 -1.93593841445
-1.00000000000 0.00000000000 2.23437500000 0.00125000000 0.86671607646 -1.93656873335
-1.00000000000 0.00000000000 2.23437500000 0.00250000000 0.86700294352 -1.93720970192
-1.00000000000 0.00000000000 2.23437500000 0.00375000000 0.86729458500 -1.93786133836
-1.00000000000 0.00000000000 2.23437500000 0.00500000000 0.86759100922 -1.93852366123
-1.00000000000 0.00000000000 2.23437500000 0.00625000000 0.86789222469 -1.93919668954
-1.00000000000 0.00000000000 2.23437500000 0.00750000000 0.86819824009 -1.93988044269
-1.00000000000 0.00000000000 2.23437500000 0.00875000000 0.86850906429 -1.94057494052
-1.00000000000 0.00000000000 2.25000000000 -0.01000000000 0.86436297250 -1.94481668812
-1.00000000000 0.00000000000 2.25000000000 -0.00875000000 0.86460536629 -1.94536207415
-1.00000000000 0.00000000000 2.25000000000 -0.00750000000 0.86485245546 -1.94591802478
-1.00000000000 0.00000000000 2.25000000000 -0.00625000000 0.86510424660 -1.94648455486
-1.00000000000 0.00000000000 2.25000000000 -0.00500000000 0.86536074651 -1.94706167965
-1.00000000000 0.00000000000 2.25000000000 -0.00375000000 0.86562196214 -1.94764941481
-1.00000000000 0.00000000000 2.25000000000 -0.00250000000 0.86588790063 -1.94824777642
-1.00000000000 0.00000000000 2.25000000000 -0.00125000000 0.86615856932 -1.94885678097
-1.00000000000 0.00000000000 2.25000000000 0.00000000000 0.86643397570 -1.94947644532
-1.00000000000 0.00000000000 2.25000000000 0.00125000000 0.86671412747 -1.95010678680
-1.00000000000 0.00000000000 2.25000000000 0.00250000000 0.86699903249 -1.95074782311
-1.00000000000 0.00000000000 2.25000000000 0.00375000000 0.86728869883 -1.95139957237
-1.00000000000 0.00000000000 2.25000000000 0.00500000000 0.86758313472 -1.95206205312
-1.00000000000 0.00000000000 2.25000000000 0.00625000000 0.86788234859 -1.95273528432
-1.00000000000 0.00000000000 2.25000000000 0.00750000000 0.86818634904 -1.95341928534
-1.00000000000 0.00000000000 2.25000000000 0.00875000000 0.86849514487 -1.95411407596
-1.00000000000 0.00000000000 2.26562500000 -0.01000000000 0.86437789590 -1.95835617039
-1.00000000000 0.00000000000 2.26562500000 -0.00875000000 0.86461846770 -1.95890121587
-1.00000000000 0.00000000000 2.26562500000 -0.00750000000 0.86486372260 -1.95945687151
-1.00000000000 0.00000000000 2.26562500000 -0.00625000000 0.86511366714 -1.96002315211
-1.00000000000 0.00000000000 2.26562500000 -0.00500000000 0.86536830803 -1.96060007288
-1.00000000000 0.00000000000 2.26562500000 -0.00375000000 0.86562765217 -1.96118764944
-1.00000000000 0.00000000000 2.26562500000 -0.00250000000 0.86589170663 -1.96178589783
-1.00000000000 0.00000000000 2.26562500000 -0.00125000000 0.86616047866 -1.96239483446
-1.00000000000 0.00000000000 2.26562500000 0.00000000000 0.86643397570 -1.96301447620
-1.00000000000 0.00000000000 2.26562500000 0.00125000000 0.86671220537 -1.96364484028
-1.00000000000 0.00000000000 2.26562500000 0.00250000000 0.86699517546 -1.96428594439
-1.00000000000 0.00000000000 2.26562500000 0.00375000000 0.86728289395 -1.96493780661
-1.00000000000 0.00000000000 2.26562500000 0.00500000000 0.86757536901 -1.96560044542
-1.00000000000 0.00000000000 2.26562500000 0.00625000000 0.86787260899 -1.96627387974
-1.00000000000 0.00000000000 2.26562500000 0.00750000000 0.86817462242 -1.96695812891
-1.00000000000 0.00000000000 2.26562500000 0.00875000000 0.86848141800 -1.96765321266
-1.00000000000 0.00000000000 2.28125000000 -0.01000000000 0.86439261553 -1.97189565418
-1.00000000000 0.00000000000 2.28125000000 -0.00875000000 0.86463139014 -1.97244035876
-1.00000000000 0.00000000000 2.28125000000 -0.00750000000 0.86487483577 -1.97299571910
-1.00000000000 0.00000000000 2.28125000000 -0.00625000000 0.86512295889 -1.97356174996
-1.00000000000 0.00000000000 2.28125000000 -0.00500000000 0.86537576614 -1.97413846650
-1.00000000000 0.00000000000 2.28125000000 -0.00375000000 0.86563326435 -1.97472588429
-1.00000000000 0.00000000000 2.28125000000 -0.00250000000 0.86589546053 -1.97532401933
-1.00000000000 0.00000000000 2.28125000000 -0.00125000000 0.86616236186 -1.97593288798
-1.00000000000 0.00000000000 2.28125000000 0.00000000000 0.86643397570 -1.97655250707
-1.00000000000 0.00000000000 2.28125000000 0.00125000000 0.86671030961 -1.97718289379
-1.00000000000 0.00000000000 2.28125000000 0.00250000000 0.86699137130 -1.97782406578
-1.00000000000 0.00000000000 2.28125000000 0.00375000000 0.86727716869 -1.97847604107
-1.00000000000 0.00000000000 2.28125000000 0.00500000000 0.86756770986 -1.97913883812
-1.00000000000 0.00000000000 2.28125000000 0.00625000000 0.86786300309 -1.97981247580
-1.00000000000 0.00000000000 2.28125000000 0.00750000000 0.86816305683 -1.98049697339
-1.00000000000 0.00000000000 2.28125000000 0.00875000000 0.86846787972 -1.98119235061
-1.00000000000 0.00000000000 2.29687500000 -0.01000000000 0.86440713555 -1.98543513946
-1.00000000000 0.00000000000 2.29687500000 -0.00875000000 0.86464413727 -1.98597950280
-1.00000000000 0.00000000000 2.29687500000 -0.00750000000 0.86488579811 -1.98653456754
-1.00000000000 0.00000000000 2.29687500000 -0.00625000000 0.86513212447 -1.98710034840
-1.00000000000 0.00000000000 2.29687500000 -0.00500000000 0.86538312294 -1.98767686050
-1.00000000000 0.00000000000 2.29687500000 -0.00375000000 0.86563880027 -1.98826411936
-1.00000000000 0.00000000000 2.29687500000 -0.00250000000 0.86589916339 -1.98886214092
-1.00000000000 0.00000000000 2.29687500000 -0.00125000000 0.86616421944 -1.98947094153
-1.00000000000 0.00000000000 2.29687500000 0.00000000000 0.86643397570 -1.99009053794
-1.00000000000 0.00000000000 2.29687500000 0.00125000000 0.86670843965 -1.99072094732
-1.00000000000 0.00000000000 2.29687500000 0.00250000000 0.86698761894 -1.99136218726
-1.00000000000 0.00000000000 2.29687500000 0.00375000000 0.86727152141 -1.99201427575
-1.00000000000 0.00000000000 2.29687500000 0.00500000000 0.86756015508 -1.99267723121
-1.00000000000 0.00000000000 2.29687500000 0.00625000000 0.86785352815 -1.99335107246
-1.00000000000 0.00000000000 2.29687500000 0.00750000000 0.86815164899 -1.99403581876
-1.00000000000 0.00000000000 2.29687500000 0.00875000000 0.86845452616 -1.99473148977
-1.00000000000 0.00000000000 2.31250000000 -0.01000000000 0.86442145998 -1.99897462620
-1.00000000000 0.00000000000 2.31250000000 -0.00875000000 0.86465671263 -1.99951864796
-1.00000000000 0.00000000000 2.31250000000 -0.00750000000 0.86489661267 -2.00007341681
-1.00000000000 0.00000000000 2.31250000000 -0.00625000000 0.86514116645 -2.00063894742
-1.00000000000 0.00000000000 2.31250000000 -0.00500000000 0.86539038048 -2.00121525487
-1.00000000000 0.00000000000 2.31250000000 -0.00375000000 0.86564426146 -2.00180235463
-1.00000000000 0.00000000000 2.31250000000 -0.00250000000 0.86590281626 -2.00240026261
-1.00000000000 0.00000000000 2.31250000000 -0.00125000000 0.86616605193 -2.00300899509
-1.00000000000 0.00000000000 2.31250000000 0.00000000000 0.86643397570 -2.00362856881
-1.00000000000 0.00000000000 2.31250000000 0.00125000000 0.86670659497 -2.00425900087
-1.00000000000 0.00000000000 2.31250000000 0.00250000000 0.86698391733 -2.00490030883
-1.00000000000 0.00000000000 2.31250000000 0.00375000000 0.86726595055 -2.00555251065
-1.00000000000 0.00000000000 2.31250000000 0.00500000000 0.86755270257 -2.00621562468
-1.00000000000 0.00000000000 2.31250000000 0.00625000000 0.86784418151 -2.00688966974
-1.00000000000 0.00000000000 2.31250000000 0.00750000000 0.86814039568 -2.00757466501
-1.00000000000 0.00000000000 2.31250000000 0.00875000000 0.86844135357 -2.00827063013
-1.00000000000 0.00000000000 2.32812500000 -0.01000000000 0.86443559275 -2.01251411437
-1.00000000000 0.00000000000 2.32812500000 -0.00875000000 0.86466911966 -2.01305779422
-1.00000000000 0.00000000000 2.32812500000 -0.00750000000 0.86490728242 -2.01361226689
-1.00000000000 0.00000000000 2.32812500000 -0.00625000000 0.86515008731 -2.01417754701
-1.00000000000 0.00000000000 2.32812500000 -0.00500000000 0.86539754077 -2.01475364960
-1.00000000000 0.00000000000 2.32812500000 -0.00375000000 0.86564964945 -2.01534059011
-1.00000000000 0.00000000000 2.32812500000 -0.00250000000 0.86590642014 -2.01593838439
-1.00000000000 0.00000000000 2.32812500000 -0.00125000000 0.86616785984 -2.01654704868
-1.00000000000 0.00000000000 2.32812500000 0.00000000000 0.86643397570 -2.01716659968
-1.00000000000 0.00000000000 2.32812500000 0.00125000000 0.86670477507 -2.01779705445
-1.00000000000 0.00000000000 2.32812500000 0.00250000000 0.86698026545 -2.01843843050
-1.00000000000 0.00000000000 2.32812500000 0.00375000000 0.86726045455 -2.01909074575
-1.00000000000 0.00000000000 2.32812500000 0.00500000000 0.86754535024 -2.01975401854
-1.00000000000 0.00000000000 2.32812500000 0.00625000000 0.86783496058 -2.02042826760
-1.00000000000 0.00000000000 2.32812500000 0.00750000000 0.86812929379 -2.02111351211
-1.00000000000 0.00000000000 2.32812500000 0.00875000000 0.86842835830 -2.02180977166
-1.00000000000 0.00000000000 2.34375000000 -0.01000000000 0.86444953768 -2.02605360394
-1.00000000000 0.00000000000 2.34375000000 -0.00875000000 0.86468136173 -2.02659694155
-1.00000000000 0.00000000000 2.34375000000 -0.00750000000 0.86491781025 -2.02715111776
-1.00000000000 0.00000000000 2.34375000000 -0.00625000000 0.86515888945 -2.02771614715
-1.00000000000 0.00000000000 2.34375000000 -0.00500000000 0.86540460574 -2.02829204469
-1.00000000000 0.00000000000 2.34375000000 -0.00375000000 0.86565496567 -2.02887882580
-1.00000000000 0.00000000000 2.34375000000 -0.00250000000 0.86590997600 -2.02947650626
-1.00000000000 0.00000000000 2.34375000000 -0.00125000000 0.86616964365 -2.03008510230
-1.00000000000 0.00000000000 2.34375000000 0.00000000000 0.86643397570 -2.03070463055
-1.00000000000 0.00000000000 2.34375000000 0.00125000000 0.86670297943 -2.03133510805
-1.00000000000 0.00000000000 2.34375000000 0.00250000000 0.86697666230 -2.03197655226
-1.00000000000 0.00000000000 2.34375000000 0.00375000000 0.86725503192 -2.03262898107
-1.00000000000 0.00000000000 2.34375000000 0.00500000000 0.86753809611 -2.03329241276
-1.00000000000 0.00000000000 2.34375000000 0.00625000000 0.86782586284 -2.03396686604
-1.00000000000 0.00000000000 2.34375000000 0.00750000000 0.86811834029 -2.03465236005
-1.00000000000 0.00000000000 2.34375000000 0.00875000000 0.86841553679 -2.03534891434
-1.00000000000 0.00000000000 2.35937500000 -0.01000000000 0.86446329849 -2.03959309488
-1.00000000000 0.00000000000 2.35937500000 -0.00875000000 0.86469344210 -2.04013608994
-1.00000000000 0.00000000000 2.35937500000 -0.00750000000 0.86492819896 -2.04068996942
-1.00000000000 0.00000000000 2.35937500000 -0.00625000000 0.86516757524 -2.04125474783
-1.00000000000 0.00000000000 2.35937500000 -0.00500000000 0.86541157728 -2.04183044014
-1.00000000000 0.00000000000 2.35937500000 -0.00375000000 0.86566021157 -2.04241706168
-1.00000000000 0.00000000000 2.35937500000 -0.00250000000 0.86591348481 -2.04301462822
-1.00000000000 0.00000000000 2.35937500000 -0.00125000000 0.86617140384 -2.04362315593
-1.00000000000 0.00000000000 2.35937500000 0.00000000000 0.86643397570 -2.04424266142
-1.00000000000 0.00000000000 2.35937500000 0.00125000000 0.86670120760 -2.04487316167
-1.00000000000 0.00000000000 2.35937500000 0.00250000000 0.86697310691 -2.04551467412
-1.00000000000 0.00000000000 2.35937500000 0.00375000000 0.86724968120 -2.04616721659
-1.00000000000 0.00000000000 2.35937500000 0.00500000000 0.86753093821 -2.04683080734
-1.00000000000 0.00000000000 2.35937500000 0.00625000000 0.86781688585 -2.04750546505
-1.00000000000 0.00000000000 2.35937500000 0.00750000000 0.86810753221 -2.04819120881
-1.00000000000 0.00000000000 2.35937500000 0.00875000000 0.86840288557 -2.04888805814
-1.00000000000 0.00000000000 2.37500000000 -0.01000000000 0.86447687881 -2.05313258717
-1.00000000000 0.00000000000 2.37500000000 -0.00875000000 0.86470536395 -2.05367523937
-1.00000000000 0.00000000000 2.37500000000 -0.00750000000 0.86493845130 -2.05422882183
-1.00000000000 0.00000000000 2.37500000000 -0.00625000000 0.86517614697 -2.05479334905
-1.00000000000 0.00000000000 2.37500000000 -0.00500000000 0.86541845723 -2.05536883592
-1.00000000000 0.00000000000 2.37500000000 -0.00375000000 0.86566538853 -2.05595529775
-1.00000000000 0.00000000000 2.37500000000 -0.00250000000 0.86591694748 -2.05655275026
-1.00000000000 0.00000000000 2.37500000000 -0.00125000000 0.86617314088 -2.05716120959
-1.00000000000 0.00000000000 2.37500000000 0.00000000000 0.86643397570 -2.05778069229
-1.00000000000 0.00000000000 2.37500000000 0.00125000000 0.86669945908 -2.05841121531
-1.00000000000 0.00000000000 2.37500000000 0.00250000000 0.86696959834 -2.05905279605
-1.00000000000 0.00000000000 2.37500000000 0.00375000000 0.86724440097 -2.05970545230
-1.00000000000 0.00000000000 2.37500000000 0.00500000000 0.86752387464 -2.06036920228
-1.00000000000 0.00000000000 2.37500000000 0.00625000000 0.86780802721 -2.06104406462
-1.00000000000 0.00000000000 2.37500000000 0.00750000000 0.86809686669 -2.06173005838
-1.00000000000 0.00000000000 2.37500000000 0.00875000000 0.86839040128 -2.06242720304
-1.00000000000 0.00000000000 2.39062500000 -0.01000000000 0.86449028216 -2.06667208078
-1.00000000000 0.00000000000 2.39062500000 -0.00875000000 0.86471713038 -2.06721438981
-1.00000000000 0.00000000000 2.39062500000 -0.00750000000 0.86494856993 -2.06776767500
-1.00000000000 0.00000000000 2.39062500000 -0.00625000000 0.86518460687 -2.06833195079
-1.00000000000 0.00000000000 2.39062500000 -0.00500000000 0.86542524739 -2.06890723204
-1.00000000000 0.00000000000 2.39062500000 -0.00375000000 0.86567049789 -2.06949353401
-1.00000000000 0.00000000000 2.39062500000 -0.00250000000 0.86592036492 -2.07009087239
-1.00000000000 0.00000000000 2.39062500000 -0.00125000000 0.86617485522 -2.07069926327
-1.00000000000 0.00000000000 2.39062500000 0.00000000000 0.86643397570 -2.07131872316
-1.00000000000 0.00000000000 2.39062500000 0.00125000000 0.86669773343 -2.07194926898
-1.00000000000 0.00000000000 2.39062500000 0.00250000000 0.86696613567 -2.07259091808
-1.00000000000 0.00000000000 2.39062500000 0.00375000000 0.86723918984 -2.07324368821
-1.00000000000 0.00000000000 2.39062500000 0.00500000000 0.86751690356 -2.07390759757
-1.00000000000 0.00000000000 2.39062500000 0.00625000000 0.86779928459 -2.07458266473
-1.00000000000 0.00000000000 2.39062500000 0.00750000000 0.86808634091 -2.07526890874
-1.00000000000 0.00000000000 2.39062500000 0.00875000000 0.86837808064 -2.07596634902
-1.00000000000 0.00000000000 2.40625000000 -0.01000000000 0.86450351198 -2.08021157569
-1.00000000000 0.00000000000 2.40625000000 -0.00875000000 0.86472874442 -2.08075354125
-1.00000000000 0.00000000000 2.40625000000 -0.00750000000 0.86495855747 -2.08130652890
-1.00000000000 0.00000000000 2.40625000000 -0.00625000000 0.86519295711 -2.08187055304
-1.00000000000 0.00000000000 2.40625000000 -0.00500000000 0.86543194950 -2.08244562848
-1.00000000000 0.00000000000 2.40625000000 -0.00375000000 0.86567554097 -2.08303177046
-1.00000000000 0.00000000000 2.40625000000 -0.00250000000 0.86592373802 -2.08362899460
-1.00000000000 0.00000000000 2.40625000000 -0.00125000000 0.86617654731 -2.08423731697
-1.00000000000 0.00000000000 2.40625000000 0.00000000000 0.86643397570 -2.08485675403
-1.00000000000 0.00000000000 2.40625000000 0.00125000000 0.86669603020 -2.08548732267
-1.00000000000 0.00000000000 2.40625000000 0.00250000000 0.86696271800 -2.08612904019
-1.00000000000 0.00000000000 2.40625000000 0.00375000000 0.86723404647 -2.08678192432
-1.00000000000 0.00000000000 2.40625000000 0.00500000000 0.86751002315 -2.08744599319
-1.00000000000 0.00000000000 2.40625000000 0.00625000000 0.86779065574 -2.08812126538
-1.00000000000 0.00000000000 2.40625000000 0.00750000000 0.86807595215 -2.08880775987
-1.00000000000 0.00000000000 2.40625000000 0.00875000000 0.86836592044 -2.08950549606
-1.00000000000 0.00000000000 2.42187500000 -0.01000000000 0.86451657161 -2.09375107187
-1.00000000000 0.00000000000 2.42187500000 -0.00875000000 0.86474020900 -2.09429269367
-1.00000000000 0.00000000000 2.42187500000 -0.00750000000 0.86496841642 -2.09484538352
-1.00000000000 0.00000000000 2.42187500000 -0.00625000000 0.86520119981 -2.09540915579
-1.00000000000 0.00000000000 2.42187500000 -0.00500000000 0.86543856527 -2.09598402526
-1.00000000000 0.00000000000 2.42187500000 -0.00375000000 0.86568051906 -2.09657000709
-1.00000000000 0.00000000000 2.42187500000 -0.00250000000 0.86592706762 -2.09716711690
-1.00000000000 0.00000000000 2.42187500000 -0.00125000000 0.86617821757 -2.09777537069
-1.00000000000 0.00000000000 2.42187500000 0.00000000000 0.86643397570 -2.09839478490
-1.00000000000 0.00000000000 2.42187500000 0.00125000000 0.86669434895 -2.09902537637
-1.00000000000 0.00000000000 2.42187500000 0.00250000000 0.86695934447 -2.09966716238
-1.00000000000 0.00000000000 2.42187500000 0.00375000000 0.86722896954 -2.10032016061
-1.00000000000 0.00000000000 2.42187500000 0.00500000000 0.86750323165 -2.10098438915
-1.00000000000 0.00000000000 2.42187500000 0.00625000000 0.86778213845 -2.10165986656
-1.00000000000 0.00000000000 2.42187500000 0.00750000000 0.86806569776 -2.10234661176
-1.00000000000 0.00000000000 2.42187500000 0.00875000000 0.86835391758 -2.10304464414
-1.00000000000 0.00000000000 2.43750000000 -0.01000000000 0.86452946432 -2.10729056929
-1.00000000000 0.00000000000 2.43750000000 -0.00875000000 0.86475152699 -2.10783184704
-1.00000000000 0.00000000000 2.43750000000 -0.00750000000 0.86497814927 -2.10838423885
-1.00000000000 0.00000000000 2.43750000000 -0.00625000000 0.86520933704 -2.10894775904
-1.00000000000 0.00000000000 2.43750000000 -0.00500000000 0.86544509635 -2.10952242234
-1.00000000000 0.00000000000 2.43750000000 -0.00375000000 0.86568543339 -2.11010824390
-1.00000000000 0.00000000000 2.43750000000 -0.00250000000 0.86593035457 -2.11070523927
-1.00000000000 0.00000000000 2.43750000000 -0.00125000000 0.86617986643 -2.11131342443
-1.00000000000 0.00000000000 2.43750000000 0.00000000000 0.86643397570 -2.11193281577
-1.00000000000 0.00000000000 2.43750000000 0.00125000000 0.86669268927 -2.11256343010
-1.00000000000 0.00000000000 2.43750000000 0.00250000000 0.86695601422 -2.11320528465
-1.00000000000 0.00000000000 2.43750000000 0.00375000000 0.86722395778 -2.11385839708
-1.00000000000 0.00000000000 2.43750000000 0.00500000000 0.86749652736 -2.11452278544
-1.00000000000 0.00000000000 2.43750000000 0.00625000000 0.86777373056 -2.11519846824
-1.00000000000 0.00000000000 2.43750000000 0.00750000000 0.86805557514 -2.11588546439
-1.00000000000 0.00000000000 2.43750000000 0.00875000000 0.86834206902 -2.11658379323
-1.00000000000 0.00000000000 2.45312500000 -0.01000000000 0.86454219330 -2.12083006793
-1.00000000000 0.00000000000 2.45312500000 -0.00875000000 0.86476270119 -2.12137100135
-1.00000000000 0.00000000000 2.45312500000 -0.00750000000 0.86498775842 -2.12192309487
-1.00000000000 0.00000000000 2.45312500000 -0.00625000000 0.86521737081 -2.12248636277
-1.00000000000 0.00000000000 2.45312500000 -0.00500000000 0.86545154435 -2.12306081974
-1.00000000000 0.00000000000 2.45312500000 -0.00375000000 0.86569028520 -2.12364648088
-1.00000000000 0.00000000000 2.45312500000 -0.00250000000 0.86593359968 -2.12424336172
-1.00000000000 0.00000000000 2.45312500000 -0.00125000000 0.86618149429 -2.12485147819
-1.00000000000 0.00000000000 2.45312500000 0.00000000000 0.86643397570 -2.12547084664
-1.00000000000 0.00000000000 2.45312500000 0.00125000000 0.86669105074 -2.12610148385
-1.00000000000 0.00000000000 2.45312500000 0.00250000000 0.86695272642 -2.12674340701
-1.00000000000 0.00000000000 2.45312500000 0.00375000000 0.86721900993 -2.12739663373
-1.00000000000 0.00000000000 2.45312500000 0.00500000000 0.86748990861 -2.12806118206
-1.00000000000 0.00000000000 2.45312500000 0.00625000000 0.86776542999 -2.12873707044
-1.00000000000 0.00000000000 2.45312500000 0.00750000000 0.86804558176 -2.12942431776
-1.00000000000 0.00000000000 2.45312500000 0.00875000000 0.86833037180 -2.13012294333
-1.00000000000 0.00000000000 2.46875000000 -0.01000000000 0.86455476163 -2.13436956777
-1.00000000000 0.00000000000 2.46875000000 -0.00875000000 0.86477373431 -2.13491015658
-1.00000000000 0.00000000000 2.46875000000 -0.00750000000 0.86499724621 -2.13546195157
-1.00000000000 0.00000000000 2.46875000000 -0.00625000000 0.86522530308 -2.13602496698
-1.00000000000 0.00000000000 2.46875000000 -0.00500000000 0.86545791086 -2.13659921744
-1.00000000000 0.00000000000 2.46875000000 -0.00375000000 0.86569507566 -2.13718471804
-1.00000000000 0.00000000000 2.46875000000 -0.00250000000 0.86593680375 -2.13778148425
-1.00000000000 0.00000000000 2.46875000000 -0.00125000000 0.86618310156 -2.13838953197
-1.00000000000 0.00000000000 2.46875000000 0.00000000000 0.86643397570 -2.13900887751
-1.00000000000 0.00000000000 2.46875000000 0.00125000000 0.86668943296 -2.13963953761
-1.00000000000 0.00000000000 2.46875000000 0.00250000000 0.86694948028 -2.14028152944
-1.00000000000 0.00000000000 2.46875000000 0.00375000000 0.86721412478 -2.14093487056
-1.00000000000 0.00000000000 2.46875000000 0.00500000000 0.86748337376 -2.14159957898
-1.00000000000 0.00000000000 2.46875000000 0.00625000000 0.86775723468 -2.14227567313
-1.00000000000 0.00000000000 2.46875000000 0.00750000000 0.86803571518 -2.14296317184
-1.00000000000 0.00000000000 2.46875000000 0.00875000000 0.86831882305 -2.14366209440
-1.00000000000 0.00000000000 2.48437500000 -0.01000000000 0.86456717234 -2.14790906879
-1.00000000000 0.00000000000 2.48437500000 -0.00875000000 0.86478462902 -2.14844931272
-1.00000000000 0.00000000000 2.48437500000 -0.00750000000 0.86500661492 -2.14900080894
-1.00000000000 0.00000000000 2.48437500000 -0.00625000000 0.86523313576 -2.14956357165
-1.00000000000 0.00000000000 2.48437500000 -0.00500000000 0.86546419741 -2.15013761545
-1.00000000000 0.00000000000 2.48437500000 -0.00375000000 0.86569980593 -2.15072295537
-1.00000000000 0.00000000000 2.48437500000 -0.00250000000 0.86593996754 -2.15131960685
-1.00000000000 0.00000000000 2.48437500000 -0.00125000000 0.86618468861 -2.15192758576
-1.00000000000 0.00000000000 2.48437500000 0.00000000000 0.86643397570 -2.15254690838
-1.00000000000 0.00000000000 2.48437500000 0.00125000000 0.86668783553 -2.15317759140
-1.00000000000 0.00000000000 2.48437500000 0.00250000000 0.86694627500 -2.15381965195
-1.00000000000 0.00000000000 2.48437500000 0.00375000000 0.86720930116 -2.15447310756
-1.00000000000 0.00000000000 2.48437500000 0.00500000000 0.86747692125 -2.15513797622
-1.00000000000 0.00000000000 2.48437500000 0.00625000000 0.86774914266 -2.15581427630
-1.00000000000 0.00000000000 2.48437500000 0.00750000000 0.86802597298 -2.15650202662
-1.00000000000 0.00000000000 2.48437500000 0.00875000000 0.86830741995 -2.15720124643
-1.00000000000 0.00000000000 2.50000000000 -0.01000000000 0.86457942838 -2.16144857096
-1.00000000000 0.00000000000 2.50000000000 -0.00875000000 0.86479538790 -2.16198846975
-1.00000000000 0.00000000000 2.50000000000 -0.00750000000 0.86501586679 -2.16253966696
-1.00000000000 0.00000000000 2.50000000000 -0.00625000000 0.86524087071 -2.16310217677
-1.00000000000 0.00000000000 2.50000000000 -0.00500000000 0.86547040550 -2.16367601374
-1.00000000000 0.00000000000 2.50000000000 -0.00375000000 0.86570447714 -2.16426119286
-1.00000000000 0.00000000000 2.50000000000 -0.00250000000 0.86594309181 -2.16485772953
-1.00000000000 0.00000000000 2.50000000000 -0.00125000000 0.86618625583 -2.16546563958
-1.00000000000 0.00000000000 2.50000000000 0.00000000000 0.86643397570 -2.16608493925
-1.00000000000 0.00000000000 2.50000000000 0.00125000000 0.86668625808 -2.16671564520
-1.00000000000 0.00000000000 2.50000000000 0.00250000000 0.86694310981 -2.16735777453
-1.00000000000 0.00000000000 2.50000000000 0.00375000000 0.86720453790 -2.16801134474
-1.00000000000 0.00000000000 2.50000000000 0.00500000000 0.86747054950 -2.16867637376
-1.00000000000 0.00000000000 2.50000000000 0.00625000000 0.86774115198 -2.16935287995
-1.00000000000 0.00000000000 2.50000000000 0.00750000000 0.86801635284 -2.17004088210
-1.00000000000 0.00000000000 2.50000000000 0.00875000000 0.86829615976 -2.17074039941
-1.00000000000 0.00000000000 2.51562500000 -0.01000000000 0.86459153263 -2.17498807427
-1.00000000000 0.00000000000 2.51562500000 -0.00875000000 0.86480601347 -2.17552762764
-1.00000000000 0.00000000000 2.51562500000 -0.00750000000 0.86502500398 -2.17607852563
-1.00000000000 0.00000000000 2.51562500000 -0.00625000000 0.86524850975 -2.17664078235
-1.00000000000 0.00000000000 2.51562500000 -0.00500000000 0.86547653658 -2.17721441232
-1.00000000000 0.00000000000 2.51562500000 -0.00375000000 0.86570909039 -2.17779943051
-1.00000000000 0.00000000000 2.51562500000 -0.00250000000 0.86594617730 -2.17839585228
-1.00000000000 0.00000000000 2.51562500000 -0.00125000000 0.86618780359 -2.17900369341
-1.00000000000 0.00000000000 2.51562500000 0.00000000000 0.86643397570 -2.17962297012
-1.00000000000 0.00000000000 2.51562500000 0.00125000000 0.86668470023 -2.18025369903
-1.00000000000 0.00000000000 2.51562500000 0.00250000000 0.86693998398 -2.18089589719
-1.00000000000 0.00000000000 2.51562500000 0.00375000000 0.86719983387 -2.18154958208
-1.00000000000 0.00000000000 2.51562500000 0.00500000000 0.86746425703 -2.18221477160
-1.00000000000 0.00000000000 2.51562500000 0.00625000000 0.86773326075 -2.18289148407
-1.00000000000 0.00000000000 2.51562500000 0.00750000000 0.86800685247 -2.18357973825
-1.00000000000 0.00000000000 2.51562500000 0.00875000000 0.86828503983 -2.18427955331
-1.00000000000 0.00000000000 2.53125000000 -0.01000000000 0.86460348787 -2.18852757868
-1.00000000000 0.00000000000 2.53125000000 -0.00875000000 0.86481650820 -2.18906678639
-1.00000000000 0.00000000000 2.53125000000 -0.00750000000 0.86503402861 -2.18961738493
-1.00000000000 0.00000000000 2.53125000000 -0.00625000000 0.86525605466 -2.19017938836
-1.00000000000 0.00000000000 2.53125000000 -0.00500000000 0.86548259208 -2.19075281119
-1.00000000000 0.00000000000 2.53125000000 -0.00375000000 0.86571364675 -2.19133766833
-1.00000000000 0.00000000000 2.53125000000 -0.00250000000 0.86594922473 -2.19193397510
-1.00000000000 0.00000000000 2.53125000000 -0.00125000000 0.86618933225 -2.19254174727
-1.00000000000 0.00000000000 2.53125000000 0.00000000000 0.86643397570 -2.19316100099
-1.00000000000 0.00000000000 2.53125000000 0.00125000000 0.86668316163 -2.19379175287
-1.00000000000 0.00000000000 2.53125000000 0.00250000000 0.86693689676 -2.19443401992
-1.00000000000 0.00000000000 2.53125000000 0.00375000000 0.86719518798 -2.19508781958
-1.00000000000 0.00000000000 2.53125000000 0.00500000000 0.86745804236 -2.19575316973
-1.00000000000 0.00000000000 2.53125000000 0.00625000000 0.86772546712 -2.19643008865
-1.00000000000 0.00000000000 2.53125000000 0.00750000000 0.86799746965 -2.19711859506
-1.00000000000 0.00000000000 2.53125000000 0.00875000000 0.86827405753 -2.19781870812
-1.00000000000 0.00000000000 2.54687500000 -0.01000000000 0.86461529686 -2.20206708419
-1.00000000000 0.00000000000 2.54687500000 -0.00875000000 0.86482687450 -2.20260594598
-1.00000000000 0.00000000000 2.54687500000 -0.00750000000 0.86504294276 -2.20315624484
-1.00000000000 0.00000000000 2.54687500000 -0.00625000000 0.86526350716 -2.20371799481
-1.00000000000 0.00000000000 2.54687500000 -0.00500000000 0.86548857338 -2.20429121033
-1.00000000000 0.00000000000 2.54687500000 -0.00375000000 0.86571814726 -2.20487590630
-1.00000000000 0.00000000000 2.54687500000 -0.00250000000 0.86595223480 -2.20547209800
-1.00000000000 0.00000000000 2.54687500000 -0.00125000000 0.86619084216 -2.20607980114
-1.00000000000 0.00000000000 2.54687500000 0.00000000000 0.86643397570 -2.20669903186
-1.00000000000 0.00000000000 2.54687500000 0.00125000000 0.86668164191 -2.20732980673
-1.00000000000 0.00000000000 2.54687500000 0.00250000000 0.86693384745 -2.20797214272
-1.00000000000 0.00000000000 2.54687500000 0.00375000000 0.86719059916 -2.20862605725
-1.00000000000 0.00000000000 2.54687500000 0.00500000000 0.86745190406 -2.20929156815
-1.00000000000 0.00000000000 2.54687500000 0.00625000000 0.86771776930 -2.20996869368
-1.00000000000 0.00000000000 2.54687500000 0.00750000000 0.86798820222 -2.21065745253
-1.00000000000 0.00000000000 2.54687500000 0.00875000000 0.86826321033 -2.21135786382
-1.00000000000 0.00000000000 2.56250000000 -0.01000000000 0.86462696225 -2.21560659077
-1.00000000000 0.00000000000 2.56250000000 -0.00875000000 0.86483711469 -2.21614510639
-1.00000000000 0.00000000000 2.56250000000 -0.00750000000 0.86505174843 -2.21669510536
-1.00000000000 0.00000000000 2.56250000000 -0.00625000000 0.86527086895 -2.21725660168
-1.00000000000 0.00000000000 2.56250000000 -0.00500000000 0.86549448185 -2.21782960975
-1.00000000000 0.00000000000 2.56250000000 -0.00375000000 0.86572259295 -2.21841414442
-1.00000000000 0.00000000000 2.56250000000 -0.00250000000 0.86595520818 -2.21901022096
-1.00000000000 0.00000000000 2.56250000000 -0.00125000000 0.86619233367 -2.21961785502
-1.00000000000 0.00000000000 2.56250000000 0.00000000000 0.86643397570 -2.22023706273
-1.00000000000 0.00000000000 2.56250000000 0.00125000000 0.86668014072 -2.22086786060
-1.00000000000 0.00000000000 2.56250000000 0.00250000000 0.86693083535 -2.22151026559
-1.00000000000 0.00000000000 2.56250000000 0.00375000000 0.86718606637 -2.22216429507
-1.00000000000 0.00000000000 2.56250000000 0.00500000000 0.86744584072 -2.22282996685
-1.00000000000 0.00000000000 2.56250000000 0.00625000000 0.86771016552 -2.22350729915
-1.00000000000 0.00000000000 2.56250000000 0.00750000000 0.86797904805 -2.22419631064
-1.00000000000 0.00000000000 2.56250000000 0.00875000000 0.86825249576 -2.22489702040
-1.00000000000 0.00000000000 2.57812500000 -0.01000000000 0.86463848665 -2.22914609840
-1.00000000000 0.00000000000 2.57812500000 -0.00875000000 0.86484723107 -2.22968426761
-1.00000000000 0.00000000000 2.57812500000 -0.00750000000 0.86506044761 -2.23023396648
-1.00000000000 0.00000000000 2.57812500000 -0.00625000000 0.86527814166 -2.23079520896
-1.00000000000 0.00000000000 2.57812500000 -0.00500000000 0.86550031881 -2.23136800943
-1.00000000000 0.00000000000 2.57812500000 -0.00375000000 0.86572698481 -2.23195238270
-1.00000000000 0.00000000000 2.57812500000 -0.00250000000 0.86595814555 -2.23254834398
-1.00000000000 0.00000000000 2.57812500000 -0.00125000000 0.86619380710 -2.23315590893
-1.00000000000 0.00000000000 2.57812500000 0.00000000000 0.86643397570 -2.23377509360
-1.00000000000 0.00000000000 2.57812500000 0.00125000000 0.86667865774 -2.23440591450
-1.00000000000 0.00000000000 2.57812500000 0.00250000000 0.86692785979 -2.23504838853
-1.00000000000 0.00000000000 2.57812500000 0.00375000000 0.86718158858 -2.23570253305
-1.00000000000 0.00000000000 2.57812500000 0.00500000000 0.86743985099 -2.23636836582
-1.00000000000 0.00000000000 2.57812500000 0.00625000000 0.86770265408 -2.23704590505
-1.00000000000 0.00000000000 2.57812500000 0.00750000000 0.86797000509 -2.23773516937
-1.00000000000 0.00000000000 2.57812500000 0.00875000000 0.86824191140 -2.23843617783
-1.00000000000 0.00000000000 2.59375000000 -0.01000000000 0.86464987260 -2.24268560706
-1.00000000000 0.00000000000 2.59375000000 -0.00875000000 0.86485722588 -2.24322342963
-1.00000000000 0.00000000000 2.59375000000 -0.00750000000 0.86506904219 -2.24377282819
-1.00000000000 0.00000000000 2.59375000000 -0.00625000000 0.86528532690 -2.24433381666
-1.00000000000 0.00000000000 2.59375000000 -0.00500000000 0.86550608554 -2.24490640938
-1.00000000000 0.00000000000 2.59375000000 -0.00375000000 0.86573132381 -2.24549062112
-1.00000000000 0.00000000000 2.59375000000 -0.00250000000 0.86596104755 -2.24608646708
-1.00000000000 0.00000000000 2.59375000000 -0.00125000000 0.86619526279 -2.24669396285
-1.00000000000 0.00000000000 2.59375000000 0.00000000000 0.86643397570 -2.24731312447
-1.00000000000 0.00000000000 2.59375000000 0.00125000000 0.86667719264 -2.24794396841
-1.00000000000 0.00000000000 2.59375000000 0.00250000000 0.86692492011 -2.24858651154
-1.00000000000 0.00000000000 2.59375000000 0.00375000000 0.86717716479 -2.24924077118
-1.00000000000 0.00000000000 2.59375000000 0.00500000000 0.86743393352 -2.24990676507
-1.00000000000 0.00000000000 2.59375000000 0.00625000000 0.86769523331 -2.25058451139
-1.00000000000 0.00000000000 2.59375000000 0.00750000000 0.86796107131 -2.25127402872
-1.00000000000 0.00000000000 2.59375000000 0.00875000000 0.86823145489 -2.25197533611
-1.00000000000 0.00000000000 2.60937500000 -0.01000000000 0.86466112258 -2.25622511674
-1.00000000000 0.00000000000 2.60937500000 -0.00875000000 0.86486710129 -2.25676259243
-1.00000000000 0.00000000000 2.60937500000 -0.00750000000 0.86507753407 -2.25731169047
-1.00000000000 0.00000000000 2.60937500000 -0.00625000000 0.86529242625 -2.25787242475
-1.00000000000 0.00000000000 2.60937500000 -0.00500000000 0.86551178331 -2.25844480958
-1.00000000000 0.00000000000 2.60937500000 -0.00375000000 0.86573561090 -2.25902885969
-1.00000000000 0.00000000000 2.60937500000 -0.00250000000 0.86596391482 -2.25962459024
-1.00000000000 0.00000000000 2.60937500000 -0.00125000000 0.86619670104 -2.26023201679
-1.00000000000 0.00000000000 2.60937500000 0.00000000000 0.86643397570 -2.26085115534
-1.00000000000 0.00000000000 2.60937500000 0.00125000000 0.86667574509 -2.26148202233
-1.00000000000 0.00000000000 2.60937500000 0.00250000000 0.86692201566 -2.26212463461
-1.00000000000 0.00000000000 2.60937500000 0.00375000000 0.86717279404 -2.26277900946
-1.00000000000 0.00000000000 2.60937500000 0.00500000000 0.86742808703 -2.26344516459
-1.00000000000 0.00000000000 2.60937500000 0.00625000000 0.86768790156 -2.26412311814
-1.00000000000 0.00000000000 2.60937500000 0.00750000000 0.86795224476 -2.26481288868
-1.00000000000 0.00000000000 2.60937500000 0.00875000000 0.86822112392 -2.26551449522
-1.00000000000 0.00000000000 2.62500000000 -0.01000000000 0.86467223901 -2.26976462741
-1.00000000000 0.00000000000 2.62500000000 -0.00875000000 0.86487685942 -2.27030175599
-1.00000000000 0.00000000000 2.62500000000 -0.00750000000 0.86508592507 -2.27085055331
-1.00000000000 0.00000000000 2.62500000000 -0.00625000000 0.86529944123 -2.27141103324
-1.00000000000 0.00000000000 2.62500000000 -0.00500000000 0.86551741335 -2.27198321004
-1.00000000000 0.00000000000 2.62500000000 -0.00375000000 0.86573984701 -2.27256709841
-1.00000000000 0.00000000000 2.62500000000 -0.00250000000 0.86596674798 -2.27316271346
-1.00000000000 0.00000000000 2.62500000000 -0.00125000000 0.86619812219 -2.27377007074
-1.00000000000 0.00000000000 2.62500000000 0.00000000000 0.86643397570 -2.27438918621
-1.00000000000 0.00000000000 2.62500000000 0.00125000000 0.86667431477 -2.27502007627
-1.00000000000 0.00000000000 2.62500000000 0.00250000000 0.86691914581 -2.27566275775
-1.00000000000 0.00000000000 2.62500000000 0.00375000000 0.86716847539 -2.27631724789
-1.00000000000 0.00000000000 2.62500000000 0.00500000000 0.86742231023 -2.27698356437
-1.00000000000 0.00000000000 2.62500000000 0.00625000000 0.86768065726 -2.27766172530
-1.00000000000 0.00000000000 2.62500000000 0.00750000000 0.86794352352 -2.27835174923
-1.00000000000 0.00000000000 2.62500000000 0.00875000000 0.86821091624 -2.27905365514
-1.00000000000 0.00000000000 2.64062500000 -0.01000000000 0.86468322426 -2.28330413906
-1.00000000000 0.00000000000 2.64062500000 -0.00875000000 0.86488650236 -2.28384092030
-1.00000000000 0.00000000000 2.64062500000 -0.00750000000 0.86509421698 -2.28438941671
-1.00000000000 0.00000000000 2.64062500000 -0.00625000000 0.86530637335 -2.28494964212
-1.00000000000 0.00000000000 2.64062500000 -0.00500000000 0.86552297685 -2.28552161075
-1.00000000000 0.00000000000 2.64062500000 -0.00375000000 0.86574403305 -2.28610533726
-1.00000000000 0.00000000000 2.64062500000 -0.00250000000 0.86596954764 -2.28670083675
-1.00000000000 0.00000000000 2.64062500000 -0.00125000000 0.86619952652 -2.28730812471
-1.00000000000 0.00000000000 2.64062500000 0.00000000000 0.86643397570 -2.28792721708
-1.00000000000 0.00000000000 2.64062500000 0.00125000000 0.86667290139 -2.28855813023
-1.00000000000 0.00000000000 2.64062500000 0.00250000000 0.86691630995 -2.28920088095
-1.00000000000 0.00000000000 2.64062500000 0.00375000000 0.86716420789 -2.28985548646
-1.00000000000 0.00000000000 2.64062500000 0.00500000000 0.86741660190 -2.29052196440
-1.00000000000 0.00000000000 2.64062500000 0.00625000000 0.86767349884 -2.29120033287
-1.00000000000 0.00000000000 2.64062500000 0.00750000000 0.86793490570 -2.29189061037
-1.00000000000 0.00000000000 2.64062500000 0.00875000000 0.86820082967 -2.29259281586
-1.00000000000 0.00000000000 2.65625000000 -0.01000000000 0.86469408063 -2.29684365168
-1.00000000000 0.00000000000 2.65625000000 -0.00875000000 0.86489603213 -2.29738008535
-1.00000000000 0.00000000000 2.65625000000 -0.00750000000 0.86510241154 -2.29792828066
-1.00000000000 0.00000000000 2.65625000000 -0.00625000000 0.86531322405 -2.29848825137
-1.00000000000 0.00000000000 2.65625000000 -0.00500000000 0.86552847499 -2.29906001170
-1.00000000000 0.00000000000 2.65625000000 -0.00375000000 0.86574816988 -2.29964357625
-1.00000000000 0.00000000000 2.65625000000 -0.00250000000 0.86597231439 -2.30023896009
-1.00000000000 0.00000000000 2.65625000000 -0.00125000000 0.86620091433 -2.30084617869
-1.00000000000 0.00000000000 2.65625000000 0.00000000000 0.86643397570 -2.30146524795
-1.00000000000 0.00000000000 2.65625000000 0.00125000000 0.86667150464 -2.30209618421
-1.00000000000 0.00000000000 2.65625000000 0.00250000000 0.86691350747 -2.30273900422
-1.00000000000 0.00000000000 2.65625000000 0.00375000000 0.86715999065 -2.30339372517
-1.00000000000 0.00000000000 2.65625000000 0.00500000000 0.86741096082 -2.30406036469
-1.00000000000 0.00000000000 2.65625000000 0.00625000000 0.86766642478 -2.30473894083
-1.00000000000 0.00000000000 2.65625000000 0.00750000000 0.86792638949 -2.30542947208
-1.00000000000 0.00000000000 2.65625000000 0.00875000000 0.86819086206 -2.30613197736
-1.00000000000 0.00000000000 2.67187500000 -0.01000000000 0.86470481038 -2.31038316524
-1.00000000000 0.00000000000 2.67187500000 -0.00875000000 0.86490545072 -2.31091925113
-1.00000000000 0.00000000000 2.67187500000 -0.00750000000 0.86511051046 -2.31146714514
-1.00000000000 0.00000000000 2.67187500000 -0.00625000000 0.86531999476 -2.31202686101
-1.00000000000 0.00000000000 2.67187500000 -0.00500000000 0.86553390892 -2.31259841289
-1.00000000000 0.00000000000 2.67187500000 -0.00375000000 0.86575225839 -2.31318181538
-1.00000000000 0.00000000000 2.67187500000 -0.00250000000 0.86597504880 -2.31377708350
-1.00000000000 0.00000000000 2.67187500000 -0.00125000000 0.86620228592 -2.31438423269
-1.00000000000 0.00000000000 2.67187500000 0.00000000000 0.86643397570 -2.31500327882
-1.00000000000 0.00000000000 2.67187500000 0.00125000000 0.86667012424 -2.31563423820
-1.00000000000 0.00000000000 2.67187500000 0.00250000000 0.86691073779 -2.31627712754
-1.00000000000 0.00000000000 2.67187500000 0.00375000000 0.86715582279 -2.31693196402
-1.00000000000 0.00000000000 2.67187500000 0.00500000000 0.86740538582 -2.31759876523
-1.00000000000 0.00000000000 2.67187500000 0.00625000000 0.86765943361 -2.31827754919
-1.00000000000 0.00000000000 2.67187500000 0.00750000000 0.86791797309 -2.31896833436
-1.00000000000 0.00000000000 2.67187500000 0.00875000000 0.86818101133 -2.31967113963
-1.00000000000 0.00000000000 2.68750000000 -0.01000000000 0.86471541571 -2.32392267972
-1.00000000000 0.00000000000 2.68750000000 -0.00875000000 0.86491476005 -2.32445841763
-1.00000000000 0.00000000000 2.68750000000 -0.00750000000 0.86511851541 -2.32500601015
-1.00000000000 0.00000000000 2.68750000000 -0.00625000000 0.86532668688 -2.32556547100
-1.00000000000 0.00000000000 2.68750000000 -0.00500000000 0.86553927974 -2.32613681431
-1.00000000000 0.00000000000 2.68750000000 -0.00375000000 0.86575629940 -2.32672005464
-1.00000000000 0.00000000000 2.68750000000 -0.00250000000 0.86597775143 -2.32731520697
-1.00000000000 0.00000000000 2.68750000000 -0.00125000000 0.86620364157 -2.32792228671
-1.00000000000 0.00000000000 2.68750000000 0.00000000000 0.86643397570 -2.32854130969
-1.00000000000 0.00000000000 2.68750000000 0.00125000000 0.86666875989 -2.32917229220
-1.00000000000 0.00000000000 2.68750000000 0.00250000000 0.86690800035 -2.32981525093
-1.00000000000 0.00000000000 2.68750000000 0.00375000000 0.86715170345 -2.33047020301
-1.00000000000 0.00000000000 2.68750000000 0.00500000000 0.86739987572 -2.33113716601
-1.00000000000 0.00000000000 2.68750000000 0.00625000000 0.86765252388 -2.33181615792
-1.00000000000 0.00000000000 2.68750000000 0.00750000000 0.86790965477 -2.33250719719
-1.00000000000 0.00000000000 2.68750000000 0.00875000000 0.86817127541 -2.33321030267
-1.00000000000 0.00000000000 2.70312500000 -0.01000000000 0.86472589877 -2.33746219512
-1.00000000000 0.00000000000 2.70312500000 -0.00875000000 0.86492396201 -2.33799758482
-1.00000000000 0.00000000000 2.70312500000 -0.00750000000 0.86512642800 -2.33854487568
-1.00000000000 0.00000000000 2.70312500000 -0.00625000000 0.86533330178 -2.33910408136
-1.00000000000 0.00000000000 2.70312500000 -0.00500000000 0.86554458857 -2.33967521597
-1.00000000000 0.00000000000 2.70312500000 -0.00375000000 0.86576029375 -2.34025829403
-1.00000000000 0.00000000000 2.70312500000 -0.00250000000 0.86598042284 -2.34085333049
-1.00000000000 0.00000000000 2.70312500000 -0.00125000000 0.86620498154 -2.34146034074
-1.00000000000 0.00000000000 2.70312500000 0.00000000000 0.86643397570 -2.34207934056
-1.00000000000 0.00000000000 2.70312500000 0.00125000000 0.86666741132 -2.34271034622
-1.00000000000 0.00000000000 2.70312500000 0.00250000000 0.86690529457 -2.34335337438
-1.00000000000 0.00000000000 2.70312500000 0.00375000000 0.86714763177 -2.34400844213
-1.00000000000 0.00000000000 2.70312500000 0.00500000000 0.86739442942 -2.34467556703
-1.00000000000 0.00000000000 2.70312500000 0.00625000000 0.86764569416 -2.34535476704
-1.00000000000 0.00000000000 2.70312500000 0.00750000000 0.86790143281 -2.34604606056
-1.00000000000 0.00000000000 2.70312500000 0.00875000000 0.86816165233 -2.34674946644
-1.00000000000 0.00000000000 2.71875000000 -0.01000000000 0.86473626167 -2.35100171142
-1.00000000000 0.00000000000 2.71875000000 -0.00875000000 0.86493305847 -2.35153675270
-1.00000000000 0.00000000000 2.71875000000 -0.00750000000 0.86513424982 -2.35208374171
-1.00000000000 0.00000000000 2.71875000000 -0.00625000000 0.86533984076 -2.35264269207
-1.00000000000 0.00000000000 2.71875000000 -0.00500000000 0.86554983645 -2.35321361786
-1.00000000000 0.00000000000 2.71875000000 -0.00375000000 0.86576424223 -2.35379653355
-1.00000000000 0.00000000000 2.71875000000 -0.00250000000 0.86598306357 -2.35439145408
-1.00000000000 0.00000000000 2.71875000000 -0.00125000000 0.86620630613 -2.35499839478
-1.00000000000 0.00000000000 2.71875000000 0.00000000000 0.86643397570 -2.35561737143
-1.00000000000 0.00000000000 2.71875000000 0.00125000000 0.86666607825 -2.35624840025
-1.00000000000 0.00000000000 2.71875000000 0.00250000000 0.86690261991 -2.35689149788
-1.00000000000 0.00000000000 2.71875000000 0.00375000000 0.86714360695 -2.35754668139
-1.00000000000 0.00000000000 2.71875000000 0.00500000000 0.86738904581 -2.35821396829
-1.00000000000 0.00000000000 2.71875000000 0.00625000000 0.86763894309 -2.35889337652
-1.00000000000 0.00000000000 2.71875000000 0.00750000000 0.86789330555 -2.35958492447
-1.00000000000 0.00000000000 2.71875000000 0.00875000000 0.86815214012 -2.36028863095
-1.00000000000 0.00000000000 2.73437500000 -0.01000000000 0.86474650646 -2.36454122860
-1.00000000000 0.00000000000 2.73437500000 -0.00875000000 0.86494205121 -2.36507592127
-1.00000000000 0.00000000000 2.73437500000 -0.00750000000 0.86514198244 -2.36562260825
-1.00000000000 0.00000000000 2.73437500000 -0.00625000000 0.86534630515 -2.36618130314
-1.00000000000 0.00000000000 2.73437500000 -0.00500000000 0.86555502445 -2.36675201997
-1.00000000000 0.00000000000 2.73437500000 -0.00375000000 0.86576814563 -2.36733477320
-1.00000000000 0.00000000000 2.73437500000 -0.00250000000 0.86598567414 -2.36792957772
-1.00000000000 0.00000000000 2.73437500000 -0.00125000000 0.86620761557 -2.36853644884
-1.00000000000 0.00000000000 2.73437500000 0.00000000000 0.86643397570 -2.36915540230
-1.00000000000 0.00000000000 2.73437500000 0.00125000000 0.86666476043 -2.36978645430
-1.00000000000 0.00000000000 2.73437500000 0.00250000000 0.86689997584 -2.37042962144
-1.00000000000 0.00000000000 2.73437500000 0.00375000000 0.86713962817 -2.37108492077
-1.00000000000 0.00000000000 2.73437500000 0.00500000000 0.86738372380 -2.37175236977
-1.00000000000 0.00000000000 2.73437500000 0.00625000000 0.86763226930 -2.37243198637
-1.00000000000 0.00000000000 2.73437500000 0.00750000000 0.86788527137 -2.37312378890
-1.00000000000 0.00000000000 2.73437500000 0.00875000000 0.86814273689 -2.37382779618
-1.00000000000 0.00000000000 2.75000000000 -0.01000000000 0.86475663514 -2.37808074664
-1.00000000000 0.00000000000 2.75000000000 -0.00875000000 0.86495094200 -2.37861509049
-1.00000000000 0.00000000000 2.75000000000 -0.00750000000 0.86514962737 -2.37916147527
-1.00000000000 0.00000000000 2.75000000000 -0.00625000000 0.86535269620 -2.37971991454
-1.00000000000 0.00000000000 2.75000000000 -0.00500000000 0.86556015356 -2.38029042230
-1.00000000000 0.00000000000 2.75000000000 -0.00375000000 0.86577200472 -2.38087301297
-1.00000000000 0.00000000000 2.75000000000 -0.00250000000 0.86598825506 -2.38146770141
-1.00000000000 0.00000000000 2.75000000000 -0.00125000000 0.86620891015 -2.38207450291
-1.00000000000 0.00000000000 2.75000000000 0.00000000000 0.86643397570 -2.38269343317
-1.00000000000 0.00000000000 2.75000000000 0.00125000000 0.86666345759 -2.38332450836
-1.00000000000 0.00000000000 2.75000000000 0.00250000000 0.86689736184 -2.38396774506
-1.00000000000 0.00000000000 2.75000000000 0.00375000000 0.86713569465 -2.38462316028
-1.00000000000 0.00000000000 2.75000000000 0.00500000000 0.86737846236 -2.38529077149
-1.00000000000 0.00000000000 2.75000000000 0.00625000000 0.86762567148 -2.38597059657
-1.00000000000 0.00000000000 2.75000000000 0.00750000000 0.86787732868 -2.38666265386
-1.00000000000 0.00000000000 2.75000000000 0.00875000000 0.86813344077 -2.38736696211
-1.00000000000 0.00000000000 2.76562500000 -0.01000000000 0.86476664968 -2.39162026553
-1.00000000000 0.00000000000 2.76562500000 -0.00875000000 0.86495973256 -2.39215426037
-1.00000000000 0.00000000000 2.76562500000 -0.00750000000 0.86515718609 -2.39270034278
-1.00000000000 0.00000000000 2.76562500000 -0.00625000000 0.86535901515 -2.39325852628
-1.00000000000 0.00000000000 2.76562500000 -0.00500000000 0.86556522480 -2.39382882485
-1.00000000000 0.00000000000 2.76562500000 -0.00375000000 0.86577582025 -2.39441125287
-1.00000000000 0.00000000000 2.76562500000 -0.00250000000 0.86599080684 -2.39500582516
-1.00000000000 0.00000000000 2.76562500000 -0.00125000000 0.86621019010 -2.39561255699
-1.00000000000 0.00000000000 2.76562500000 0.00000000000 0.86643397570 -2.39623146405
-1.00000000000 0.00000000000 2.76562500000 0.00125000000 0.86666216947 -2.39686256244
-1.00000000000 0.00000000000 2.76562500000 0.00250000000 0.86689477740 -2.39750586873
-1.00000000000 0.00000000000 2.76562500000 0.00375000000 0.86713180562 -2.39816139992
-1.00000000000 0.00000000000 2.76562500000 0.00500000000 0.86737326045 -2.39882917343
-1.00000000000 0.00000000000 2.76562500000 0.00625000000 0.86761914834 -2.39950920713
-1.00000000000 0.00000000000 2.76562500000 0.00750000000 0.86786947591 -2.40020151932
-1.00000000000 0.00000000000 2.76562500000 0.00875000000 0.86812424994 -2.40090612874
-1.00000000000 0.00000000000 2.78125000000 -0.01000000000 0.86477655201 -2.40515978526
-1.00000000000 0.00000000000 2.78125000000 -0.00875000000 0.86496842459 -2.40569343090
-1.00000000000 0.00000000000 2.78125000000 -0.00750000000 0.86516466005 -2.40623921076
-1.00000000000 0.00000000000 2.78125000000 -0.00625000000 0.86536526323 -2.40679713835
-1.00000000000 0.00000000000 2.78125000000 -0.00500000000 0.86557023914 -2.40736722761
-1.00000000000 0.00000000000 2.78125000000 -0.00375000000 0.86577959295 -2.40794949288
-1.00000000000 0.00000000000 2.78125000000 -0.00250000000 0.86599332997 -2.40854394897
-1.00000000000 0.00000000000 2.78125000000 -0.00125000000 0.86621145567 -2.40915061109
-1.00000000000 0.00000000000 2.78125000000 0.00000000000 0.86643397570 -2.40976949492
-1.00000000000 0.00000000000 2.78125000000 0.00125000000 0.86666089583 -2.41040061653
-1.00000000000 0.00000000000 2.78125000000 0.00250000000 0.86689222201 -2.41104399246
-1.00000000000 0.00000000000 2.78125000000 0.00375000000 0.86712796034 -2.41169963968
-1.00000000000 0.00000000000 2.78125000000 0.00500000000 0.86736811707 -2.41236757559
-1.00000000000 0.00000000000 2.78125000000 0.00625000000 0.86761269862 -2.41304781803
-1.00000000000 0.00000000000 2.78125000000 0.00750000000 0.86786171156 -2.41374038528
-1.00000000000 0.00000000000 2.78125000000 0.00875000000 0.86811516263 -2.41444529606
-1.00000000000 0.00000000000 2.79687500000 -0.01000000000 0.86478634398 -2.41869930582
-1.00000000000 0.00000000000 2.79687500000 -0.00875000000 0.86497701973 -2.41923260206
-1.00000000000 0.00000000000 2.79687500000 -0.00750000000 0.86517205067 -2.41977807921
-1.00000000000 0.00000000000 2.79687500000 -0.00625000000 0.86537144161 -2.42033575075
-1.00000000000 0.00000000000 2.79687500000 -0.00500000000 0.86557519752 -2.42090563058
-1.00000000000 0.00000000000 2.79687500000 -0.00375000000 0.86578332353 -2.42148773301
-1.00000000000 0.00000000000 2.79687500000 -0.00250000000 0.86599582492 -2.42208207282
-1.00000000000 0.00000000000 2.79687500000 -0.00125000000 0.86621270711 -2.42268866520
-1.00000000000 0.00000000000 2.79687500000 0.00000000000 0.86643397570 -2.42330752579
-1.00000000000 0.00000000000 2.79687500000 0.00125000000 0.86665963643 -2.42393867063
-1.00000000000 0.00000000000 2.79687500000 0.00250000000 0.86688969519 -2.42458211625
-1.00000000000 0.00000000000 2.79687500000 0.00375000000 0.86712415806 -2.42523787956
-1.00000000000 0.00000000000 2.79687500000 0.00500000000 0.86736303123 -2.42590597797
-1.00000000000 0.00000000000 2.79687500000 0.00625000000 0.86760632108 -2.42658642927
-1.00000000000 0.00000000000 2.79687500000 0.00750000000 0.86785403414 -2.42727925173
-1.00000000000 0.00000000000 2.79687500000 0.00875000000 0.86810617709 -2.42798446404
-1.00000000000 0.00000000000 2.81250000000 -0.01000000000 0.86479602744 -2.43223882718
-1.00000000000 0.00000000000 2.81250000000 -0.00875000000 0.86498551959 -2.43277177384
-1.00000000000 0.00000000000 2.81250000000 -0.00750000000 0.86517935933 -2.43331694812
-1.00000000000 0.00000000000 2.81250000000 -0.00625000000 0.86537755146 -2.43387436347
-1.00000000000 0.00000000000 2.81250000000 -0.00500000000 0.86558010089 -2.43444403375
-1.00000000000 0.00000000000 2.81250000000 -0.00375000000 0.86578701271 -2.43502597326
-1.00000000000 0.00000000000 2.81250000000 -0.00250000000 0.86599829217 -2.43562019673
-1.00000000000 0.00000000000 2.81250000000 -0.00125000000 0.86621394465 -2.43622671933
-1.00000000000 0.00000000000 2.81250000000 0.00000000000 0.86643397570 -2.43684555666
-1.00000000000 0.00000000000 2.81250000000 0.00125000000 0.86665839102 -2.43747672475
-1.00000000000 0.00000000000 2.81250000000 0.00250000000 0.86688719647 -2.43812024008
-1.00000000000 0.00000000000 2.81250000000 0.00375000000 0.86712039807 -2.43877611957
-1.00000000000 0.00000000000 2.81250000000 0.00500000000 0.86735800198 -2.43944438056
-1.00000000000 0.00000000000 2.81250000000 0.00625000000 0.86760001452 -2.44012504084
-1.00000000000 0.00000000000 2.81250000000 0.00750000000 0.86784644219 -2.44081811866
-1.00000000000 0.00000000000 2.81250000000 0.00875000000 0.86809729162 -2.44152363268
-1.00000000000 0.00000000000 2.82812500000 -0.01000000000 0.86480560419 -2.44577834934
-1.00000000000 0.00000000000 2.82812500000 -0.00875000000 0.86499392574 -2.44631094623
-1.00000000000 0.00000000000 2.82812500000 -0.00750000000 0.86518658740 -2.44685581748
-1.00000000000 0.00000000000 2.82812500000 -0.00625000000 0.86538359390 -2.44741297650
-1.00000000000 0.00000000000 2.82812500000 -0.00500000000 0.86558495014 -2.44798243713
-1.00000000000 0.00000000000 2.82812500000 -0.00375000000 0.86579066117 -2.44856421362
-1.00000000000 0.00000000000 2.82812500000 -0.00250000000 0.86600073218 -2.44915832069
-1.00000000000 0.00000000000 2.82812500000 -0.00125000000 0.86621516852 -2.44976477347
-1.00000000000 0.00000000000 2.82812500000 0.00000000000 0.86643397570 -2.45038358753
-1.00000000000 0.00000000000 2.82812500000 0.00125000000 0.86665715938 -2.45101477888
-1.00000000000 0.00000000000 2.82812500000 0.00250000000 0.86688472538 -2.45165836397
-1.00000000000 0.00000000000 2.82812500000 0.00375000000 0.86711667967 -2.45231435968
-1.00000000000 0.00000000000 2.82812500000 0.00500000000 0.86735302837 -2.45298278336
-1.00000000000 0.00000000000 2.82812500000 0.00625000000 0.86759377777 -2.45366365275
-1.00000000000 0.00000000000 2.82812500000 0.00750000000 0.86783893430 -2.45435698607
-1.00000000000 0.00000000000 2.82812500000 0.00875000000 0.86808850457 -2.45506280197
-1.00000000000 0.00000000000 2.84375000000 -0.01000000000 0.86481507597 -2.45931787229
-1.00000000000 0.00000000000 2.84375000000 -0.00875000000 0.86500223973 -2.45985011922
-1.00000000000 0.00000000000 2.84375000000 -0.00750000000 0.86519373619 -2.46039468729
-1.00000000000 0.00000000000 2.84375000000 -0.00625000000 0.86538957006 -2.46095158985
-1.00000000000 0.00000000000 2.84375000000 -0.00500000000 0.86558974618 -2.46152084070
-1.00000000000 0.00000000000 2.84375000000 -0.00375000000 0.86579426957 -2.46210245410
-1.00000000000 0.00000000000 2.84375000000 -0.00250000000 0.86600314539 -2.46269644470
-1.00000000000 0.00000000000 2.84375000000 -0.00125000000 0.86621637894 -2.46330282762
-1.00000000000 0.00000000000 2.84375000000 0.00000000000 0.86643397570 -2.46392161840
-1.00000000000 0.00000000000 2.84375000000 0.00125000000 0.86665594128 -2.46455283302
-1.00000000000 0.00000000000 2.84375000000 0.00250000000 0.86688228146 -2.46519648791
-1.00000000000 0.00000000000 2.84375000000 0.00375000000 0.86711300217 -2.46585259992
-1.00000000000 0.00000000000 2.84375000000 0.00500000000 0.86734810949 -2.46652118636
-1.00000000000 0.00000000000 2.84375000000 0.00625000000 0.86758760966 -2.46720226497
-1.00000000000 0.00000000000 2.84375000000 0.00750000000 0.86783150908 -2.46789585395
-1.00000000000 0.00000000000 2.84375000000 0.00875000000 0.86807981430 -2.46860197191
-1.00000000000 0.00000000000 2.85937500000 -0.01000000000 0.86482444450 -2.47285739600
-1.00000000000 0.00000000000 2.85937500000 -0.00875000000 0.86501046306 -2.47338929281
-1.00000000000 0.00000000000 2.85937500000 -0.00750000000 0.86520080700 -2.47393355753
-1.00000000000 0.00000000000 2.85937500000 -0.00625000000 0.86539548100 -2.47449020349
-1.00000000000 0.00000000000 2.85937500000 -0.00500000000 0.86559448987 -2.47505924448
-1.00000000000 0.00000000000 2.85937500000 -0.00375000000 0.86579783858 -2.47564069468
-1.00000000000 0.00000000000 2.85937500000 -0.00250000000 0.86600553224 -2.47623456876
-1.00000000000 0.00000000000 2.85937500000 -0.00125000000 0.86621757614 -2.47684088178
-1.00000000000 0.00000000000 2.85937500000 0.00000000000 0.86643397570 -2.47745964927
-1.00000000000 0.00000000000 2.85937500000 0.00125000000 0.86665473650 -2.47809088717
-1.00000000000 0.00000000000 2.85937500000 0.00250000000 0.86687986427 -2.47873461189
-1.00000000000 0.00000000000 2.85937500000 0.00375000000 0.86710936490 -2.47939084027
-1.00000000000 0.00000000000 2.85937500000 0.00500000000 0.86734324444 -2.48005958957
-1.00000000000 0.00000000000 2.85937500000 0.00625000000 0.86758150908 -2.48074087752
-1.00000000000 0.00000000000 2.85937500000 0.00750000000 0.86782416517 -2.48143472228
-1.00000000000 0.00000000000 2.85937500000 0.00875000000 0.86807121922 -2.48214114247
-1.00000000000 0.00000000000 2.87500000000 -0.01000000000 0.86483371147 -2.48639692047
-1.00000000000 0.00000000000 2.87500000000 -0.00875000000 0.86501859721 -2.48692846698
-1.00000000000 0.00000000000 2.87500000000 -0.00750000000 0.86520780111 -2.48747242820
-1.00000000000 0.00000000000 2.87500000000 -0.00625000000 0.86540132780 -2.48802881744
-1.00000000000 0.00000000000 2.87500000000 -0.00500000000 0.86559918207 -2.48859764844
-1.00000000000 0.00000000000 2.87500000000 -0.00375000000 0.86580136883 -2.48917893538
-1.00000000000 0.00000000000 2.87500000000 -0.00250000000 0.86600789317 -2.48977269287
-1.00000000000 0.00000000000 2.87500000000 -0.00125000000 0.86621876033 -2.49037893596
-1.00000000000 0.00000000000 2.87500000000 0.00000000000 0.86643397570 -2.49099768014
-1.00000000000 0.00000000000 2.87500000000 0.00125000000 0.86665354481 -2.49162894134
-1.00000000000 0.00000000000 2.87500000000 0.00250000000 0.86687747337 -2.49227273593
-1.00000000000 0.00000000000 2.87500000000 0.00375000000 0.86710576721 -2.49292908072
-1.00000000000 0.00000000000 2.87500000000 0.00500000000 0.86733843234 -2.49359799297
-1.00000000000 0.00000000000 2.87500000000 0.00625000000 0.86757547491 -2.49427949037
-1.00000000000 0.00000000000 2.87500000000 0.00750000000 0.86781690124 -2.49497359107
-1.00000000000 0.00000000000 2.87500000000 0.00875000000 0.86806271779 -2.49568031364
-1.00000000000 0.00000000000 2.89062500000 -0.01000000000 0.86484287851 -2.49993644569
-1.00000000000 0.00000000000 2.89062500000 -0.00875000000 0.86502664362 -2.50046764172
-1.00000000000 0.00000000000 2.89062500000 -0.00750000000 0.86521471976 -2.50101129929
-1.00000000000 0.00000000000 2.89062500000 -0.00625000000 0.86540711150 -2.50156743168
-1.00000000000 0.00000000000 2.89062500000 -0.00500000000 0.86560382360 -2.50213605259
-1.00000000000 0.00000000000 2.89062500000 -0.00375000000 0.86580486095 -2.50271717618
-1.00000000000 0.00000000000 2.89062500000 -0.00250000000 0.86601022859 -2.50331081702
-1.00000000000 0.00000000000 2.89062500000 -0.00125000000 0.86621993173 -2.50391699014
-1.00000000000 0.00000000000 2.89062500000 0.00000000000 0.86643397570 -2.50453571101
-1.00000000000 0.00000000000 2.89062500000 0.00125000000 0.86665236602 -2.50516699552
-1.00000000000 0.00000000000 2.89062500000 0.00250000000 0.86687510833 -2.50581086002
-1.00000000000 0.00000000000 2.89062500000 0.00375000000 0.86710220845 -2.50646732129
-1.00000000000 0.00000000000 2.89062500000 0.00500000000 0.86733367233 -2.50713639658
-1.00000000000 0.00000000000 2.89062500000 0.00625000000 0.86756950609 -2.50781810354
-1.00000000000 0.00000000000 2.89062500000 0.00750000000 0.86780971600 -2.50851246030
-1.00000000000 0.00000000000 2.89062500000 0.00875000000 0.86805430847 -2.50921948543
-1.00000000000 0.00000000000 2.90625000000 -0.01000000000 0.86485194723 -2.51347597164
-1.00000000000 0.00000000000 2.90625000000 -0.00875000000 0.86503460371 -2.51400681703
-1.00000000000 0.00000000000 2.90625000000 -0.00750000000 0.86522156415 -2.51455017080
-1.00000000000 0.00000000000 2.90625000000 -0.00625000000 0.86541283311 -2.51510604621
-1.00000000000 0.00000000000 2.90625000000 -0.00500000000 0.86560841529 -2.51567445693
-1.00000000000 0.00000000000 2.90625000000 -0.00375000000 0.86580831556 -2.51625541709
-1.00000000000 0.00000000000 2.90625000000 -0.00250000000 0.86601253892 -2.51684894122
-1.00000000000 0.00000000000 2.90625000000 -0.00125000000 0.86622109053 -2.51745504434
-1.00000000000 0.00000000000 2.90625000000 0.00000000000 0.86643397570 -2.51807374188
-1.00000000000 0.00000000000 2.90625000000 0.00125000000 0.86665119990 -2.51870504971
-1.00000000000 0.00000000000 2.90625000000 0.00250000000 0.86687276874 -2.51934898415
-1.00000000000 0.00000000000 2.90625000000 0.00375000000 0.86709868799 -2.52000556197
-1.00000000000 0.00000000000 2.90625000000 0.00500000000 0.86732896357 -2.52067480037
-1.00000000000 0.00000000000 2.90625000000 0.00625000000 0.86756360155 -2.52135671701
-1.00000000000 0.00000000000 2.90625000000 0.00750000000 0.86780260816 -2.52205132997
-1.00000000000 0.00000000000 2.90625000000 0.00875000000 0.86804598978 -2.52275865781
-1.00000000000 0.00000000000 2.92187500000 -0.01000000000 0.86486091921 -2.52701549831
-1.00000000000 0.00000000000 2.92187500000 -0.00875000000 0.86504247885 -2.52754599289
-1.00000000000 0.00000000000 2.92187500000 -0.00750000000 0.86522833548 -2.52808904272
-1.00000000000 0.00000000000 2.92187500000 -0.00625000000 0.86541849361 -2.52864466103
-1.00000000000 0.00000000000 2.92187500000 -0.00500000000 0.86561295793 -2.52921286146
-1.00000000000 0.00000000000 2.92187500000 -0.00375000000 0.86581173325 -2.52979365810
-1.00000000000 0.00000000000 2.92187500000 -0.00250000000 0.86601482455 -2.53038706547
-1.00000000000 0.00000000000 2.92187500000 -0.00125000000 0.86622223694 -2.53099309855
-1.00000000000 0.00000000000 2.92187500000 0.00000000000 0.86643397570 -2.53161177275
-1.00000000000 0.00000000000 2.92187500000 0.00125000000 0.86665004626 -2.53224310391
-1.00000000000 0.00000000000 2.92187500000 0.00250000000 0.86687045419 -2.53288710833
-1.00000000000 0.00000000000 2.92187500000 0.00375000000 0.86709520522 -2.53354380275
-1.00000000000 0.00000000000 2.92187500000 0.00500000000 0.86732430523 -2.53421320436
-1.00000000000 0.00000000000 2.92187500000 0.00625000000 0.86755776026 -2.53489533077
-1.00000000000 0.00000000000 2.92187500000 0.00750000000 0.86779557649 -2.53559020007
-1.00000000000 0.00000000000 2.92187500000 0.00875000000 0.86803776027 -2.53629783078
-1.00000000000 0.00000000000 2.93750000000 -0.01000000000 0.86486979598 -2.54055502569
-1.00000000000 0.00000000000 2.93750000000 -0.00875000000 0.86505027040 -2.54108516929
-1.00000000000 0.00000000000 2.93750000000 -0.00750000000 0.86523503491 -2.54162791505
-1.00000000000 0.00000000000 2.93750000000 -0.00625000000 0.86542409400 -2.54218327613
-1.00000000000 0.00000000000 2.93750000000 -0.00500000000 0.86561745231 -2.54275126616
-1.00000000000 0.00000000000 2.93750000000 -0.00375000000 0.86581511462 -2.54333189921
-1.00000000000 0.00000000000 2.93750000000 -0.00250000000 0.86601708588 -2.54392518976
-1.00000000000 0.00000000000 2.93750000000 -0.00125000000 0.86622337116 -2.54453115277
-1.00000000000 0.00000000000 2.93750000000 0.00000000000 0.86643397570 -2.54514980362
-1.00000000000 0.00000000000 2.93750000000 0.00125000000 0.86664890489 -2.54578115812
-1.00000000000 0.00000000000 2.93750000000 0.00250000000 0.86686816428 -2.54642523256
-1.00000000000 0.00000000000 2.93750000000 0.00375000000 0.86709175954 -2.54708204364
-1.00000000000 0.00000000000 2.93750000000 0.00500000000 0.86731969652 -2.54775160853
-1.00000000000 0.00000000000 2.93750000000 0.00625000000 0.86755198122 -2.54843394483
-1.00000000000 0.00000000000 2.93750000000 0.00750000000 0.86778861978 -2.54912907059
-1.00000000000 0.00000000000 2.93750000000 0.00875000000 0.86802961850 -2.54983700433
-1.00000000000 0.00000000000 2.95312500000 -0.01000000000 0.86487857906 -2.55409455377
-1.00000000000 0.00000000000 2.95312500000 -0.00875000000 0.86505797968 -2.55462434624
-1.00000000000 0.00000000000 2.95312500000 -0.00750000000 0.86524166358 -2.55516678776
-1.00000000000 0.00000000000 2.95312500000 -0.00625000000 0.86542963522 -2.55572189150
-1.00000000000 0.00000000000 2.95312500000 -0.00500000000 0.86562189919 -2.55628967104
-1.00000000000 0.00000000000 2.95312500000 -0.00375000000 0.86581846025 -2.55687014042
-1.00000000000 0.00000000000 2.95312500000 -0.00250000000 0.86601932329 -2.55746331410
-1.00000000000 0.00000000000 2.95312500000 -0.00125000000 0.86622449338 -2.55806920701
-1.00000000000 0.00000000000 2.95312500000 0.00000000000 0.86643397570 -2.55868783449
-1.00000000000 0.00000000000 2.95312500000 0.00125000000 0.86664777561 -2.55931921235
-1.00000000000 0.00000000000 2.95312500000 0.00250000000 0.86686589861 -2.55996335683
-1.00000000000 0.00000000000 2.95312500000 0.00375000000 0.86708835035 -2.56062028463
-1.00000000000 0.00000000000 2.95312500000 0.00500000000 0.86731513664 -2.56129001288
-1.00000000000 0.00000000000 2.95312500000 0.00625000000 0.86754626342 -2.56197255917
-1.00000000000 0.00000000000 2.95312500000 0.00750000000 0.86778173682 -2.56266794153
-1.00000000000 0.00000000000 2.95312500000 0.00875000000 0.86802156307 -2.56337617845
-1.00000000000 0.00000000000 2.96875000000 -0.01000000000 0.86488726991 -2.56763408254
-1.00000000000 0.00000000000 2.96875000000 -0.00875000000 0.86506560799 -2.56816352371
-1.00000000000 0.00000000000 2.96875000000 -0.00750000000 0.86524822261 -2.56870566087
-1.00000000000 0.00000000000 2.96875000000 -0.00625000000 0.86543511820 -2.56926050715
-1.00000000000 0.00000000000 2.96875000000 -0.00500000000 0.86562629932 -2.56982807610
-1.00000000000 0.00000000000 2.96875000000 -0.00375000000 0.86582177069 -2.57040838173
-1.00000000000 0.00000000000 2.96875000000 -0.00250000000 0.86602153717 -2.57100143849
-1.00000000000 0.00000000000 2.96875000000 -0.00125000000 0.86622560379 -2.57160726125
-1.00000000000 0.00000000000 2.96875000000 0.00000000000 0.86643397570 -2.57222586536
-1.00000000000 0.00000000000 2.96875000000 0.00125000000 0.86664665822 -2.57285726658
-1.00000000000 0.00000000000 2.96875000000 0.00250000000 0.86686365681 -2.57350148115
-1.00000000000 0.00000000000 2.96875000000 0.00375000000 0.86708497709 -2.57415852572
-1.00000000000 0.00000000000 2.96875000000 0.00500000000 0.86731062481 -2.57482841742
-1.00000000000 0.00000000000 2.96875000000 0.00625000000 0.86754060591 -2.57551117380
-1.00000000000 0.00000000000 2.96875000000 0.00750000000 0.86777492645 -2.57620681289
-1.00000000000 0.00000000000 2.96875000000 0.00875000000 0.86801359263 -2.57691535313
-1.00000000000 0.00000000000 2.98437500000 -0.01000000000 0.86489586999 -2.58117361199
-1.00000000000 0.00000000000 2.98437500000 -0.00875000000 0.86507315659 -2.58170270170
-1.00000000000 0.00000000000 2.98437500000 -0.00750000000 0.86525471309 -2.58224453436
-1.00000000000 0.00000000000 2.98437500000 -0.00625000000 0.86544054385 -2.58279912306
-1.00000000000 0.00000000000 2.98437500000 -0.00500000000 0.86563065343 -2.58336648133
-1.00000000000 0.00000000000 2.98437500000 -0.00375000000 0.86582504650 -2.58394662314
-1.00000000000 0.00000000000 2.98437500000 -0.00250000000 0.86602372789 -2.58453956291
-1.00000000000 0.00000000000 2.98437500000 -0.00125000000 0.86622670258 -2.58514531551
-1.00000000000 0.00000000000 2.98437500000 0.00000000000 0.86643397570 -2.58576389623
-1.00000000000 0.00000000000 2.98437500000 0.00125000000 0.86664555253 -2.58639532083
-1.00000000000 0.00000000000 2.98437500000 0.00250000000 0.86686143850 -2.58703960551
-1.00000000000 0.00000000000 2.98437500000 0.00375000000 0.86708163917 -2.58769676691
-1.00000000000 0.00000000000 2.98437500000 0.00500000000 0.86730616030 -2.58836682213
-1.00000000000 0.00000000000 2.98437500000 0.00625000000 0.86753500773 -2.58904978871
-1.00000000000 0.00000000000 2.98437500000 0.00750000000 0.86776818752 -2.58974568464
-1.00000000000 0.00000000000 2.98437500000 0.00875000000 0.86800570584 -2.59045452837
