-1.00000000000 0.00000000000 2.00000000000 -0.01000000000 0.69080596169 -1.38161192338
-1.00000000000 0.00000000000 2.00000000000 -0.00875000000 0.69108135690 -1.38216271381
-1.00000000000 0.00000000000 2.00000000000 -0.00750000000 0.69136167168 -1.38272334336
-1.00000000000 0.00000000000 2.00000000000 -0.00625000000 0.69164691433 -1.38329382866
-1.00000000000 0.00000000000 2.00000000000 -0.00500000000 0.69193709330 -1.38387418660
-1.00000000000 0.00000000000 2.00000000000 -0.00375000000 0.69223221717 -1.38446443434
-1.00000000000 0.00000000000 2.00000000000 -0.00250000000 0.69253229464 -1.38506458927
-1.00000000000 0.00000000000 2.00000000000 -0.00125000000 0.69283733453 -1.38567466907
-1.00000000000 0.00000000000 2.00000000000 0.00000000000 0.69314734582 -1.38629469164
-1.00000000000 0.00000000000 2.00000000000 0.00125000000 0.69346233758 -1.38692467517
-1.00000000000 0.00000000000 2.00000000000 0.00250000000 0.69378231905 -1.38756463810
-1.00000000000 0.00000000000 2.00000000000 0.00375000000 0.69410729957 -1.38821459914
-1.00000000000 0.00000000000 2.00000000000 0.00500000000 0.69443728862 -1.38887457725
-1.00000000000 0.00000000000 2.00000000000 0.00625000000 0.69477229583 -1.38954459166
-1.00000000000 0.00000000000 2.00000000000 0.00750000000 0.69511233094 -1.39022466187
-1.00000000000 0.00000000000 2.00000000000 0.00875000000 0.69545740383 -1.39091480765
-1.00000000000 0.00000000000 2.01562500000 -0.01000000000 0.69082481745 -1.39244377267
-1.00000000000 0.00000000000 2.01562500000 -0.00875000000 0.69109791224 -1.39299422935
-1.00000000000 0.00000000000 2.01562500000 -0.00750000000 0.69137591061 -1.39355456983
-1.00000000000 0.00000000000 2.01562500000 -0.00625000000 0.69165882081 -1.39412481069
-1.00000000000 0.00000000000 2.01562500000 -0.00500000000 0.69194665117 -1.39470496877
-1.00000000000 0.00000000000 2.01562500000 -0.00375000000 0.69223941019 -1.39529506116
-1.00000000000 0.00000000000 2.01562500000 -0.00250000000 0.69253710646 -1.39589510520
-1.00000000000 0.00000000000 2.01562500000 -0.00125000000 0.69283974871 -1.39650511850
-1.00000000000 0.00000000000 2.01562500000 0.00000000000 0.69314734582 -1.39712511892
-1.00000000000 0.00000000000 2.01562500000 0.00125000000 0.69345990677 -1.39775512458
-1.00000000000 0.00000000000 2.01562500000 0.00250000000 0.69377744068 -1.39839515388
-1.00000000000 0.00000000000 2.01562500000 0.00375000000 0.69409995681 -1.39904522545
-1.00000000000 0.00000000000 2.01562500000 0.00500000000 0.69442746454 -1.39970535821
-1.00000000000 0.00000000000 2.01562500000 0.00625000000 0.69475997337 -1.40037557133
-1.00000000000 0.00000000000 2.01562500000 0.00750000000 0.69509749297 -1.40105588426
-1.00000000000 0.00000000000 2.01562500000 0.00875000000 0.69544003309 -1.40174631671
-1.00000000000 0.00000000000 2.03125000000 -0.01000000000 0.69084338418 -1.40327562413
-1.00000000000 0.00000000000 2.03125000000 -0.00875000000 0.69111421369 -1.40382574655
-1.00000000000 0.00000000000 2.03125000000 -0.00750000000 0.69138993109 -1.40438579753
-1.00000000000 0.00000000000 2.03125000000 -0.00625000000 0.69167054454 -1.40495579359
-1.00000000000 0.00000000000 2.03125000000 -0.00500000000 0.69195606227 -1.40553575150
-1.00000000000 0.00000000000 2.03125000000 -0.00375000000 0.69224649270 -1.40612568829
-1.00000000000 0.00000000000 2.03125000000 -0.00250000000 0.69254184431 -1.40672562126
-1.00000000000 0.00000000000 2.03125000000 -0.00125000000 0.69284212577 -1.40733556796
-1.00000000000 0.00000000000 2.03125000000 0.00000000000 0.69314734582 -1.40795554620
-1.00000000000 0.00000000000 2.03125000000 0.00125000000 0.69345751337 -1.40858557403
-1.00000000000 0.00000000000 2.03125000000 0.00250000000 0.69377263744 -1.40922566979
-1.00000000000 0.00000000000 2.03125000000 0.00375000000 0.69409272718 -1.40987585208
-1.00000000000 0.00000000000 2.03125000000 0.00500000000 0.69441779187 -1.41053613974
-1.00000000000 0.00000000000 2.03125000000 0.00625000000 0.69474784094 -1.41120655190
-1.00000000000 0.00000000000 2.03125000000 0.00750000000 0.69508288391 -1.41188710795
-1.00000000000 0.00000000000 2.03125000000 0.00875000000 0.69542293048 -1.41257782753
-1.00000000000 0.00000000000 2.04687500000 -0.01000000000 0.69086166849 -1.41410747768
-1.00000000000 0.00000000000 2.04687500000 -0.00875000000 0.69113026705 -1.41465726537
-1.00000000000 0.00000000000 2.04687500000 -0.00750000000 0.69140373810 -1.41521702643
-1.00000000000 0.00000000000 2.04687500000 -0.00625000000 0.69168208968 -1.41578677731
-1.00000000000 0.00000000000 2.04687500000 -0.00500000000 0.69196532996 -1.41636653475
-1.00000000000 0.00000000000 2.04687500000 -0.00375000000 0.69225346722 -1.41695631572
-1.00000000000 0.00000000000 2.04687500000 -0.00250000000 0.69254650991 -1.41755613746
-1.00000000000 0.00000000000 2.04687500000 -0.00125000000 0.69284446655 -1.41816601746
-1.00000000000 0.00000000000 2.04687500000 0.00000000000 0.69314734582 -1.41878597347
-1.00000000000 0.00000000000 2.04687500000 0.00125000000 0.69345515652 -1.41941602351
-1.00000000000 0.00000000000 2.04687500000 0.00250000000 0.69376790759 -1.42005618585
-1.00000000000 0.00000000000 2.04687500000 0.00375000000 0.69408560807 -1.42070647902
-1.00000000000 0.00000000000 2.04687500000 0.00500000000 0.69440826715 -1.42136692183
-1.00000000000 0.00000000000 2.04687500000 0.00625000000 0.69473589415 -1.42203753334
-1.00000000000 0.00000000000 2.04687500000 0.00750000000 0.69506849851 -1.42271833289
-1.00000000000 0.00000000000 2.04687500000 0.00875000000 0.69540608981 -1.42340934008
-1.00000000000 0.00000000000 2.06250000000 -0.01000000000 0.69087967675 -1.42493933330
-1.00000000000 0.00000000000 2.06250000000 -0.00875000000 0.69114607795 -1.42548878578
-1.00000000000 0.00000000000 2.06250000000 -0.00750000000 0.69141733648 -1.42604825649
-1.00000000000 0.00000000000 2.06250000000 -0.00625000000 0.69169346029 -1.42661776186
-1.00000000000 0.00000000000 2.06250000000 -0.00500000000 0.69197445747 -1.42719731854
-1.00000000000 0.00000000000 2.06250000000 -0.00375000000 0.69226033622 -1.42778694346
-1.00000000000 0.00000000000 2.06250000000 -0.00250000000 0.69255110487 -1.42838665380
-1.00000000000 0.00000000000 2.06250000000 -0.00125000000 0.69284677188 -1.42899646700
-1.00000000000 0.00000000000 2.06250000000 0.00000000000 0.69314734582 -1.42961640075
-1.00000000000 0.00000000000 2.06250000000 0.00125000000 0.69345283541 -1.43024647302
-1.00000000000 0.00000000000 2.06250000000 0.00250000000 0.69376324947 -1.43088670203
-1.00000000000 0.00000000000 2.06250000000 0.00375000000 0.69407859698 -1.43153710626
-1.00000000000 0.00000000000 2.06250000000 0.00500000000 0.69439888701 -1.43219770446
-1.00000000000 0.00000000000 2.06250000000 0.00625000000 0.69472412879 -1.43286851564
-1.00000000000 0.00000000000 2.06250000000 0.00750000000 0.69505433167 -1.43354955907
-1.00000000000 0.00000000000 2.06250000000 0.00875000000 0.69538950512 -1.43424085431
-1.00000000000 0.00000000000 2.07812500000 -0.01000000000 0.69089741519 -1.43577119093
-1.00000000000 0.00000000000 2.07812500000 -0.00875000000 0.69116165184 -1.43632030773
-1.00000000000 0.00000000000 2.07812500000 -0.00750000000 0.69143073092 -1.43687948770
-1.00000000000 0.00000000000 2.07812500000 -0.00625000000 0.69170466030 -1.43744874720
-1.00000000000 0.00000000000 2.07812500000 -0.00500000000 0.69198344798 -1.43802810283
-1.00000000000 0.00000000000 2.07812500000 -0.00375000000 0.69226710206 -1.43861757148
-1.00000000000 0.00000000000 2.07812500000 -0.00250000000 0.69255563080 -1.43921717026
-1.00000000000 0.00000000000 2.07812500000 -0.00125000000 0.69284904256 -1.43982691656
-1.00000000000 0.00000000000 2.07812500000 0.00000000000 0.69314734582 -1.44044682803
-1.00000000000 0.00000000000 2.07812500000 0.00125000000 0.69345054921 -1.44107692257
-1.00000000000 0.00000000000 2.07812500000 0.00250000000 0.69375866146 -1.44171721835
-1.00000000000 0.00000000000 2.07812500000 0.00375000000 0.69407169146 -1.44236773381
-1.00000000000 0.00000000000 2.07812500000 0.00500000000 0.69438964818 -1.44302848762
-1.00000000000 0.00000000000 2.07812500000 0.00625000000 0.69471254076 -1.44369949877
-1.00000000000 0.00000000000 2.07812500000 0.00750000000 0.69504037845 -1.44438078646
-1.00000000000 0.00000000000 2.07812500000 0.00875000000 0.69537317062 -1.44507237020
-1.00000000000 0.00000000000 2.09375000000 -0.01000000000 0.69091488981 -1.44660305053
-1.00000000000 0.00000000000 2.09375000000 -0.00875000000 0.69117699401 -1.44715183120
-1.00000000000 0.00000000000 2.09375000000 -0.00750000000 0.69144392598 -1.44771072002
-1.00000000000 0.00000000000 2.09375000000 -0.00625000000 0.69171569352 -1.44827973331
-1.00000000000 0.00000000000 2.09375000000 -0.00500000000 0.69199230454 -1.44885888763
-1.00000000000 0.00000000000 2.09375000000 -0.00375000000 0.69227376706 -1.44944819978
-1.00000000000 0.00000000000 2.09375000000 -0.00250000000 0.69256008924 -1.45004768684
-1.00000000000 0.00000000000 2.09375000000 -0.00125000000 0.69285127936 -1.45065736616
-1.00000000000 0.00000000000 2.09375000000 0.00000000000 0.69314734582 -1.45127725531
-1.00000000000 0.00000000000 2.09375000000 0.00125000000 0.69344829715 -1.45190737215
-1.00000000000 0.00000000000 2.09375000000 0.00250000000 0.69375414200 -1.45254773480
-1.00000000000 0.00000000000 2.09375000000 0.00375000000 0.69406488914 -1.45319836164
-1.00000000000 0.00000000000 2.09375000000 0.00500000000 0.69438054749 -1.45385927131
-1.00000000000 0.00000000000 2.09375000000 0.00625000000 0.69470112607 -1.45453048271
-1.00000000000 0.00000000000 2.09375000000 0.00750000000 0.69502663404 -1.45521201503
-1.00000000000 0.00000000000 2.09375000000 0.00875000000 0.69535708069 -1.45590388770
-1.00000000000 0.00000000000 2.10937500000 -0.01000000000 0.69093210646 -1.45743491206
-1.00000000000 0.00000000000 2.10937500000 -0.00875000000 0.69119210958 -1.45798335615
-1.00000000000 0.00000000000 2.10937500000 -0.00750000000 0.69145692608 -1.45854195344
-1.00000000000 0.00000000000 2.10937500000 -0.00625000000 0.69172656365 -1.45911072019
-1.00000000000 0.00000000000 2.10937500000 -0.00500000000 0.69200103012 -1.45968967291
-1.00000000000 0.00000000000 2.10937500000 -0.00375000000 0.69228033344 -1.46027882836
-1.00000000000 0.00000000000 2.10937500000 -0.00250000000 0.69256448169 -1.46087820356
-1.00000000000 0.00000000000 2.10937500000 -0.00125000000 0.69285348304 -1.46148781579
-1.00000000000 0.00000000000 2.10937500000 0.00000000000 0.69314734582 -1.46210768259
-1.00000000000 0.00000000000 2.10937500000 0.00125000000 0.69344607847 -1.46273782176
-1.00000000000 0.00000000000 2.10937500000 0.00250000000 0.69374968954 -1.46337825138
-1.00000000000 0.00000000000 2.10937500000 0.00375000000 0.69405818774 -1.46402898976
-1.00000000000 0.00000000000 2.10937500000 0.00500000000 0.69437158187 -1.46469005550
-1.00000000000 0.00000000000 2.10937500000 0.00625000000 0.69468988087 -1.46536146745
-1.00000000000 0.00000000000 2.10937500000 0.00750000000 0.69501309381 -1.46604324475
-1.00000000000 0.00000000000 2.10937500000 0.00875000000 0.69534122988 -1.46673540678
-1.00000000000 0.00000000000 2.12500000000 -0.01000000000 0.69094907081 -1.46826677546
-1.00000000000 0.00000000000 2.12500000000 -0.00875000000 0.69120700355 -1.46881488254
-1.00000000000 0.00000000000 2.12500000000 -0.00750000000 0.69146973549 -1.46937318793
-1.00000000000 0.00000000000 2.12500000000 -0.00625000000 0.69173727427 -1.46994170782
-1.00000000000 0.00000000000 2.12500000000 -0.00500000000 0.69200962761 -1.47052045868
-1.00000000000 0.00000000000 2.12500000000 -0.00375000000 0.69228680339 -1.47110945721
-1.00000000000 0.00000000000 2.12500000000 -0.00250000000 0.69256880959 -1.47170872039
-1.00000000000 0.00000000000 2.12500000000 -0.00125000000 0.69285565433 -1.47231826544
-1.00000000000 0.00000000000 2.12500000000 0.00000000000 0.69314734582 -1.47293810987
-1.00000000000 0.00000000000 2.12500000000 0.00125000000 0.69344389243 -1.47356827140
-1.00000000000 0.00000000000 2.12500000000 0.00250000000 0.69374530262 -1.47420876808
-1.00000000000 0.00000000000 2.12500000000 0.00375000000 0.69405158501 -1.47485961815
-1.00000000000 0.00000000000 2.12500000000 0.00500000000 0.69436274832 -1.47552084018
-1.00000000000 0.00000000000 2.12500000000 0.00625000000 0.69467880140 -1.47619245297
-1.00000000000 0.00000000000 2.12500000000 0.00750000000 0.69499975322 -1.47687447560
-1.00000000000 0.00000000000 2.12500000000 0.00875000000 0.69532561289 -1.47756692740
-1.00000000000 0.00000000000 2.14062500000 -0.01000000000 0.69096578836 -1.47909864071
-1.00000000000 0.00000000000 2.14062500000 -0.00875000000 0.69122168075 -1.47964641035
-1.00000000000 0.00000000000 2.14062500000 -0.00750000000 0.69148235840 -1.48020442346
-1.00000000000 0.00000000000 2.14062500000 -0.00625000000 0.69174782887 -1.48077269617
-1.00000000000 0.00000000000 2.14062500000 -0.00500000000 0.69201809981 -1.48135124491
-1.00000000000 0.00000000000 2.14062500000 -0.00375000000 0.69229317901 -1.48194008632
-1.00000000000 0.00000000000 2.14062500000 -0.00250000000 0.69257307438 -1.48253923734
-1.00000000000 0.00000000000 2.14062500000 -0.00125000000 0.69285779393 -1.48314871513
-1.00000000000 0.00000000000 2.14062500000 0.00000000000 0.69314734582 -1.48376853714
-1.00000000000 0.00000000000 2.14062500000 0.00125000000 0.69344173831 -1.48439872108
-1.00000000000 0.00000000000 2.14062500000 0.00250000000 0.69374097980 -1.48503928489
-1.00000000000 0.00000000000 2.14062500000 0.00375000000 0.69404507881 -1.48569024682
-1.00000000000 0.00000000000 2.14062500000 0.00500000000 0.69435404396 -1.48635162536
-1.00000000000 0.00000000000 2.14062500000 0.00625000000 0.69466788403 -1.48702343926
-1.00000000000 0.00000000000 2.14062500000 0.00750000000 0.69498660791 -1.48770570755
-1.00000000000 0.00000000000 2.14062500000 0.00875000000 0.69531022460 -1.48839844952
-1.00000000000 0.00000000000 2.15625000000 -0.01000000000 0.69098226447 -1.48993050776
-1.00000000000 0.00000000000 2.15625000000 -0.00875000000 0.69123614588 -1.49047793955
-1.00000000000 0.00000000000 2.15625000000 -0.00750000000 0.69149479884 -1.49103566001
-1.00000000000 0.00000000000 2.15625000000 -0.00625000000 0.69175823084 -1.49160368524
-1.00000000000 0.00000000000 2.15625000000 -0.00500000000 0.69202644944 -1.49218203160
-1.00000000000 0.00000000000 2.15625000000 -0.00375000000 0.69229946235 -1.49277071570
-1.00000000000 0.00000000000 2.15625000000 -0.00250000000 0.69257727741 -1.49336975440
-1.00000000000 0.00000000000 2.15625000000 -0.00125000000 0.69285990254 -1.49397916485
-1.00000000000 0.00000000000 2.15625000000 0.00000000000 0.69314734582 -1.49459896442
-1.00000000000 0.00000000000 2.15625000000 0.00125000000 0.69343961543 -1.49522917078
-1.00000000000 0.00000000000 2.15625000000 0.00250000000 0.69373671969 -1.49586980183
-1.00000000000 0.00000000000 2.15625000000 0.00375000000 0.69403866702 -1.49652087576
-1.00000000000 0.00000000000 2.15625000000 0.00500000000 0.69434546597 -1.49718241101
-1.00000000000 0.00000000000 2.15625000000 0.00625000000 0.69465712523 -1.49785442629
-1.00000000000 0.00000000000 2.15625000000 0.00750000000 0.69497365360 -1.49853694058
-1.00000000000 0.00000000000 2.15625000000 0.00875000000 0.69529506000 -1.49922997313
-1.00000000000 0.00000000000 2.17187500000 -0.01000000000 0.69099850432 -1.50076237657
-1.00000000000 0.00000000000 2.17187500000 -0.00875000000 0.69125040350 -1.50130947010
-1.00000000000 0.00000000000 2.17187500000 -0.00750000000 0.69150706075 -1.50186689756
-1.00000000000 0.00000000000 2.17187500000 -0.00625000000 0.69176848346 -1.50243467501
-1.00000000000 0.00000000000 2.17187500000 -0.00500000000 0.69203467913 -1.50301281874
-1.00000000000 0.00000000000 2.17187500000 -0.00375000000 0.69230565540 -1.50360134533
-1.00000000000 0.00000000000 2.17187500000 -0.00250000000 0.69258142001 -1.50420027158
-1.00000000000 0.00000000000 2.17187500000 -0.00125000000 0.69286198082 -1.50480961459
-1.00000000000 0.00000000000 2.17187500000 0.00000000000 0.69314734582 -1.50542939170
-1.00000000000 0.00000000000 2.17187500000 0.00125000000 0.69343752311 -1.50605962051
-1.00000000000 0.00000000000 2.17187500000 0.00250000000 0.69373252092 -1.50670031888
-1.00000000000 0.00000000000 2.17187500000 0.00375000000 0.69403234760 -1.50735150495
-1.00000000000 0.00000000000 2.17187500000 0.00500000000 0.69433701162 -1.50801319712
-1.00000000000 0.00000000000 2.17187500000 0.00625000000 0.69464652157 -1.50868541405
-1.00000000000 0.00000000000 2.17187500000 0.00750000000 0.69496088618 -1.50936817466
-1.00000000000 0.00000000000 2.17187500000 0.00875000000 0.69528011427 -1.51006149817
-1.00000000000 0.00000000000 2.18750000000 -0.01000000000 0.69101451296 -1.51159424710
-1.00000000000 0.00000000000 2.18750000000 -0.00875000000 0.69126445804 -1.51214100197
-1.00000000000 0.00000000000 2.18750000000 -0.00750000000 0.69151914793 -1.51269813609
-1.00000000000 0.00000000000 2.18750000000 -0.00625000000 0.69177858992 -1.51326566545
-1.00000000000 0.00000000000 2.18750000000 -0.00500000000 0.69204279146 -1.51384360632
-1.00000000000 0.00000000000 2.18750000000 -0.00375000000 0.69231176009 -1.51443197520
-1.00000000000 0.00000000000 2.18750000000 -0.00250000000 0.69258550349 -1.51503078887
-1.00000000000 0.00000000000 2.18750000000 -0.00125000000 0.69286402943 -1.51564006437
-1.00000000000 0.00000000000 2.18750000000 0.00000000000 0.69314734582 -1.51625981898
-1.00000000000 0.00000000000 2.18750000000 0.00125000000 0.69343546069 -1.51689007026
-1.00000000000 0.00000000000 2.18750000000 0.00250000000 0.69372838219 -1.51753083604
-1.00000000000 0.00000000000 2.18750000000 0.00375000000 0.69402611858 -1.51818213440
-1.00000000000 0.00000000000 2.18750000000 0.00500000000 0.69432867826 -1.51884398369
-1.00000000000 0.00000000000 2.18750000000 0.00625000000 0.69463606972 -1.51951640252
-1.00000000000 0.00000000000 2.18750000000 0.00750000000 0.69494830161 -1.52019940978
-1.00000000000 0.00000000000 2.18750000000 0.00875000000 0.69526538269 -1.52089302463
-1.00000000000 0.00000000000 2.20312500000 -0.01000000000 0.69103029530 -1.52242611933
-1.00000000000 0.00000000000 2.20312500000 -0.00875000000 0.69127831383 -1.52297253515
-1.00000000000 0.00000000000 2.20312500000 -0.00750000000 0.69153106409 -1.52352937558
-1.00000000000 0.00000000000 2.20312500000 -0.00625000000 0.69178855334 -1.52409665657
-1.00000000000 0.00000000000 2.20312500000 -0.00500000000 0.69205078892 -1.52467439433
-1.00000000000 0.00000000000 2.20312500000 -0.00375000000 0.69231777830 -1.52526260532
-1.00000000000 0.00000000000 2.20312500000 -0.00250000000 0.69258952909 -1.52586130627
-1.00000000000 0.00000000000 2.20312500000 -0.00125000000 0.69286604898 -1.52647051417
-1.00000000000 0.00000000000 2.20312500000 0.00000000000 0.69314734582 -1.52709024626
-1.00000000000 0.00000000000 2.20312500000 0.00125000000 0.69343342754 -1.52772052005
-1.00000000000 0.00000000000 2.20312500000 0.00250000000 0.69372430221 -1.52836135332
-1.00000000000 0.00000000000 2.20312500000 0.00375000000 0.69401997803 -1.52901276410
-1.00000000000 0.00000000000 2.20312500000 0.00500000000 0.69432046330 -1.52967477070
-1.00000000000 0.00000000000 2.20312500000 0.00625000000 0.69462576644 -1.53034739169
-1.00000000000 0.00000000000 2.20312500000 0.00750000000 0.69493589602 -1.53103064591
-1.00000000000 0.00000000000 2.20312500000 0.00875000000 0.69525086070 -1.53172455247
-1.00000000000 0.00000000000 2.21875000000 -0.01000000000 0.69104585609 -1.53325799320
-1.00000000000 0.00000000000 2.21875000000 -0.00875000000 0.69129197503 -1.53380406959
-1.00000000000 0.00000000000 2.21875000000 -0.00750000000 0.69154281285 -1.53436061601
-1.00000000000 0.00000000000 2.21875000000 -0.00625000000 0.69179837672 -1.53492764834
-1.00000000000 0.00000000000 2.21875000000 -0.00500000000 0.69205867392 -1.53550518276
-1.00000000000 0.00000000000 2.21875000000 -0.00375000000 0.69232371185 -1.53609323568
-1.00000000000 0.00000000000 2.21875000000 -0.00250000000 0.69259349804 -1.53669182378
-1.00000000000 0.00000000000 2.21875000000 -0.00125000000 0.69286804011 -1.53730096400
-1.00000000000 0.00000000000 2.21875000000 0.00000000000 0.69314734582 -1.53792067354
-1.00000000000 0.00000000000 2.21875000000 0.00125000000 0.69343142304 -1.53855096986
-1.00000000000 0.00000000000 2.21875000000 0.00250000000 0.69372027975 -1.53919187070
-1.00000000000 0.00000000000 2.21875000000 0.00375000000 0.69401392408 -1.53984339404
-1.00000000000 0.00000000000 2.21875000000 0.00500000000 0.69431236424 -1.54050555815
-1.00000000000 0.00000000000 2.21875000000 0.00625000000 0.69461560858 -1.54117838155
-1.00000000000 0.00000000000 2.21875000000 0.00750000000 0.69492366559 -1.54186188303
-1.00000000000 0.00000000000 2.21875000000 0.00875000000 0.69523654385 -1.54255608166
-1.00000000000 0.00000000000 2.23437500000 -0.01000000000 0.69106119998 -1.54408986870
-1.00000000000 0.00000000000 2.23437500000 -0.00875000000 0.69130544572 -1.54463560529
-1.00000000000 0.00000000000 2.23437500000 -0.00750000000 0.69155439770 -1.54519185735
-1.00000000000 0.00000000000 2.23437500000 -0.00625000000 0.69180806299 -1.54575864075
-1.00000000000 0.00000000000 2.23437500000 -0.00500000000 0.69206644883 -1.54633597160
-1.00000000000 0.00000000000 2.23437500000 -0.00375000000 0.69232956252 -1.54692386627
-1.00000000000 0.00000000000 2.23437500000 -0.00250000000 0.69259741153 -1.54752234138
-1.00000000000 0.00000000000 2.23437500000 -0.00125000000 0.69287000340 -1.54813141385
-1.00000000000 0.00000000000 2.23437500000 0.00000000000 0.69314734582 -1.54875110081
-1.00000000000 0.00000000000 2.23437500000 0.00125000000 0.69342944658 -1.54938141970
-1.00000000000 0.00000000000 2.23437500000 0.00250000000 0.69371631359 -1.55002238819
-1.00000000000 0.00000000000 2.23437500000 0.00375000000 0.69400795490 -1.55067402422
-1.00000000000 0.00000000000 2.23437500000 0.00500000000 0.69430437864 -1.55133634602
-1.00000000000 0.00000000000 2.23437500000 0.00625000000 0.69460559310 -1.55200937207
-1.00000000000 0.00000000000 2.23437500000 0.00750000000 0.69491160665 -1.55269312112
-1.00000000000 0.00000000000 2.23437500000 0.00875000000 0.69522242783 -1.55338761218
-1.00000000000 0.00000000000 2.25000000000 -0.01000000000 0.69107633146 -1.55492174578
-1.00000000000 0.00000000000 2.25000000000 -0.00875000000 0.69131872986 -1.55546714219
-1.00000000000 0.00000000000 2.25000000000 -0.00750000000 0.69156582204 -1.55602309960
-1.00000000000 0.00000000000 2.25000000000 -0.00625000000 0.69181761502 -1.55658963379
-1.00000000000 0.00000000000 2.25000000000 -0.00500000000 0.69207411593 -1.55716676084
-1.00000000000 0.00000000000 2.25000000000 -0.00375000000 0.69233533204 -1.55775449708
-1.00000000000 0.00000000000 2.25000000000 -0.00250000000 0.69260127071 -1.55835285909
-1.00000000000 0.00000000000 2.25000000000 -0.00125000000 0.69287193943 -1.55896186373
-1.00000000000 0.00000000000 2.25000000000 0.00000000000 0.69314734582 -1.55958152809
-1.00000000000 0.00000000000 2.25000000000 0.00125000000 0.69342749758 -1.56021186956
-1.00000000000 0.00000000000 2.25000000000 0.00250000000 0.69371240257 -1.56085290578
-1.00000000000 0.00000000000 2.25000000000 0.00375000000 0.69400206873 -1.56150465464
-1.00000000000 0.00000000000 2.25000000000 0.00500000000 0.69429650414 -1.56216713432
-1.00000000000 0.00000000000 2.25000000000 0.00625000000 0.69459571700 -1.56284036325
-1.00000000000 0.00000000000 2.25000000000 0.00750000000 0.69489971562 -1.56352436015
-1.00000000000 0.00000000000 2.25000000000 0.00875000000 0.69520850844 -1.56421914400
-1.00000000000 0.00000000000 2.26562500000 -0.01000000000 0.69109125491 -1.56575362441
-1.00000000000 0.00000000000 2.26562500000 -0.00875000000 0.69133183130 -1.56629868030
-1.00000000000 0.00000000000 2.26562500000 -0.00750000000 0.69157708920 -1.56685434272
-1.00000000000 0.00000000000 2.26562500000 -0.00625000000 0.69182703556 -1.56742062744
-1.00000000000 0.00000000000 2.26562500000 -0.00500000000 0.69208167745 -1.56799755048
-1.00000000000 0.00000000000 2.26562500000 -0.00375000000 0.69234102207 -1.56858512812
-1.00000000000 0.00000000000 2.26562500000 -0.00250000000 0.69260507670 -1.56918337690
-1.00000000000 0.00000000000 2.26562500000 -0.00125000000 0.69287384878 -1.56979231363
-1.00000000000 0.00000000000 2.26562500000 0.00000000000 0.69314734582 -1.57041195537
-1.00000000000 0.00000000000 2.26562500000 0.00125000000 0.69342557548 -1.57104231945
-1.00000000000 0.00000000000 2.26562500000 0.00250000000 0.69370854553 -1.57168342347
-1.00000000000 0.00000000000 2.26562500000 0.00375000000 0.69399626385 -1.57233528528
-1.00000000000 0.00000000000 2.26562500000 0.00500000000 0.69428873844 -1.57299792302
-1.00000000000 0.00000000000 2.26562500000 0.00625000000 0.69458597741 -1.57367135508
-1.00000000000 0.00000000000 2.26562500000 0.00750000000 0.69488798902 -1.57435560012
-1.00000000000 0.00000000000 2.26562500000 0.00875000000 0.69519478161 -1.57505067708
-1.00000000000 0.00000000000 2.28125000000 -0.01000000000 0.69110597460 -1.57658550456
-1.00000000000 0.00000000000 2.28125000000 -0.00875000000 0.69134475378 -1.57713021957
-1.00000000000 0.00000000000 2.28125000000 -0.00750000000 0.69158820239 -1.57768558671
-1.00000000000 0.00000000000 2.28125000000 -0.00625000000 0.69183632732 -1.57825162170
-1.00000000000 0.00000000000 2.28125000000 -0.00500000000 0.69208913556 -1.57882834051
-1.00000000000 0.00000000000 2.28125000000 -0.00375000000 0.69234663425 -1.57941575938
-1.00000000000 0.00000000000 2.28125000000 -0.00250000000 0.69260883060 -1.58001389481
-1.00000000000 0.00000000000 2.28125000000 -0.00125000000 0.69287573197 -1.58062276356
-1.00000000000 0.00000000000 2.28125000000 0.00000000000 0.69314734582 -1.58124238265
-1.00000000000 0.00000000000 2.28125000000 0.00125000000 0.69342367972 -1.58187276937
-1.00000000000 0.00000000000 2.28125000000 0.00250000000 0.69370474137 -1.58251394126
-1.00000000000 0.00000000000 2.28125000000 0.00375000000 0.69399053859 -1.58316591615
-1.00000000000 0.00000000000 2.28125000000 0.00500000000 0.69428107929 -1.58382871212
-1.00000000000 0.00000000000 2.28125000000 0.00625000000 0.69457637152 -1.58450234753
-1.00000000000 0.00000000000 2.28125000000 0.00750000000 0.69487642345 -1.58518684099
-1.00000000000 0.00000000000 2.28125000000 0.00875000000 0.69518124336 -1.58588221141
-1.00000000000 0.00000000000 2.29687500000 -0.01000000000 0.69112049467 -1.58741738620
-1.00000000000 0.00000000000 2.29687500000 -0.00875000000 0.69135750095 -1.58796175998
-1.00000000000 0.00000000000 2.29687500000 -0.00750000000 0.69159916475 -1.58851683154
-1.00000000000 0.00000000000 2.29687500000 -0.00625000000 0.69184549291 -1.58908261654
-1.00000000000 0.00000000000 2.29687500000 -0.00500000000 0.69209649237 -1.58965913091
-1.00000000000 0.00000000000 2.29687500000 -0.00375000000 0.69235217017 -1.59024639085
-1.00000000000 0.00000000000 2.29687500000 -0.00250000000 0.69261253347 -1.59084441281
-1.00000000000 0.00000000000 2.29687500000 -0.00125000000 0.69287758956 -1.59145321351
-1.00000000000 0.00000000000 2.29687500000 0.00000000000 0.69314734582 -1.59207280993
-1.00000000000 0.00000000000 2.29687500000 0.00125000000 0.69342180977 -1.59270321930
-1.00000000000 0.00000000000 2.29687500000 0.00250000000 0.69370098902 -1.59334445915
-1.00000000000 0.00000000000 2.29687500000 0.00375000000 0.69398489132 -1.59399654724
-1.00000000000 0.00000000000 2.29687500000 0.00500000000 0.69427352452 -1.59465950162
-1.00000000000 0.00000000000 2.29687500000 0.00625000000 0.69456689659 -1.59533334060
-1.00000000000 0.00000000000 2.29687500000 0.00750000000 0.69486501562 -1.59601808276
-1.00000000000 0.00000000000 2.29687500000 0.00875000000 0.69516788983 -1.59671374696
-1.00000000000 0.00000000000 2.31250000000 -0.01000000000 0.69113481915 -1.59824926929
-1.00000000000 0.00000000000 2.31250000000 -0.00875000000 0.69137007633 -1.59879330152
-1.00000000000 0.00000000000 2.31250000000 -0.00750000000 0.69160997933 -1.59934807720
-1.00000000000 0.00000000000 2.31250000000 -0.00625000000 0.69185453490 -1.59991361196
-1.00000000000 0.00000000000 2.31250000000 -0.00500000000 0.69210374992 -1.60048992169
-1.00000000000 0.00000000000 2.31250000000 -0.00375000000 0.69235763137 -1.60107702253
-1.00000000000 0.00000000000 2.31250000000 -0.00250000000 0.69261618634 -1.60167493091
-1.00000000000 0.00000000000 2.31250000000 -0.00125000000 0.69287942205 -1.60228366349
-1.00000000000 0.00000000000 2.31250000000 0.00000000000 0.69314734582 -1.60290323721
-1.00000000000 0.00000000000 2.31250000000 0.00125000000 0.69341996509 -1.60353366927
-1.00000000000 0.00000000000 2.31250000000 0.00250000000 0.69369728741 -1.60417497713
-1.00000000000 0.00000000000 2.31250000000 0.00375000000 0.69397932045 -1.60482717855
-1.00000000000 0.00000000000 2.31250000000 0.00500000000 0.69426607200 -1.60549029150
-1.00000000000 0.00000000000 2.31250000000 0.00625000000 0.69455754996 -1.60616433427
-1.00000000000 0.00000000000 2.31250000000 0.00750000000 0.69485376233 -1.60684932540
-1.00000000000 0.00000000000 2.31250000000 0.00875000000 0.69515471727 -1.60754528369
-1.00000000000 0.00000000000 2.32812500000 -0.01000000000 0.69114895198 -1.60908115382
-1.00000000000 0.00000000000 2.32812500000 -0.00875000000 0.69138248340 -1.60962484416
-1.00000000000 0.00000000000 2.32812500000 -0.00750000000 0.69162064909 -1.61017932367
-1.00000000000 0.00000000000 2.32812500000 -0.00625000000 0.69186345576 -1.61074460795
-1.00000000000 0.00000000000 2.32812500000 -0.00500000000 0.69211091021 -1.61132071283
-1.00000000000 0.00000000000 2.32812500000 -0.00375000000 0.69236301935 -1.61190765442
-1.00000000000 0.00000000000 2.32812500000 -0.00250000000 0.69261979022 -1.61250544910
-1.00000000000 0.00000000000 2.32812500000 -0.00125000000 0.69288122995 -1.61311411349
-1.00000000000 0.00000000000 2.32812500000 0.00000000000 0.69314734582 -1.61373366449
-1.00000000000 0.00000000000 2.32812500000 0.00125000000 0.69341814518 -1.61436411925
-1.00000000000 0.00000000000 2.32812500000 0.00250000000 0.69369363553 -1.61500549521
-1.00000000000 0.00000000000 2.32812500000 0.00375000000 0.69397382446 -1.61565781006
-1.00000000000 0.00000000000 2.32812500000 0.00500000000 0.69425871968 -1.61632108176
-1.00000000000 0.00000000000 2.32812500000 0.00625000000 0.69454832904 -1.61699532854
-1.00000000000 0.00000000000 2.32812500000 0.00750000000 0.69484266046 -1.61768056889
-1.00000000000 0.00000000000 2.32812500000 0.00875000000 0.69514172203 -1.61837682160
-1.00000000000 0.00000000000 2.34375000000 -0.01000000000 0.69116289696 -1.61991303975
-1.00000000000 0.00000000000 2.34375000000 -0.00875000000 0.69139472549 -1.62045638787
-1.00000000000 0.00000000000 2.34375000000 -0.00750000000 0.69163117693 -1.62101057094
-1.00000000000 0.00000000000 2.34375000000 -0.00625000000 0.69187225791 -1.62157560449
-1.00000000000 0.00000000000 2.34375000000 -0.00500000000 0.69211797518 -1.62215150432
-1.00000000000 0.00000000000 2.34375000000 -0.00375000000 0.69236833558 -1.62273828651
-1.00000000000 0.00000000000 2.34375000000 -0.00250000000 0.69262334608 -1.62333596738
-1.00000000000 0.00000000000 2.34375000000 -0.00125000000 0.69288301376 -1.62394456351
-1.00000000000 0.00000000000 2.34375000000 0.00000000000 0.69314734582 -1.62456409176
-1.00000000000 0.00000000000 2.34375000000 0.00125000000 0.69341634955 -1.62519456926
-1.00000000000 0.00000000000 2.34375000000 0.00250000000 0.69369003238 -1.62583601338
-1.00000000000 0.00000000000 2.34375000000 0.00375000000 0.69396840183 -1.62648844178
-1.00000000000 0.00000000000 2.34375000000 0.00500000000 0.69425146555 -1.62715187239
-1.00000000000 0.00000000000 2.34375000000 0.00625000000 0.69453923131 -1.62782632338
-1.00000000000 0.00000000000 2.34375000000 0.00750000000 0.69483170698 -1.62851181323
-1.00000000000 0.00000000000 2.34375000000 0.00875000000 0.69512890055 -1.62920836066
-1.00000000000 0.00000000000 2.35937500000 -0.01000000000 0.69117665782 -1.63074492705
-1.00000000000 0.00000000000 2.35937500000 -0.00875000000 0.69140680589 -1.63128793264
-1.00000000000 0.00000000000 2.35937500000 -0.00750000000 0.69164156566 -1.63184181898
-1.00000000000 0.00000000000 2.35937500000 -0.00625000000 0.69188094371 -1.63240660157
-1.00000000000 0.00000000000 2.35937500000 -0.00500000000 0.69212494672 -1.63298229617
-1.00000000000 0.00000000000 2.35937500000 -0.00375000000 0.69237358148 -1.63356891880
-1.00000000000 0.00000000000 2.35937500000 -0.00250000000 0.69262685488 -1.63416648574
-1.00000000000 0.00000000000 2.35937500000 -0.00125000000 0.69288477396 -1.63477501355
-1.00000000000 0.00000000000 2.35937500000 0.00000000000 0.69314734582 -1.63539451904
-1.00000000000 0.00000000000 2.35937500000 0.00125000000 0.69341457771 -1.63602501929
-1.00000000000 0.00000000000 2.35937500000 0.00250000000 0.69368647699 -1.63666653164
-1.00000000000 0.00000000000 2.35937500000 0.00375000000 0.69396305111 -1.63731907371
-1.00000000000 0.00000000000 2.35937500000 0.00500000000 0.69424430766 -1.63798266337
-1.00000000000 0.00000000000 2.35937500000 0.00625000000 0.69453025432 -1.63865731879
-1.00000000000 0.00000000000 2.35937500000 0.00750000000 0.69482089892 -1.63934305838
-1.00000000000 0.00000000000 2.35937500000 0.00875000000 0.69511624936 -1.64003990084
-1.00000000000 0.00000000000 2.37500000000 -0.01000000000 0.69119023819 -1.64157681570
-1.00000000000 0.00000000000 2.37500000000 -0.00875000000 0.69141872777 -1.64211947845
-1.00000000000 0.00000000000 2.37500000000 -0.00750000000 0.69165181802 -1.64267306779
-1.00000000000 0.00000000000 2.37500000000 -0.00625000000 0.69188951545 -1.64323759919
-1.00000000000 0.00000000000 2.37500000000 -0.00500000000 0.69213182668 -1.64381308836
-1.00000000000 0.00000000000 2.37500000000 -0.00375000000 0.69237875843 -1.64439955128
-1.00000000000 0.00000000000 2.37500000000 -0.00250000000 0.69263031756 -1.64499700419
-1.00000000000 0.00000000000 2.37500000000 -0.00125000000 0.69288651100 -1.64560546362
-1.00000000000 0.00000000000 2.37500000000 0.00000000000 0.69314734582 -1.64622494632
-1.00000000000 0.00000000000 2.37500000000 0.00125000000 0.69341282920 -1.64685546934
-1.00000000000 0.00000000000 2.37500000000 0.00250000000 0.69368296842 -1.64749704999
-1.00000000000 0.00000000000 2.37500000000 0.00375000000 0.69395777088 -1.64814970583
-1.00000000000 0.00000000000 2.37500000000 0.00500000000 0.69423724409 -1.64881345472
-1.00000000000 0.00000000000 2.37500000000 0.00625000000 0.69452139569 -1.64948831476
-1.00000000000 0.00000000000 2.37500000000 0.00750000000 0.69481023341 -1.65017430434
-1.00000000000 0.00000000000 2.37500000000 0.00875000000 0.69510376510 -1.65087144212
-1.00000000000 0.00000000000 2.39062500000 -0.01000000000 0.69120364159 -1.65240870567
-1.00000000000 0.00000000000 2.39062500000 -0.00875000000 0.69143049423 -1.65295102527
-1.00000000000 0.00000000000 2.39062500000 -0.00750000000 0.69166193667 -1.65350431735
-1.00000000000 0.00000000000 2.39062500000 -0.00625000000 0.69189797535 -1.65406859733
-1.00000000000 0.00000000000 2.39062500000 -0.00500000000 0.69213861684 -1.65464388088
-1.00000000000 0.00000000000 2.39062500000 -0.00375000000 0.69238386779 -1.65523018395
-1.00000000000 0.00000000000 2.39062500000 -0.00250000000 0.69263373500 -1.65582752273
-1.00000000000 0.00000000000 2.39062500000 -0.00125000000 0.69288822534 -1.65643591370
-1.00000000000 0.00000000000 2.39062500000 0.00000000000 0.69314734582 -1.65705537360
-1.00000000000 0.00000000000 2.39062500000 0.00125000000 0.69341110355 -1.65768591942
-1.00000000000 0.00000000000 2.39062500000 0.00250000000 0.69367950574 -1.65832756842
-1.00000000000 0.00000000000 2.39062500000 0.00375000000 0.69395255975 -1.65898033815
-1.00000000000 0.00000000000 2.39062500000 0.00500000000 0.69423027301 -1.65964424641
-1.00000000000 0.00000000000 2.39062500000 0.00625000000 0.69451265308 -1.66031931127
-1.00000000000 0.00000000000 2.39062500000 0.00750000000 0.69479970764 -1.66100555109
-1.00000000000 0.00000000000 2.39062500000 0.00875000000 0.69509144449 -1.66170298448
-1.00000000000 0.00000000000 2.40625000000 -0.01000000000 0.69121687145 -1.66324059693
-1.00000000000 0.00000000000 2.40625000000 -0.00875000000 0.69144210830 -1.66378257309
-1.00000000000 0.00000000000 2.40625000000 -0.00750000000 0.69167192422 -1.66433556765
-1.00000000000 0.00000000000 2.40625000000 -0.00625000000 0.69190632560 -1.66489959598
-1.00000000000 0.00000000000 2.40625000000 -0.00500000000 0.69214531895 -1.66547467373
-1.00000000000 0.00000000000 2.40625000000 -0.00375000000 0.69238891088 -1.66606081680
-1.00000000000 0.00000000000 2.40625000000 -0.00250000000 0.69263710809 -1.66665804135
-1.00000000000 0.00000000000 2.40625000000 -0.00125000000 0.69288991743 -1.66726636381
-1.00000000000 0.00000000000 2.40625000000 0.00000000000 0.69314734582 -1.66788580088
-1.00000000000 0.00000000000 2.40625000000 0.00125000000 0.69340940032 -1.66851636951
-1.00000000000 0.00000000000 2.40625000000 0.00250000000 0.69367608808 -1.66915808694
-1.00000000000 0.00000000000 2.40625000000 0.00375000000 0.69394741638 -1.66981097066
-1.00000000000 0.00000000000 2.40625000000 0.00500000000 0.69422339260 -1.67047503844
-1.00000000000 0.00000000000 2.40625000000 0.00625000000 0.69450402424 -1.67115030832
-1.00000000000 0.00000000000 2.40625000000 0.00750000000 0.69478931890 -1.67183679861
-1.00000000000 0.00000000000 2.40625000000 0.00875000000 0.69507928432 -1.67253452789
-1.00000000000 0.00000000000 2.42187500000 -0.01000000000 0.69122993113 -1.67407248947
-1.00000000000 0.00000000000 2.42187500000 -0.00875000000 0.69145357291 -1.67461412188
-1.00000000000 0.00000000000 2.42187500000 -0.00750000000 0.69168178319 -1.67516681866
-1.00000000000 0.00000000000 2.42187500000 -0.00625000000 0.69191456831 -1.67573059513
-1.00000000000 0.00000000000 2.42187500000 -0.00500000000 0.69215193472 -1.67630546691
-1.00000000000 0.00000000000 2.42187500000 -0.00375000000 0.69239388897 -1.67689144984
-1.00000000000 0.00000000000 2.42187500000 -0.00250000000 0.69264043770 -1.67748856005
-1.00000000000 0.00000000000 2.42187500000 -0.00125000000 0.69289158769 -1.67809681394
-1.00000000000 0.00000000000 2.42187500000 0.00000000000 0.69314734582 -1.67871622816
-1.00000000000 0.00000000000 2.42187500000 0.00125000000 0.69340771907 -1.67934681962
-1.00000000000 0.00000000000 2.42187500000 0.00250000000 0.69367271454 -1.67998860554
-1.00000000000 0.00000000000 2.42187500000 0.00375000000 0.69394233945 -1.68064160336
-1.00000000000 0.00000000000 2.42187500000 0.00500000000 0.69421660111 -1.68130583081
-1.00000000000 0.00000000000 2.42187500000 0.00625000000 0.69449550695 -1.68198130589
-1.00000000000 0.00000000000 2.42187500000 0.00750000000 0.69477906452 -1.68266804689
-1.00000000000 0.00000000000 2.42187500000 0.00875000000 0.69506728149 -1.68336607235
-1.00000000000 0.00000000000 2.43750000000 -0.01000000000 0.69124282389 -1.68490438324
-1.00000000000 0.00000000000 2.43750000000 -0.00875000000 0.69146489093 -1.68544567163
-1.00000000000 0.00000000000 2.43750000000 -0.00750000000 0.69169151605 -1.68599807038
-1.00000000000 0.00000000000 2.43750000000 -0.00625000000 0.69192270555 -1.68656159478
-1.00000000000 0.00000000000 2.43750000000 -0.00500000000 0.69215846581 -1.68713626040
-1.00000000000 0.00000000000 2.43750000000 -0.00375000000 0.69239880330 -1.68772208306
-1.00000000000 0.00000000000 2.43750000000 -0.00250000000 0.69264372465 -1.68831907883
-1.00000000000 0.00000000000 2.43750000000 -0.00125000000 0.69289323655 -1.68892726409
-1.00000000000 0.00000000000 2.43750000000 0.00000000000 0.69314734582 -1.68954665543
-1.00000000000 0.00000000000 2.43750000000 0.00125000000 0.69340605939 -1.69017726976
-1.00000000000 0.00000000000 2.43750000000 0.00250000000 0.69366938430 -1.69081912422
-1.00000000000 0.00000000000 2.43750000000 0.00375000000 0.69393732769 -1.69147223624
-1.00000000000 0.00000000000 2.43750000000 0.00500000000 0.69420989682 -1.69213662350
-1.00000000000 0.00000000000 2.43750000000 0.00625000000 0.69448709907 -1.69281230398
-1.00000000000 0.00000000000 2.43750000000 0.00750000000 0.69476894192 -1.69349929592
-1.00000000000 0.00000000000 2.43750000000 0.00875000000 0.69505543295 -1.69419761782
-1.00000000000 0.00000000000 2.45312500000 -0.01000000000 0.69125555291 -1.69573627824
-1.00000000000 0.00000000000 2.45312500000 -0.00875000000 0.69147606515 -1.69627722232
-1.00000000000 0.00000000000 2.45312500000 -0.00750000000 0.69170112521 -1.69682932279
-1.00000000000 0.00000000000 2.45312500000 -0.00625000000 0.69193073933 -1.69739259491
-1.00000000000 0.00000000000 2.45312500000 -0.00500000000 0.69216491382 -1.69796705420
-1.00000000000 0.00000000000 2.45312500000 -0.00375000000 0.69240365511 -1.69855271645
-1.00000000000 0.00000000000 2.45312500000 -0.00250000000 0.69264696976 -1.69914959769
-1.00000000000 0.00000000000 2.45312500000 -0.00125000000 0.69289486441 -1.69975771425
-1.00000000000 0.00000000000 2.45312500000 0.00000000000 0.69314734582 -1.70037708271
-1.00000000000 0.00000000000 2.45312500000 0.00125000000 0.69340442086 -1.70100771992
-1.00000000000 0.00000000000 2.45312500000 0.00250000000 0.69366609650 -1.70164964298
-1.00000000000 0.00000000000 2.45312500000 0.00375000000 0.69393237984 -1.70230286930
-1.00000000000 0.00000000000 2.45312500000 0.00500000000 0.69420327807 -1.70296741652
-1.00000000000 0.00000000000 2.45312500000 0.00625000000 0.69447879850 -1.70364330258
-1.00000000000 0.00000000000 2.45312500000 0.00750000000 0.69475894856 -1.70433054568
-1.00000000000 0.00000000000 2.45312500000 0.00875000000 0.69504373576 -1.70502916429
-1.00000000000 0.00000000000 2.46875000000 -0.01000000000 0.69126812129 -1.70656817444
-1.00000000000 0.00000000000 2.46875000000 -0.00875000000 0.69148709830 -1.70710877393
-1.00000000000 0.00000000000 2.46875000000 -0.00750000000 0.69171061302 -1.70766057588
-1.00000000000 0.00000000000 2.46875000000 -0.00625000000 0.69193867160 -1.70822359552
-1.00000000000 0.00000000000 2.46875000000 -0.00500000000 0.69217128033 -1.70879784831
-1.00000000000 0.00000000000 2.46875000000 -0.00375000000 0.69240844557 -1.70938335001
-1.00000000000 0.00000000000 2.46875000000 -0.00250000000 0.69265017382 -1.70998011663
-1.00000000000 0.00000000000 2.46875000000 -0.00125000000 0.69289647167 -1.71058816444
-1.00000000000 0.00000000000 2.46875000000 0.00000000000 0.69314734582 -1.71120750999
-1.00000000000 0.00000000000 2.46875000000 0.00125000000 0.69340280307 -1.71183817009
-1.00000000000 0.00000000000 2.46875000000 0.00250000000 0.69366285036 -1.71248016182
-1.00000000000 0.00000000000 2.46875000000 0.00375000000 0.69392749470 -1.71313350253
-1.00000000000 0.00000000000 2.46875000000 0.00500000000 0.69419674323 -1.71379820985
-1.00000000000 0.00000000000 2.46875000000 0.00625000000 0.69447060321 -1.71447430167
-1.00000000000 0.00000000000 2.46875000000 0.00750000000 0.69474908198 -1.71516179615
-1.00000000000 0.00000000000 2.46875000000 0.00875000000 0.69503218703 -1.71586071174
-1.00000000000 0.00000000000 2.48437500000 -0.01000000000 0.69128053205 -1.71740007181
-1.00000000000 0.00000000000 2.48437500000 -0.00875000000 0.69149799303 -1.71794032644
-1.00000000000 0.00000000000 2.48437500000 -0.00750000000 0.69171998174 -1.71849182964
-1.00000000000 0.00000000000 2.48437500000 -0.00625000000 0.69194650429 -1.71905459659
-1.00000000000 0.00000000000 2.48437500000 -0.00500000000 0.69217756688 -1.71962864272
-1.00000000000 0.00000000000 2.48437500000 -0.00375000000 0.69241317585 -1.72021398375
-1.00000000000 0.00000000000 2.48437500000 -0.00250000000 0.69265333762 -1.72081063564
-1.00000000000 0.00000000000 2.48437500000 -0.00125000000 0.69289805873 -1.72141861465
-1.00000000000 0.00000000000 2.48437500000 0.00000000000 0.69314734582 -1.72203793727
-1.00000000000 0.00000000000 2.48437500000 0.00125000000 0.69340120565 -1.72266862028
-1.00000000000 0.00000000000 2.48437500000 0.00250000000 0.69365964508 -1.72331068074
-1.00000000000 0.00000000000 2.48437500000 0.00375000000 0.69392267107 -1.72396413594
-1.00000000000 0.00000000000 2.48437500000 0.00500000000 0.69419029071 -1.72462900349
-1.00000000000 0.00000000000 2.48437500000 0.00625000000 0.69446251119 -1.72530530124
-1.00000000000 0.00000000000 2.48437500000 0.00750000000 0.69473933980 -1.72599304732
-1.00000000000 0.00000000000 2.48437500000 0.00875000000 0.69502078396 -1.72669226015
-1.00000000000 0.00000000000 2.50000000000 -0.01000000000 0.69129278814 -1.72823197034
-1.00000000000 0.00000000000 2.50000000000 -0.00875000000 0.69150875194 -1.72877187985
-1.00000000000 0.00000000000 2.50000000000 -0.00750000000 0.69172923362 -1.72932308406
-1.00000000000 0.00000000000 2.50000000000 -0.00625000000 0.69195423925 -1.72988559811
-1.00000000000 0.00000000000 2.50000000000 -0.00500000000 0.69218377497 -1.73045943742
-1.00000000000 0.00000000000 2.50000000000 -0.00375000000 0.69241784706 -1.73104461764
-1.00000000000 0.00000000000 2.50000000000 -0.00250000000 0.69265646189 -1.73164115473
-1.00000000000 0.00000000000 2.50000000000 -0.00125000000 0.69289962595 -1.73224906487
-1.00000000000 0.00000000000 2.50000000000 0.00000000000 0.69314734582 -1.73286836455
-1.00000000000 0.00000000000 2.50000000000 0.00125000000 0.69339962820 -1.73349907050
-1.00000000000 0.00000000000 2.50000000000 0.00250000000 0.69365647989 -1.73414119973
-1.00000000000 0.00000000000 2.50000000000 0.00375000000 0.69391790781 -1.73479476952
-1.00000000000 0.00000000000 2.50000000000 0.00500000000 0.69418391897 -1.73545979744
-1.00000000000 0.00000000000 2.50000000000 0.00625000000 0.69445452052 -1.73613630129
-1.00000000000 0.00000000000 2.50000000000 0.00750000000 0.69472971968 -1.73682429919
-1.00000000000 0.00000000000 2.50000000000 0.00875000000 0.69500952380 -1.73752380951
-1.00000000000 0.00000000000 2.51562500000 -0.01000000000 0.69130489242 -1.73906387000
-1.00000000000 0.00000000000 2.51562500000 -0.00875000000 0.69151937754 -1.73960343412
-1.00000000000 0.00000000000 2.51562500000 -0.00750000000 0.69173837083 -1.74015433911
-1.00000000000 0.00000000000 2.51562500000 -0.00625000000 0.69196187830 -1.74071660009
-1.00000000000 0.00000000000 2.51562500000 -0.00500000000 0.69218990605 -1.74129023241
-1.00000000000 0.00000000000 2.51562500000 -0.00375000000 0.69242246031 -1.74187525171
-1.00000000000 0.00000000000 2.51562500000 -0.00250000000 0.69265954738 -1.74247167389
-1.00000000000 0.00000000000 2.51562500000 -0.00125000000 0.69290117371 -1.74307951511
-1.00000000000 0.00000000000 2.51562500000 0.00000000000 0.69314734582 -1.74369879183
-1.00000000000 0.00000000000 2.51562500000 0.00125000000 0.69339807035 -1.74432952073
-1.00000000000 0.00000000000 2.51562500000 0.00250000000 0.69365335405 -1.74497171879
-1.00000000000 0.00000000000 2.51562500000 0.00375000000 0.69391320378 -1.74562540327
-1.00000000000 0.00000000000 2.51562500000 0.00500000000 0.69417762651 -1.74629059168
-1.00000000000 0.00000000000 2.51562500000 0.00625000000 0.69444662929 -1.74696730181
-1.00000000000 0.00000000000 2.51562500000 0.00750000000 0.69472021932 -1.74765555173
-1.00000000000 0.00000000000 2.51562500000 0.00875000000 0.69499840389 -1.74835535978
-1.00000000000 0.00000000000 2.53125000000 -0.01000000000 0.69131684771 -1.74989577077
-1.00000000000 0.00000000000 2.53125000000 -0.00875000000 0.69152987229 -1.75043498924
-1.00000000000 0.00000000000 2.53125000000 -0.00750000000 0.69174739548 -1.75098559480
-1.00000000000 0.00000000000 2.53125000000 -0.00625000000 0.69196942321 -1.75154760250
-1.00000000000 0.00000000000 2.53125000000 -0.00500000000 0.69219596155 -1.75212102768
-1.00000000000 0.00000000000 2.53125000000 -0.00375000000 0.69242701666 -1.75270588593
-1.00000000000 0.00000000000 2.53125000000 -0.00250000000 0.69266259481 -1.75330219312
-1.00000000000 0.00000000000 2.53125000000 -0.00125000000 0.69290270237 -1.75390996537
-1.00000000000 0.00000000000 2.53125000000 0.00000000000 0.69314734582 -1.75452921910
-1.00000000000 0.00000000000 2.53125000000 0.00125000000 0.69339653174 -1.75515997098
-1.00000000000 0.00000000000 2.53125000000 0.00250000000 0.69365026684 -1.75580223793
-1.00000000000 0.00000000000 2.53125000000 0.00375000000 0.69390855790 -1.75645603718
-1.00000000000 0.00000000000 2.53125000000 0.00500000000 0.69417141184 -1.75712138621
-1.00000000000 0.00000000000 2.53125000000 0.00625000000 0.69443883567 -1.75779830279
-1.00000000000 0.00000000000 2.53125000000 0.00750000000 0.69471083652 -1.75848680494
-1.00000000000 0.00000000000 2.53125000000 0.00875000000 0.69498742162 -1.75918691097
-1.00000000000 0.00000000000 2.54687500000 -0.01000000000 0.69132865674 -1.76072767263
-1.00000000000 0.00000000000 2.54687500000 -0.00875000000 0.69154023861 -1.76126654521
-1.00000000000 0.00000000000 2.54687500000 -0.00750000000 0.69175630964 -1.76181685111
-1.00000000000 0.00000000000 2.54687500000 -0.00625000000 0.69197687572 -1.76237860535
-1.00000000000 0.00000000000 2.54687500000 -0.00500000000 0.69220194286 -1.76295182323
-1.00000000000 0.00000000000 2.54687500000 -0.00375000000 0.69243151718 -1.76353652031
-1.00000000000 0.00000000000 2.54687500000 -0.00250000000 0.69266560487 -1.76413271242
-1.00000000000 0.00000000000 2.54687500000 -0.00125000000 0.69290421228 -1.76474041565
-1.00000000000 0.00000000000 2.54687500000 0.00000000000 0.69314734582 -1.76535964638
-1.00000000000 0.00000000000 2.54687500000 0.00125000000 0.69339501202 -1.76599042124
-1.00000000000 0.00000000000 2.54687500000 0.00250000000 0.69364721753 -1.76663275714
-1.00000000000 0.00000000000 2.54687500000 0.00375000000 0.69390396908 -1.76728667125
-1.00000000000 0.00000000000 2.54687500000 0.00500000000 0.69416527354 -1.76795218104
-1.00000000000 0.00000000000 2.54687500000 0.00625000000 0.69443113785 -1.76862930422
-1.00000000000 0.00000000000 2.54687500000 0.00750000000 0.69470156910 -1.76931805879
-1.00000000000 0.00000000000 2.54687500000 0.00875000000 0.69497657445 -1.77001846305
-1.00000000000 0.00000000000 2.56250000000 -0.01000000000 0.69134032217 -1.77155957556
-1.00000000000 0.00000000000 2.56250000000 -0.00875000000 0.69155047883 -1.77209810200
-1.00000000000 0.00000000000 2.56250000000 -0.00750000000 0.69176511532 -1.77264810802
-1.00000000000 0.00000000000 2.56250000000 -0.00625000000 0.69198423751 -1.77320960862
-1.00000000000 0.00000000000 2.56250000000 -0.00500000000 0.69220785133 -1.77378261905
-1.00000000000 0.00000000000 2.56250000000 -0.00375000000 0.69243596286 -1.77436715484
-1.00000000000 0.00000000000 2.56250000000 -0.00250000000 0.69266857826 -1.77496323178
-1.00000000000 0.00000000000 2.56250000000 -0.00125000000 0.69290570378 -1.77557086595
-1.00000000000 0.00000000000 2.56250000000 0.00000000000 0.69314734582 -1.77619007366
-1.00000000000 0.00000000000 2.56250000000 0.00125000000 0.69339351084 -1.77682087153
-1.00000000000 0.00000000000 2.56250000000 0.00250000000 0.69364420543 -1.77746327642
-1.00000000000 0.00000000000 2.56250000000 0.00375000000 0.69389943629 -1.77811730548
-1.00000000000 0.00000000000 2.56250000000 0.00500000000 0.69415921020 -1.77878297614
-1.00000000000 0.00000000000 2.56250000000 0.00625000000 0.69442353408 -1.77946030609
-1.00000000000 0.00000000000 2.56250000000 0.00750000000 0.69469241494 -1.78014931329
-1.00000000000 0.00000000000 2.56250000000 0.00875000000 0.69496585990 -1.78085001600
-1.00000000000 0.00000000000 2.57812500000 -0.01000000000 0.69135184661 -1.78239147954
-1.00000000000 0.00000000000 2.57812500000 -0.00875000000 0.69156059524 -1.78292965960
-1.00000000000 0.00000000000 2.57812500000 -0.00750000000 0.69177381451 -1.78347936553
-1.00000000000 0.00000000000 2.57812500000 -0.00625000000 0.69199151023 -1.78404061230
-1.00000000000 0.00000000000 2.57812500000 -0.00500000000 0.69221368829 -1.78461341513
-1.00000000000 0.00000000000 2.57812500000 -0.00375000000 0.69244035472 -1.78519778952
-1.00000000000 0.00000000000 2.57812500000 -0.00250000000 0.69267151562 -1.78579375122
-1.00000000000 0.00000000000 2.57812500000 -0.00125000000 0.69290717722 -1.78640131626
-1.00000000000 0.00000000000 2.57812500000 0.00000000000 0.69314734582 -1.78702050094
-1.00000000000 0.00000000000 2.57812500000 0.00125000000 0.69339202786 -1.78765132183
-1.00000000000 0.00000000000 2.57812500000 0.00250000000 0.69364122987 -1.78829379577
-1.00000000000 0.00000000000 2.57812500000 0.00375000000 0.69389495849 -1.78894793987
-1.00000000000 0.00000000000 2.57812500000 0.00500000000 0.69415322047 -1.78961377152
-1.00000000000 0.00000000000 2.57812500000 0.00625000000 0.69441602265 -1.79029130839
-1.00000000000 0.00000000000 2.57812500000 0.00750000000 0.69468337199 -1.79098056842
-1.00000000000 0.00000000000 2.57812500000 0.00875000000 0.69495527556 -1.79168156981
-1.00000000000 0.00000000000 2.59375000000 -0.01000000000 0.69136323260 -1.79322338456
-1.00000000000 0.00000000000 2.59375000000 -0.00875000000 0.69157059007 -1.79376121799
-1.00000000000 0.00000000000 2.59375000000 -0.00750000000 0.69178240911 -1.79431062363
-1.00000000000 0.00000000000 2.59375000000 -0.00625000000 0.69199869548 -1.79487161639
-1.00000000000 0.00000000000 2.59375000000 -0.00500000000 0.69221945503 -1.79544421148
-1.00000000000 0.00000000000 2.59375000000 -0.00375000000 0.69244469373 -1.79602842435
-1.00000000000 0.00000000000 2.59375000000 -0.00250000000 0.69267441763 -1.79662427072
-1.00000000000 0.00000000000 2.59375000000 -0.00125000000 0.69290863290 -1.79723176659
-1.00000000000 0.00000000000 2.59375000000 0.00000000000 0.69314734582 -1.79785092822
-1.00000000000 0.00000000000 2.59375000000 0.00125000000 0.69339056276 -1.79848177215
-1.00000000000 0.00000000000 2.59375000000 0.00250000000 0.69363829019 -1.79912431518
-1.00000000000 0.00000000000 2.59375000000 0.00375000000 0.69389053471 -1.79977857441
-1.00000000000 0.00000000000 2.59375000000 0.00500000000 0.69414730301 -1.80044456718
-1.00000000000 0.00000000000 2.59375000000 0.00625000000 0.69440860188 -1.80112231113
-1.00000000000 0.00000000000 2.59375000000 0.00750000000 0.69467443823 -1.80181182416
-1.00000000000 0.00000000000 2.59375000000 0.00875000000 0.69494481907 -1.80251312446
-1.00000000000 0.00000000000 2.60937500000 -0.01000000000 0.69137448262 -1.80405529059
-1.00000000000 0.00000000000 2.60937500000 -0.00875000000 0.69158046550 -1.80459277716
-1.00000000000 0.00000000000 2.60937500000 -0.00750000000 0.69179090100 -1.80514188230
-1.00000000000 0.00000000000 2.60937500000 -0.00625000000 0.69200579483 -1.80570262089
-1.00000000000 0.00000000000 2.60937500000 -0.00500000000 0.69222515280 -1.80627500809
-1.00000000000 0.00000000000 2.60937500000 -0.00375000000 0.69244898082 -1.80685905933
-1.00000000000 0.00000000000 2.60937500000 -0.00250000000 0.69267728490 -1.80745479029
-1.00000000000 0.00000000000 2.60937500000 -0.00125000000 0.69291007116 -1.80806221693
-1.00000000000 0.00000000000 2.60937500000 0.00000000000 0.69314734582 -1.80868135550
-1.00000000000 0.00000000000 2.60937500000 0.00125000000 0.69338911520 -1.80931222248
-1.00000000000 0.00000000000 2.60937500000 0.00250000000 0.69363538574 -1.80995483466
-1.00000000000 0.00000000000 2.60937500000 0.00375000000 0.69388616396 -1.81060920909
-1.00000000000 0.00000000000 2.60937500000 0.00500000000 0.69414145652 -1.81127536310
-1.00000000000 0.00000000000 2.60937500000 0.00625000000 0.69440127014 -1.81195331428
-1.00000000000 0.00000000000 2.60937500000 0.00750000000 0.69466561169 -1.81264308051
-1.00000000000 0.00000000000 2.60937500000 0.00875000000 0.69493448812 -1.81334467995
-1.00000000000 0.00000000000 2.62500000000 -0.01000000000 0.69138559909 -1.81488719761
-1.00000000000 0.00000000000 2.62500000000 -0.00875000000 0.69159022366 -1.81542433709
-1.00000000000 0.00000000000 2.62500000000 -0.00750000000 0.69179929201 -1.81597314153
-1.00000000000 0.00000000000 2.62500000000 -0.00625000000 0.69201280982 -1.81653362578
-1.00000000000 0.00000000000 2.62500000000 -0.00500000000 0.69223078284 -1.81710580495
-1.00000000000 0.00000000000 2.62500000000 -0.00375000000 0.69245321693 -1.81768969445
-1.00000000000 0.00000000000 2.62500000000 -0.00250000000 0.69268011806 -1.81828530992
-1.00000000000 0.00000000000 2.62500000000 -0.00125000000 0.69291149230 -1.81889266730
-1.00000000000 0.00000000000 2.62500000000 0.00000000000 0.69314734582 -1.81951178278
-1.00000000000 0.00000000000 2.62500000000 0.00125000000 0.69338768489 -1.82014267283
-1.00000000000 0.00000000000 2.62500000000 0.00250000000 0.69363251589 -1.82078535421
-1.00000000000 0.00000000000 2.62500000000 0.00375000000 0.69388184531 -1.82143984393
-1.00000000000 0.00000000000 2.62500000000 0.00500000000 0.69413567973 -1.82210615928
-1.00000000000 0.00000000000 2.62500000000 0.00625000000 0.69439402584 -1.82278431784
-1.00000000000 0.00000000000 2.62500000000 0.00750000000 0.69465689046 -1.82347433745
-1.00000000000 0.00000000000 2.62500000000 0.00875000000 0.69492428047 -1.82417623624
-1.00000000000 0.00000000000 2.64062500000 -0.01000000000 0.69139658438 -1.82571910562
-1.00000000000 0.00000000000 2.64062500000 -0.00875000000 0.69159986662 -1.82625589778
-1.00000000000 0.00000000000 2.64062500000 -0.00750000000 0.69180758393 -1.82680440132
-1.00000000000 0.00000000000 2.64062500000 -0.00625000000 0.69201974194 -1.82736463106
-1.00000000000 0.00000000000 2.64062500000 -0.00500000000 0.69223634634 -1.82793660207
-1.00000000000 0.00000000000 2.64062500000 -0.00375000000 0.69245740297 -1.82852032971
-1.00000000000 0.00000000000 2.64062500000 -0.00250000000 0.69268291772 -1.82911582961
-1.00000000000 0.00000000000 2.64062500000 -0.00125000000 0.69291289663 -1.82972311767
-1.00000000000 0.00000000000 2.64062500000 0.00000000000 0.69314734582 -1.83034221005
-1.00000000000 0.00000000000 2.64062500000 0.00125000000 0.69338627151 -1.83097312320
-1.00000000000 0.00000000000 2.64062500000 0.00250000000 0.69362968003 -1.83161587382
-1.00000000000 0.00000000000 2.64062500000 0.00375000000 0.69387757781 -1.83227047890
-1.00000000000 0.00000000000 2.64062500000 0.00500000000 0.69412997140 -1.83293695572
-1.00000000000 0.00000000000 2.64062500000 0.00625000000 0.69438686743 -1.83361532181
-1.00000000000 0.00000000000 2.64062500000 0.00750000000 0.69464827265 -1.83430559498
-1.00000000000 0.00000000000 2.64062500000 0.00875000000 0.69491419393 -1.83500779334
-1.00000000000 0.00000000000 2.65625000000 -0.01000000000 0.69140744078 -1.83655101458
-1.00000000000 0.00000000000 2.65625000000 -0.00875000000 0.69160939641 -1.83708745921
-1.00000000000 0.00000000000 2.65625000000 -0.00750000000 0.69181577851 -1.83763566166
-1.00000000000 0.00000000000 2.65625000000 -0.00625000000 0.69202659264 -1.83819563671
-1.00000000000 0.00000000000 2.65625000000 -0.00500000000 0.69224184449 -1.83876739942
-1.00000000000 0.00000000000 2.65625000000 -0.00375000000 0.69246153981 -1.83935096511
-1.00000000000 0.00000000000 2.65625000000 -0.00250000000 0.69268568447 -1.83994634937
-1.00000000000 0.00000000000 2.65625000000 -0.00125000000 0.69291428445 -1.84055356806
-1.00000000000 0.00000000000 2.65625000000 0.00000000000 0.69314734582 -1.84117263733
-1.00000000000 0.00000000000 2.65625000000 0.00125000000 0.69338487476 -1.84180357358
-1.00000000000 0.00000000000 2.65625000000 0.00250000000 0.69362687755 -1.84244639349
-1.00000000000 0.00000000000 2.65625000000 0.00375000000 0.69387336057 -1.84310111402
-1.00000000000 0.00000000000 2.65625000000 0.00500000000 0.69412433032 -1.84376775241
-1.00000000000 0.00000000000 2.65625000000 0.00625000000 0.69437979338 -1.84444632617
-1.00000000000 0.00000000000 2.65625000000 0.00750000000 0.69463975645 -1.84513685308
-1.00000000000 0.00000000000 2.65625000000 0.00875000000 0.69490422634 -1.84583935121
-1.00000000000 0.00000000000 2.67187500000 -0.01000000000 0.69141817057 -1.84738292449
-1.00000000000 0.00000000000 2.67187500000 -0.00875000000 0.69161881501 -1.84791902137
-1.00000000000 0.00000000000 2.67187500000 -0.00750000000 0.69182387744 -1.84846692253
-1.00000000000 0.00000000000 2.67187500000 -0.00625000000 0.69203336337 -1.84902664274
-1.00000000000 0.00000000000 2.67187500000 -0.00500000000 0.69224727842 -1.84959819702
-1.00000000000 0.00000000000 2.67187500000 -0.00375000000 0.69246562831 -1.85018160064
-1.00000000000 0.00000000000 2.67187500000 -0.00250000000 0.69268841888 -1.85077686918
-1.00000000000 0.00000000000 2.67187500000 -0.00125000000 0.69291565604 -1.85138401847
-1.00000000000 0.00000000000 2.67187500000 0.00000000000 0.69314734582 -1.85200306461
-1.00000000000 0.00000000000 2.67187500000 0.00125000000 0.69338349435 -1.85263402398
-1.00000000000 0.00000000000 2.67187500000 0.00250000000 0.69362410787 -1.85327691323
-1.00000000000 0.00000000000 2.67187500000 0.00375000000 0.69386919271 -1.85393174928
-1.00000000000 0.00000000000 2.67187500000 0.00500000000 0.69411875531 -1.85459854935
-1.00000000000 0.00000000000 2.67187500000 0.00625000000 0.69437280222 -1.85527733092
-1.00000000000 0.00000000000 2.67187500000 0.00750000000 0.69463134007 -1.85596811175
-1.00000000000 0.00000000000 2.67187500000 0.00875000000 0.69489437562 -1.85667090986
-1.00000000000 0.00000000000 2.68750000000 -0.01000000000 0.69142877594 -1.85821483533
-1.00000000000 0.00000000000 2.68750000000 -0.00875000000 0.69162812437 -1.85875058423
-1.00000000000 0.00000000000 2.68750000000 -0.00750000000 0.69183188239 -1.85929818393
-1.00000000000 0.00000000000 2.68750000000 -0.00625000000 0.69204005549 -1.85985764914
-1.00000000000 0.00000000000 2.68750000000 -0.00500000000 0.69225264925 -1.86042899485
-1.00000000000 0.00000000000 2.68750000000 -0.00375000000 0.69246966933 -1.86101223631
-1.00000000000 0.00000000000 2.68750000000 -0.00250000000 0.69269112151 -1.86160738906
-1.00000000000 0.00000000000 2.68750000000 -0.00125000000 0.69291701168 -1.86221446889
-1.00000000000 0.00000000000 2.68750000000 0.00000000000 0.69314734582 -1.86283349189
-1.00000000000 0.00000000000 2.68750000000 0.00125000000 0.69338213001 -1.86346447439
-1.00000000000 0.00000000000 2.68750000000 0.00250000000 0.69362137043 -1.86410743302
-1.00000000000 0.00000000000 2.68750000000 0.00375000000 0.69386507337 -1.86476238468
-1.00000000000 0.00000000000 2.68750000000 0.00500000000 0.69411324522 -1.86542934654
-1.00000000000 0.00000000000 2.68750000000 0.00625000000 0.69436589249 -1.86610833606
-1.00000000000 0.00000000000 2.68750000000 0.00750000000 0.69462302175 -1.86679937096
-1.00000000000 0.00000000000 2.68750000000 0.00875000000 0.69488463973 -1.86750246927
-1.00000000000 0.00000000000 2.70312500000 -0.01000000000 0.69143925904 -1.86904674708
-1.00000000000 0.00000000000 2.70312500000 -0.00875000000 0.69163732635 -1.86958214780
-1.00000000000 0.00000000000 2.70312500000 -0.00750000000 0.69183979500 -1.87012944585
-1.00000000000 0.00000000000 2.70312500000 -0.00625000000 0.69204667039 -1.87068865590
-1.00000000000 0.00000000000 2.70312500000 -0.00500000000 0.69225795807 -1.87125979291
-1.00000000000 0.00000000000 2.70312500000 -0.00375000000 0.69247366367 -1.87184287211
-1.00000000000 0.00000000000 2.70312500000 -0.00250000000 0.69269379292 -1.87243790899
-1.00000000000 0.00000000000 2.70312500000 -0.00125000000 0.69291835166 -1.87304491933
-1.00000000000 0.00000000000 2.70312500000 0.00000000000 0.69314734582 -1.87366391917
-1.00000000000 0.00000000000 2.70312500000 0.00125000000 0.69338078144 -1.87429492482
-1.00000000000 0.00000000000 2.70312500000 0.00250000000 0.69361866465 -1.87493795287
-1.00000000000 0.00000000000 2.70312500000 0.00375000000 0.69386100170 -1.87559302021
-1.00000000000 0.00000000000 2.70312500000 0.00500000000 0.69410779892 -1.87626014397
-1.00000000000 0.00000000000 2.70312500000 0.00625000000 0.69435906278 -1.87693934157
-1.00000000000 0.00000000000 2.70312500000 0.00750000000 0.69461479981 -1.87763063073
-1.00000000000 0.00000000000 2.70312500000 0.00875000000 0.69487501667 -1.87833402942
-1.00000000000 0.00000000000 2.71875000000 -0.01000000000 0.69144962197 -1.87987865973
-1.00000000000 0.00000000000 2.71875000000 -0.00875000000 0.69164642283 -1.88041371206
-1.00000000000 0.00000000000 2.71875000000 -0.00750000000 0.69184761684 -1.88096070827
-1.00000000000 0.00000000000 2.71875000000 -0.00625000000 0.69205320938 -1.88151966301
-1.00000000000 0.00000000000 2.71875000000 -0.00500000000 0.69226320596 -1.88209059120
-1.00000000000 0.00000000000 2.71875000000 -0.00375000000 0.69247761215 -1.88267350804
-1.00000000000 0.00000000000 2.71875000000 -0.00250000000 0.69269643365 -1.88326842899
-1.00000000000 0.00000000000 2.71875000000 -0.00125000000 0.69291967624 -1.88387536978
-1.00000000000 0.00000000000 2.71875000000 0.00000000000 0.69314734582 -1.88449434645
-1.00000000000 0.00000000000 2.71875000000 0.00125000000 0.69337944837 -1.88512537526
-1.00000000000 0.00000000000 2.71875000000 0.00250000000 0.69361598999 -1.88576847279
-1.00000000000 0.00000000000 2.71875000000 0.00375000000 0.69385697687 -1.88642365587
-1.00000000000 0.00000000000 2.71875000000 0.00500000000 0.69410241531 -1.88709094163
-1.00000000000 0.00000000000 2.71875000000 0.00625000000 0.69435231171 -1.88777034745
-1.00000000000 0.00000000000 2.71875000000 0.00750000000 0.69460667256 -1.88846189103
-1.00000000000 0.00000000000 2.71875000000 0.00875000000 0.69486550448 -1.88916559031
-1.00000000000 0.00000000000 2.73437500000 -0.01000000000 0.69145986679 -1.89071057325
-1.00000000000 0.00000000000 2.73437500000 -0.00875000000 0.69165541559 -1.89124527700
-1.00000000000 0.00000000000 2.73437500000 -0.00750000000 0.69185534947 -1.89179197119
-1.00000000000 0.00000000000 2.73437500000 -0.00625000000 0.69205967377 -1.89235067047
-1.00000000000 0.00000000000 2.73437500000 -0.00500000000 0.69226839395 -1.89292138972
-1.00000000000 0.00000000000 2.73437500000 -0.00375000000 0.69248151555 -1.89350414409
-1.00000000000 0.00000000000 2.73437500000 -0.00250000000 0.69269904422 -1.89409894903
-1.00000000000 0.00000000000 2.73437500000 -0.00125000000 0.69292098569 -1.89470582025
-1.00000000000 0.00000000000 2.73437500000 0.00000000000 0.69314734582 -1.89532477372
-1.00000000000 0.00000000000 2.73437500000 0.00125000000 0.69337813055 -1.89595582572
-1.00000000000 0.00000000000 2.73437500000 0.00250000000 0.69361334592 -1.89659899276
-1.00000000000 0.00000000000 2.73437500000 0.00375000000 0.69385299809 -1.89725429166
-1.00000000000 0.00000000000 2.73437500000 0.00500000000 0.69409709331 -1.89792173952
-1.00000000000 0.00000000000 2.73437500000 0.00625000000 0.69434563792 -1.89860135370
-1.00000000000 0.00000000000 2.73437500000 0.00750000000 0.69459863839 -1.89929315185
-1.00000000000 0.00000000000 2.73437500000 0.00875000000 0.69485610127 -1.89999715191
-1.00000000000 0.00000000000 2.75000000000 -0.01000000000 0.69146999551 -1.90154248765
-1.00000000000 0.00000000000 2.75000000000 -0.00875000000 0.69166430640 -1.90207684260
-1.00000000000 0.00000000000 2.75000000000 -0.00750000000 0.69186299440 -1.90262323461
-1.00000000000 0.00000000000 2.75000000000 -0.00625000000 0.69206606483 -1.90318167827
-1.00000000000 0.00000000000 2.75000000000 -0.00500000000 0.69227352307 -1.90375218845
-1.00000000000 0.00000000000 2.75000000000 -0.00375000000 0.69248537464 -1.90433478027
-1.00000000000 0.00000000000 2.75000000000 -0.00250000000 0.69270162514 -1.90492946914
-1.00000000000 0.00000000000 2.75000000000 -0.00125000000 0.69292228027 -1.90553627073
-1.00000000000 0.00000000000 2.75000000000 0.00000000000 0.69314734582 -1.90615520100
-1.00000000000 0.00000000000 2.75000000000 0.00125000000 0.69337682770 -1.90678627619
-1.00000000000 0.00000000000 2.75000000000 0.00250000000 0.69361073192 -1.90742951278
-1.00000000000 0.00000000000 2.75000000000 0.00375000000 0.69384906457 -1.90808492758
-1.00000000000 0.00000000000 2.75000000000 0.00500000000 0.69409183187 -1.90875253764
-1.00000000000 0.00000000000 2.75000000000 0.00625000000 0.69433904011 -1.90943236030
-1.00000000000 0.00000000000 2.75000000000 0.00750000000 0.69459069571 -1.91012441319
-1.00000000000 0.00000000000 2.75000000000 0.00875000000 0.69484680517 -1.91082871422
-1.00000000000 0.00000000000 2.76562500000 -0.01000000000 0.69148001008 -1.91237440289
-1.00000000000 0.00000000000 2.76562500000 -0.00875000000 0.69167309699 -1.91290840885
-1.00000000000 0.00000000000 2.76562500000 -0.00750000000 0.69187055313 -1.91345449851
-1.00000000000 0.00000000000 2.76562500000 -0.00625000000 0.69207238379 -1.91401268641
-1.00000000000 0.00000000000 2.76562500000 -0.00500000000 0.69227859431 -1.91458298740
-1.00000000000 0.00000000000 2.76562500000 -0.00375000000 0.69248919017 -1.91516541657
-1.00000000000 0.00000000000 2.76562500000 -0.00250000000 0.69270417692 -1.91575998929
-1.00000000000 0.00000000000 2.76562500000 -0.00125000000 0.69292356022 -1.91636672122
-1.00000000000 0.00000000000 2.76562500000 0.00000000000 0.69314734582 -1.91698562828
-1.00000000000 0.00000000000 2.76562500000 0.00125000000 0.69337553959 -1.91761672667
-1.00000000000 0.00000000000 2.76562500000 0.00250000000 0.69360814748 -1.91826003287
-1.00000000000 0.00000000000 2.76562500000 0.00375000000 0.69384517555 -1.91891556363
-1.00000000000 0.00000000000 2.76562500000 0.00500000000 0.69408662996 -1.91958333598
-1.00000000000 0.00000000000 2.76562500000 0.00625000000 0.69433251697 -1.92026336726
-1.00000000000 0.00000000000 2.76562500000 0.00750000000 0.69458284295 -1.92095567504
-1.00000000000 0.00000000000 2.76562500000 0.00875000000 0.69483761436 -1.92166027722
-1.00000000000 0.00000000000 2.78125000000 -0.01000000000 0.69148991244 -1.92320631897
-1.00000000000 0.00000000000 2.78125000000 -0.00875000000 0.69168178903 -1.92373997575
-1.00000000000 0.00000000000 2.78125000000 -0.00750000000 0.69187802710 -1.92428576288
-1.00000000000 0.00000000000 2.78125000000 -0.00625000000 0.69207863187 -1.92484369489
-1.00000000000 0.00000000000 2.78125000000 -0.00500000000 0.69228360865 -1.92541378657
-1.00000000000 0.00000000000 2.78125000000 -0.00375000000 0.69249296287 -1.92599605299
-1.00000000000 0.00000000000 2.78125000000 -0.00250000000 0.69270670005 -1.92659050951
-1.00000000000 0.00000000000 2.78125000000 -0.00125000000 0.69292482579 -1.92719717173
-1.00000000000 0.00000000000 2.78125000000 0.00000000000 0.69314734582 -1.92781605556
-1.00000000000 0.00000000000 2.78125000000 0.00125000000 0.69337426595 -1.92844717717
-1.00000000000 0.00000000000 2.78125000000 0.00250000000 0.69360559209 -1.92909055300
-1.00000000000 0.00000000000 2.78125000000 0.00375000000 0.69384133026 -1.92974619979
-1.00000000000 0.00000000000 2.78125000000 0.00500000000 0.69408148658 -1.93041413455
-1.00000000000 0.00000000000 2.78125000000 0.00625000000 0.69432606726 -1.93109437456
-1.00000000000 0.00000000000 2.78125000000 0.00750000000 0.69457507861 -1.93178693739
-1.00000000000 0.00000000000 2.78125000000 0.00875000000 0.69482852707 -1.93249184090
-1.00000000000 0.00000000000 2.79687500000 -0.01000000000 0.69149970445 -1.93403823588
-1.00000000000 0.00000000000 2.79687500000 -0.00875000000 0.69169038419 -1.93457154328
-1.00000000000 0.00000000000 2.79687500000 -0.00750000000 0.69188541773 -1.93511702772
-1.00000000000 0.00000000000 2.79687500000 -0.00625000000 0.69208481026 -1.93567470368
-1.00000000000 0.00000000000 2.79687500000 -0.00500000000 0.69228856704 -1.93624458594
-1.00000000000 0.00000000000 2.79687500000 -0.00375000000 0.69249669346 -1.93682668953
-1.00000000000 0.00000000000 2.79687500000 -0.00250000000 0.69270919500 -1.93742102977
-1.00000000000 0.00000000000 2.79687500000 -0.00125000000 0.69292607723 -1.93802762225
-1.00000000000 0.00000000000 2.79687500000 0.00000000000 0.69314734582 -1.93864648284
-1.00000000000 0.00000000000 2.79687500000 0.00125000000 0.69337300654 -1.93927762768
-1.00000000000 0.00000000000 2.79687500000 0.00250000000 0.69360306528 -1.93992107319
-1.00000000000 0.00000000000 2.79687500000 0.00375000000 0.69383752798 -1.94057683608
-1.00000000000 0.00000000000 2.79687500000 0.00500000000 0.69407640074 -1.94124493333
-1.00000000000 0.00000000000 2.79687500000 0.00625000000 0.69431968972 -1.94192538220
-1.00000000000 0.00000000000 2.79687500000 0.00750000000 0.69456740120 -1.94261820023
-1.00000000000 0.00000000000 2.79687500000 0.00875000000 0.69481954155 -1.94332340526
-1.00000000000 0.00000000000 2.81250000000 -0.01000000000 0.69150938794 -1.94487015359
-1.00000000000 0.00000000000 2.81250000000 -0.00875000000 0.69169888407 -1.94540311144
-1.00000000000 0.00000000000 2.81250000000 -0.00750000000 0.69189272641 -1.94594829302
-1.00000000000 0.00000000000 2.81250000000 -0.00625000000 0.69209092011 -1.94650571280
-1.00000000000 0.00000000000 2.81250000000 -0.00500000000 0.69229347041 -1.94707538552
-1.00000000000 0.00000000000 2.81250000000 -0.00375000000 0.69250038264 -1.94765732618
-1.00000000000 0.00000000000 2.81250000000 -0.00250000000 0.69271166225 -1.94825155009
-1.00000000000 0.00000000000 2.81250000000 -0.00125000000 0.69292731477 -1.94885807278
-1.00000000000 0.00000000000 2.81250000000 0.00000000000 0.69314734582 -1.94947691012
-1.00000000000 0.00000000000 2.81250000000 0.00125000000 0.69337176114 -1.95010807820
-1.00000000000 0.00000000000 2.81250000000 0.00250000000 0.69360056655 -1.95075159343
-1.00000000000 0.00000000000 2.81250000000 0.00375000000 0.69383376800 -1.95140747249
-1.00000000000 0.00000000000 2.81250000000 0.00500000000 0.69407137149 -1.95207573232
-1.00000000000 0.00000000000 2.81250000000 0.00625000000 0.69431338317 -1.95275639017
-1.00000000000 0.00000000000 2.81250000000 0.00750000000 0.69455980926 -1.95344946356
-1.00000000000 0.00000000000 2.81250000000 0.00875000000 0.69481065610 -1.95415497028
-1.00000000000 0.00000000000 2.82812500000 -0.01000000000 0.69151896472 -1.95570207210
-1.00000000000 0.00000000000 2.82812500000 -0.00875000000 0.69170729024 -1.95623468020
-1.00000000000 0.00000000000 2.82812500000 -0.00750000000 0.69189995448 -1.95677955877
-1.00000000000 0.00000000000 2.82812500000 -0.00625000000 0.69209696256 -1.95733672223
-1.00000000000 0.00000000000 2.82812500000 -0.00500000000 0.69229831966 -1.95790618530
-1.00000000000 0.00000000000 2.82812500000 -0.00375000000 0.69250403110 -1.95848796295
-1.00000000000 0.00000000000 2.82812500000 -0.00250000000 0.69271410226 -1.95908207045
-1.00000000000 0.00000000000 2.82812500000 -0.00125000000 0.69292853864 -1.95968852333
-1.00000000000 0.00000000000 2.82812500000 0.00000000000 0.69314734582 -1.96030733739
-1.00000000000 0.00000000000 2.82812500000 0.00125000000 0.69337052950 -1.96093852874
-1.00000000000 0.00000000000 2.82812500000 0.00250000000 0.69359809546 -1.96158211373
-1.00000000000 0.00000000000 2.82812500000 0.00375000000 0.69383004960 -1.96223810902
-1.00000000000 0.00000000000 2.82812500000 0.00500000000 0.69406639789 -1.96290653153
-1.00000000000 0.00000000000 2.82812500000 0.00625000000 0.69430714642 -1.96358739848
-1.00000000000 0.00000000000 2.82812500000 0.00750000000 0.69455230139 -1.96428072736
-1.00000000000 0.00000000000 2.82812500000 0.00875000000 0.69480186906 -1.96498653594
-1.00000000000 0.00000000000 2.84375000000 -0.01000000000 0.69152843653 -1.96653399139
-1.00000000000 0.00000000000 2.84375000000 -0.00875000000 0.69171560424 -1.96706624957
-1.00000000000 0.00000000000 2.84375000000 -0.00750000000 0.69190710328 -1.96761082496
-1.00000000000 0.00000000000 2.84375000000 -0.00625000000 0.69210293872 -1.96816773197
-1.00000000000 0.00000000000 2.84375000000 -0.00500000000 0.69230311570 -1.96873698528
-1.00000000000 0.00000000000 2.84375000000 -0.00375000000 0.69250763950 -1.96931859984
-1.00000000000 0.00000000000 2.84375000000 -0.00250000000 0.69271651547 -1.96991259087
-1.00000000000 0.00000000000 2.84375000000 -0.00125000000 0.69292974906 -1.97051897389
-1.00000000000 0.00000000000 2.84375000000 0.00000000000 0.69314734582 -1.97113776467
-1.00000000000 0.00000000000 2.84375000000 0.00125000000 0.69336931140 -1.97176897929
-1.00000000000 0.00000000000 2.84375000000 0.00250000000 0.69359565154 -1.97241263408
-1.00000000000 0.00000000000 2.84375000000 0.00375000000 0.69382637210 -1.97306874566
-1.00000000000 0.00000000000 2.84375000000 0.00500000000 0.69406147901 -1.97373733094
-1.00000000000 0.00000000000 2.84375000000 0.00625000000 0.69430097832 -1.97441840710
-1.00000000000 0.00000000000 2.84375000000 0.00750000000 0.69454487617 -1.97511199162
-1.00000000000 0.00000000000 2.84375000000 0.00875000000 0.69479317881 -1.97581810225
-1.00000000000 0.00000000000 2.85937500000 -0.01000000000 0.69153780510 -1.97736591145
-1.00000000000 0.00000000000 2.85937500000 -0.00875000000 0.69172382759 -1.97789781953
-1.00000000000 0.00000000000 2.85937500000 -0.00750000000 0.69191417411 -1.97844209159
-1.00000000000 0.00000000000 2.85937500000 -0.00625000000 0.69210884967 -1.97899874202
-1.00000000000 0.00000000000 2.85937500000 -0.00500000000 0.69230785939 -1.97956778546
-1.00000000000 0.00000000000 2.85937500000 -0.00375000000 0.69251120851 -1.98014923683
-1.00000000000 0.00000000000 2.85937500000 -0.00250000000 0.69271890233 -1.98074311134
-1.00000000000 0.00000000000 2.85937500000 -0.00125000000 0.69293094626 -1.98134942446
-1.00000000000 0.00000000000 2.85937500000 0.00000000000 0.69314734582 -1.98196819195
-1.00000000000 0.00000000000 2.85937500000 0.00125000000 0.69336810661 -1.98259942985
-1.00000000000 0.00000000000 2.85937500000 0.00250000000 0.69359323435 -1.98324315447
-1.00000000000 0.00000000000 2.85937500000 0.00375000000 0.69382273483 -1.98389938241
-1.00000000000 0.00000000000 2.85937500000 0.00500000000 0.69405661396 -1.98456813055
-1.00000000000 0.00000000000 2.85937500000 0.00625000000 0.69429487774 -1.98524941604
-1.00000000000 0.00000000000 2.85937500000 0.00750000000 0.69453753227 -1.98594325635
-1.00000000000 0.00000000000 2.85937500000 0.00875000000 0.69478458376 -1.98664966918
-1.00000000000 0.00000000000 2.87500000000 -0.01000000000 0.69154707209 -1.98819783227
-1.00000000000 0.00000000000 2.87500000000 -0.00875000000 0.69173196176 -1.98872939007
-1.00000000000 0.00000000000 2.87500000000 -0.00750000000 0.69192116823 -1.98927335865
-1.00000000000 0.00000000000 2.87500000000 -0.00625000000 0.69211469647 -1.98982975237
-1.00000000000 0.00000000000 2.87500000000 -0.00500000000 0.69231255159 -1.99039858583
-1.00000000000 0.00000000000 2.87500000000 -0.00375000000 0.69251473876 -1.99097987393
-1.00000000000 0.00000000000 2.87500000000 -0.00250000000 0.69272126325 -1.99157363185
-1.00000000000 0.00000000000 2.87500000000 -0.00125000000 0.69293213045 -1.99217987504
-1.00000000000 0.00000000000 2.87500000000 0.00000000000 0.69314734582 -1.99279861923
-1.00000000000 0.00000000000 2.87500000000 0.00125000000 0.69336691493 -1.99342988043
-1.00000000000 0.00000000000 2.87500000000 0.00250000000 0.69359084345 -1.99407367492
-1.00000000000 0.00000000000 2.87500000000 0.00375000000 0.69381913714 -1.99473001928
-1.00000000000 0.00000000000 2.87500000000 0.00500000000 0.69405180186 -1.99539893036
-1.00000000000 0.00000000000 2.87500000000 0.00625000000 0.69428884358 -1.99608042530
-1.00000000000 0.00000000000 2.87500000000 0.00750000000 0.69453026836 -1.99677452152
-1.00000000000 0.00000000000 2.87500000000 0.00875000000 0.69477608234 -1.99748123673
-1.00000000000 0.00000000000 2.89062500000 -0.01000000000 0.69155623916 -1.99902975384
-1.00000000000 0.00000000000 2.89062500000 -0.00875000000 0.69174000819 -1.99956096119
-1.00000000000 0.00000000000 2.89062500000 -0.00750000000 0.69192808688 -2.00010462614
-1.00000000000 0.00000000000 2.89062500000 -0.00625000000 0.69212048017 -2.00066076301
-1.00000000000 0.00000000000 2.89062500000 -0.00500000000 0.69231719313 -2.00122938638
-1.00000000000 0.00000000000 2.89062500000 -0.00375000000 0.69251823088 -2.00181051114
-1.00000000000 0.00000000000 2.89062500000 -0.00250000000 0.69272359867 -2.00240415241
-1.00000000000 0.00000000000 2.89062500000 -0.00125000000 0.69293330184 -2.00301032564
-1.00000000000 0.00000000000 2.89062500000 0.00000000000 0.69314734582 -2.00362904651
-1.00000000000 0.00000000000 2.89062500000 0.00125000000 0.69336573613 -2.00426033101
-1.00000000000 0.00000000000 2.89062500000 0.00250000000 0.69358847841 -2.00490419541
-1.00000000000 0.00000000000 2.89062500000 0.00375000000 0.69381557838 -2.00556065625
-1.00000000000 0.00000000000 2.89062500000 0.00500000000 0.69404704186 -2.00622973037
-1.00000000000 0.00000000000 2.89062500000 0.00625000000 0.69428287476 -2.00691143486
-1.00000000000 0.00000000000 2.89062500000 0.00750000000 0.69452308312 -2.00760578714
-1.00000000000 0.00000000000 2.89062500000 0.00875000000 0.69476767304 -2.00831280489
-1.00000000000 0.00000000000 2.90625000000 -0.01000000000 0.69156530792 -2.00986167613
-1.00000000000 0.00000000000 2.90625000000 -0.00875000000 0.69174796830 -2.01039253286
-1.00000000000 0.00000000000 2.90625000000 -0.00750000000 0.69193493128 -2.01093589404
-1.00000000000 0.00000000000 2.90625000000 -0.00625000000 0.69212620178 -2.01149177394
-1.00000000000 0.00000000000 2.90625000000 -0.00500000000 0.69232178482 -2.01206018713
-1.00000000000 0.00000000000 2.90625000000 -0.00375000000 0.69252168549 -2.01264114845
-1.00000000000 0.00000000000 2.90625000000 -0.00250000000 0.69272590900 -2.01323467302
-1.00000000000 0.00000000000 2.90625000000 -0.00125000000 0.69293446064 -2.01384077624
-1.00000000000 0.00000000000 2.90625000000 0.00000000000 0.69314734582 -2.01445947379
-1.00000000000 0.00000000000 2.90625000000 0.00125000000 0.69336457002 -2.01509078161
-1.00000000000 0.00000000000 2.90625000000 0.00250000000 0.69358613882 -2.01573471595
-1.00000000000 0.00000000000 2.90625000000 0.00375000000 0.69381205792 -2.01639129334
-1.00000000000 0.00000000000 2.90625000000 0.00500000000 0.69404233310 -2.01706053057
-1.00000000000 0.00000000000 2.90625000000 0.00625000000 0.69427697023 -2.01774244473
-1.00000000000 0.00000000000 2.90625000000 0.00750000000 0.69451597530 -2.01843705320
-1.00000000000 0.00000000000 2.90625000000 0.00875000000 0.69475935437 -2.01914437365
-1.00000000000 0.00000000000 2.92187500000 -0.01000000000 0.69157427992 -2.02069359915
-1.00000000000 0.00000000000 2.92187500000 -0.00875000000 0.69175584346 -2.02122410510
-1.00000000000 0.00000000000 2.92187500000 -0.00750000000 0.69194170262 -2.02176716234
-1.00000000000 0.00000000000 2.92187500000 -0.00625000000 0.69213186230 -2.02232278515
-1.00000000000 0.00000000000 2.92187500000 -0.00500000000 0.69232632746 -2.02289098806
-1.00000000000 0.00000000000 2.92187500000 -0.00375000000 0.69252510318 -2.02347178587
-1.00000000000 0.00000000000 2.92187500000 -0.00250000000 0.69272819463 -2.02406519368
-1.00000000000 0.00000000000 2.92187500000 -0.00125000000 0.69293560705 -2.02467122686
-1.00000000000 0.00000000000 2.92187500000 0.00000000000 0.69314734582 -2.02528990107
-1.00000000000 0.00000000000 2.92187500000 0.00125000000 0.69336341637 -2.02592123222
-1.00000000000 0.00000000000 2.92187500000 0.00250000000 0.69358382427 -2.02656523654
-1.00000000000 0.00000000000 2.92187500000 0.00375000000 0.69380857515 -2.02722193053
-1.00000000000 0.00000000000 2.92187500000 0.00500000000 0.69403767477 -2.02789133095
-1.00000000000 0.00000000000 2.92187500000 0.00625000000 0.69427112895 -2.02857345489
-1.00000000000 0.00000000000 2.92187500000 0.00750000000 0.69450894364 -2.02926831969
-1.00000000000 0.00000000000 2.92187500000 0.00875000000 0.69475112487 -2.02997594299
-1.00000000000 0.00000000000 2.93750000000 -0.01000000000 0.69158315673 -2.03152552288
-1.00000000000 0.00000000000 2.93750000000 -0.00875000000 0.69176363502 -2.03205567788
-1.00000000000 0.00000000000 2.93750000000 -0.00750000000 0.69194840206 -2.03259843105
-1.00000000000 0.00000000000 2.93750000000 -0.00625000000 0.69213746269 -2.03315379665
-1.00000000000 0.00000000000 2.93750000000 -0.00500000000 0.69233082184 -2.03372178916
-1.00000000000 0.00000000000 2.93750000000 -0.00375000000 0.69252848456 -2.03430242339
-1.00000000000 0.00000000000 2.93750000000 -0.00250000000 0.69273045596 -2.03489571438
-1.00000000000 0.00000000000 2.93750000000 -0.00125000000 0.69293674127 -2.03550167749
-1.00000000000 0.00000000000 2.93750000000 0.00000000000 0.69314734582 -2.03612032834
-1.00000000000 0.00000000000 2.93750000000 0.00125000000 0.69336227501 -2.03675168284
-1.00000000000 0.00000000000 2.93750000000 0.00250000000 0.69358153436 -2.03739575718
-1.00000000000 0.00000000000 2.93750000000 0.00375000000 0.69380512947 -2.03805256782
-1.00000000000 0.00000000000 2.93750000000 0.00500000000 0.69403306605 -2.03872213153
-1.00000000000 0.00000000000 2.93750000000 0.00625000000 0.69426534991 -2.03940446535
-1.00000000000 0.00000000000 2.93750000000 0.00750000000 0.69450198693 -2.04009958660
-1.00000000000 0.00000000000 2.93750000000 0.00875000000 0.69474298312 -2.04080751291
-1.00000000000 0.00000000000 2.95312500000 -0.01000000000 0.69159193983 -2.04235744731
-1.00000000000 0.00000000000 2.95312500000 -0.00875000000 0.69177134432 -2.04288725119
-1.00000000000 0.00000000000 2.95312500000 -0.00750000000 0.69195503074 -2.04342970016
-1.00000000000 0.00000000000 2.95312500000 -0.00625000000 0.69214300391 -2.04398480842
-1.00000000000 0.00000000000 2.95312500000 -0.00500000000 0.69233526872 -2.04455259045
-1.00000000000 0.00000000000 2.95312500000 -0.00375000000 0.69253183018 -2.04513306101
-1.00000000000 0.00000000000 2.95312500000 -0.00250000000 0.69273269338 -2.04572623513
-1.00000000000 0.00000000000 2.95312500000 -0.00125000000 0.69293786350 -2.04633212813
-1.00000000000 0.00000000000 2.95312500000 0.00000000000 0.69314734582 -2.04695075562
-1.00000000000 0.00000000000 2.95312500000 0.00125000000 0.69336114573 -2.04758213347
-1.00000000000 0.00000000000 2.95312500000 0.00250000000 0.69357926869 -2.04822627786
-1.00000000000 0.00000000000 2.95312500000 0.00375000000 0.69380172029 -2.04888320522
-1.00000000000 0.00000000000 2.95312500000 0.00500000000 0.69402850617 -2.04955293229
-1.00000000000 0.00000000000 2.95312500000 0.00625000000 0.69425963212 -2.05023547609
-1.00000000000 0.00000000000 2.95312500000 0.00750000000 0.69449510398 -2.05093085393
-1.00000000000 0.00000000000 2.95312500000 0.00875000000 0.69473492771 -2.05163908340
-1.00000000000 0.00000000000 2.96875000000 -0.01000000000 0.69160063071 -2.05318937243
-1.00000000000 0.00000000000 2.96875000000 -0.00875000000 0.69177897264 -2.05371882504
-1.00000000000 0.00000000000 2.96875000000 -0.00750000000 0.69196158978 -2.05426096966
-1.00000000000 0.00000000000 2.96875000000 -0.00625000000 0.69214848689 -2.05481582047
-1.00000000000 0.00000000000 2.96875000000 -0.00500000000 0.69233966885 -2.05538339191
-1.00000000000 0.00000000000 2.96875000000 -0.00375000000 0.69253514062 -2.05596369873
-1.00000000000 0.00000000000 2.96875000000 -0.00250000000 0.69273490726 -2.05655675592
-1.00000000000 0.00000000000 2.96875000000 -0.00125000000 0.69293897391 -2.05716257879
-1.00000000000 0.00000000000 2.96875000000 0.00000000000 0.69314734582 -2.05778118290
-1.00000000000 0.00000000000 2.96875000000 0.00125000000 0.69336002833 -2.05841258412
-1.00000000000 0.00000000000 2.96875000000 0.00250000000 0.69357702689 -2.05905679858
-1.00000000000 0.00000000000 2.96875000000 0.00375000000 0.69379834702 -2.05971384272
-1.00000000000 0.00000000000 2.96875000000 0.00500000000 0.69402399435 -2.06038373323
-1.00000000000 0.00000000000 2.96875000000 0.00625000000 0.69425397461 -2.06106648712
-1.00000000000 0.00000000000 2.96875000000 0.00750000000 0.69448829362 -2.06176212167
-1.00000000000 0.00000000000 2.96875000000 0.00875000000 0.69472695729 -2.06247065446
-1.00000000000 0.00000000000 2.98437500000 -0.01000000000 0.69160923082 -2.06402129822
-1.00000000000 0.00000000000 2.98437500000 -0.00875000000 0.69178652127 -2.06455039940
-1.00000000000 0.00000000000 2.98437500000 -0.00750000000 0.69196808026 -2.06509223954
-1.00000000000 0.00000000000 2.98437500000 -0.00625000000 0.69215391255 -2.06564683278
-1.00000000000 0.00000000000 2.98437500000 -0.00500000000 0.69234402297 -2.06621419354
-1.00000000000 0.00000000000 2.98437500000 -0.00375000000 0.69253841643 -2.06679433654
-1.00000000000 0.00000000000 2.98437500000 -0.00250000000 0.69273709797 -2.06738727675
-1.00000000000 0.00000000000 2.98437500000 -0.00125000000 0.69294007270 -2.06799302945
-1.00000000000 0.00000000000 2.98437500000 0.00000000000 0.69314734582 -2.06861161018
-1.00000000000 0.00000000000 2.98437500000 0.00125000000 0.69335892265 -2.06924303477
-1.00000000000 0.00000000000 2.98437500000 0.00250000000 0.69357480858 -2.06988731935
-1.00000000000 0.00000000000 2.98437500000 0.00375000000 0.69379500911 -2.07054448031
-1.00000000000 0.00000000000 2.98437500000 0.00500000000 0.69401952983 -2.07121453435
-1.00000000000 0.00000000000 2.98437500000 0.00625000000 0.69424837644 -2.07189749843
-1.00000000000 0.00000000000 2.98437500000 0.00750000000 0.69448155470 -2.07259338981
-1.00000000000 0.00000000000 2.98437500000 0.00875000000 0.69471907051 -2.07330222606
