-1.00000000000 0.00000000000 2.00000000000 -0.01000000000 0.69081637302 -1.38163274603
-1.00000000000 0.00000000000 2.00000000000 -0.00875000000 0.69109176823 -1.38218353646
-1.00000000000 0.00000000000 2.00000000000 -0.00750000000 0.69137208301 -1.38274416601
-1.00000000000 0.00000000000 2.00000000000 -0.00625000000 0.69165732566 -1.38331465131
-1.00000000000 0.00000000000 2.00000000000 -0.00500000000 0.69194750463 -1.38389500926
-1.00000000000 0.00000000000 2.00000000000 -0.00375000000 0.69224262850 -1.38448525699
-1.00000000000 0.00000000000 2.00000000000 -0.00250000000 0.69254270596 -1.38508541193
-1.00000000000 0.00000000000 2.00000000000 -0.00125000000 0.69284774586 -1.38569549172
-1.00000000000 0.00000000000 2.00000000000 0.00000000000 0.69315775715 -1.38631551429
-1.00000000000 0.00000000000 2.00000000000 0.00125000000 0.69347274891 -1.38694549782
-1.00000000000 0.00000000000 2.00000000000 0.00250000000 0.69379273038 -1.38758546076
-1.00000000000 0.00000000000 2.00000000000 0.00375000000 0.69411771090 -1.38823542179
-1.00000000000 0.00000000000 2.00000000000 0.00500000000 0.69444769995 -1.38889539990
-1.00000000000 0.00000000000 2.00000000000 0.00625000000 0.69478270716 -1.38956541431
-1.00000000000 0.00000000000 2.00000000000 0.00750000000 0.69512274226 -1.39024548453
-1.00000000000 0.00000000000 2.00000000000 0.00875000000 0.69546781515 -1.39093563031
-1.00000000000 0.00000000000 2.01562500000 -0.01000000000 0.69083522878 -1.39246475801
-1.00000000000 0.00000000000 2.01562500000 -0.00875000000 0.69110832356 -1.39301521468
-1.00000000000 0.00000000000 2.01562500000 -0.00750000000 0.69138632194 -1.39357555516
-1.00000000000 0.00000000000 2.01562500000 -0.00625000000 0.69166923214 -1.39414579603
-1.00000000000 0.00000000000 2.01562500000 -0.00500000000 0.69195706250 -1.39472595411
-1.00000000000 0.00000000000 2.01562500000 -0.00375000000 0.69224982152 -1.39531604649
-1.00000000000 0.00000000000 2.01562500000 -0.00250000000 0.69254751778 -1.39591609053
-1.00000000000 0.00000000000 2.01562500000 -0.00125000000 0.69285016004 -1.39652610383
-1.00000000000 0.00000000000 2.01562500000 0.00000000000 0.69315775715 -1.39714610425
-1.00000000000 0.00000000000 2.01562500000 0.00125000000 0.69347031810 -1.39777610991
-1.00000000000 0.00000000000 2.01562500000 0.00250000000 0.69378785201 -1.39841613921
-1.00000000000 0.00000000000 2.01562500000 0.00375000000 0.69411036814 -1.39906621078
-1.00000000000 0.00000000000 2.01562500000 0.00500000000 0.69443787587 -1.39972634354
-1.00000000000 0.00000000000 2.01562500000 0.00625000000 0.69477038470 -1.40039655666
-1.00000000000 0.00000000000 2.01562500000 0.00750000000 0.69510790429 -1.40107686959
-1.00000000000 0.00000000000 2.01562500000 0.00875000000 0.69545044442 -1.40176730204
-1.00000000000 0.00000000000 2.03125000000 -0.01000000000 0.69085379551 -1.40329677213
-1.00000000000 0.00000000000 2.03125000000 -0.00875000000 0.69112462502 -1.40384689456
-1.00000000000 0.00000000000 2.03125000000 -0.00750000000 0.69140034242 -1.40440694554
-1.00000000000 0.00000000000 2.03125000000 -0.00625000000 0.69168095586 -1.40497694160
-1.00000000000 0.00000000000 2.03125000000 -0.00500000000 0.69196647360 -1.40555689950
-1.00000000000 0.00000000000 2.03125000000 -0.00375000000 0.69225690402 -1.40614683630
-1.00000000000 0.00000000000 2.03125000000 -0.00250000000 0.69255225564 -1.40674676927
-1.00000000000 0.00000000000 2.03125000000 -0.00125000000 0.69285253709 -1.40735671597
-1.00000000000 0.00000000000 2.03125000000 0.00000000000 0.69315775715 -1.40797669420
-1.00000000000 0.00000000000 2.03125000000 0.00125000000 0.69346792470 -1.40860672204
-1.00000000000 0.00000000000 2.03125000000 0.00250000000 0.69378304876 -1.40924681780
-1.00000000000 0.00000000000 2.03125000000 0.00375000000 0.69410313850 -1.40989700009
-1.00000000000 0.00000000000 2.03125000000 0.00500000000 0.69442820320 -1.41055728775
-1.00000000000 0.00000000000 2.03125000000 0.00625000000 0.69475825226 -1.41122769991
-1.00000000000 0.00000000000 2.03125000000 0.00750000000 0.69509329524 -1.41190825595
-1.00000000000 0.00000000000 2.03125000000 0.00875000000 0.69543334180 -1.41259897554
-1.00000000000 0.00000000000 2.04687500000 -0.01000000000 0.69087207981 -1.41412878837
-1.00000000000 0.00000000000 2.04687500000 -0.00875000000 0.69114067838 -1.41467857606
-1.00000000000 0.00000000000 2.04687500000 -0.00750000000 0.69141414943 -1.41523833711
-1.00000000000 0.00000000000 2.04687500000 -0.00625000000 0.69169250101 -1.41580808800
-1.00000000000 0.00000000000 2.04687500000 -0.00500000000 0.69197574128 -1.41638784544
-1.00000000000 0.00000000000 2.04687500000 -0.00375000000 0.69226387855 -1.41697762641
-1.00000000000 0.00000000000 2.04687500000 -0.00250000000 0.69255692123 -1.41757744815
-1.00000000000 0.00000000000 2.04687500000 -0.00125000000 0.69285487787 -1.41818732815
-1.00000000000 0.00000000000 2.04687500000 0.00000000000 0.69315775715 -1.41880728416
-1.00000000000 0.00000000000 2.04687500000 0.00125000000 0.69346556785 -1.41943733420
-1.00000000000 0.00000000000 2.04687500000 0.00250000000 0.69377831892 -1.42007749653
-1.00000000000 0.00000000000 2.04687500000 0.00375000000 0.69409601940 -1.42072778970
-1.00000000000 0.00000000000 2.04687500000 0.00500000000 0.69441867848 -1.42138823251
-1.00000000000 0.00000000000 2.04687500000 0.00625000000 0.69474630548 -1.42205884403
-1.00000000000 0.00000000000 2.04687500000 0.00750000000 0.69507890984 -1.42273964358
-1.00000000000 0.00000000000 2.04687500000 0.00875000000 0.69541650114 -1.42343065076
-1.00000000000 0.00000000000 2.06250000000 -0.01000000000 0.69089008808 -1.42496080667
-1.00000000000 0.00000000000 2.06250000000 -0.00875000000 0.69115648928 -1.42551025914
-1.00000000000 0.00000000000 2.06250000000 -0.00750000000 0.69142774781 -1.42606972986
-1.00000000000 0.00000000000 2.06250000000 -0.00625000000 0.69170387162 -1.42663923522
-1.00000000000 0.00000000000 2.06250000000 -0.00500000000 0.69198486880 -1.42721879190
-1.00000000000 0.00000000000 2.06250000000 -0.00375000000 0.69227074755 -1.42780841682
-1.00000000000 0.00000000000 2.06250000000 -0.00250000000 0.69256151620 -1.42840812716
-1.00000000000 0.00000000000 2.06250000000 -0.00125000000 0.69285718320 -1.42901794036
-1.00000000000 0.00000000000 2.06250000000 0.00000000000 0.69315775715 -1.42963787411
-1.00000000000 0.00000000000 2.06250000000 0.00125000000 0.69346324673 -1.43026794639
-1.00000000000 0.00000000000 2.06250000000 0.00250000000 0.69377366080 -1.43090817540
-1.00000000000 0.00000000000 2.06250000000 0.00375000000 0.69408900830 -1.43155857963
-1.00000000000 0.00000000000 2.06250000000 0.00500000000 0.69440929834 -1.43221917782
-1.00000000000 0.00000000000 2.06250000000 0.00625000000 0.69473454012 -1.43288998900
-1.00000000000 0.00000000000 2.06250000000 0.00750000000 0.69506474300 -1.43357103244
-1.00000000000 0.00000000000 2.06250000000 0.00875000000 0.69539991645 -1.43426232768
-1.00000000000 0.00000000000 2.07812500000 -0.01000000000 0.69090782651 -1.43579282697
-1.00000000000 0.00000000000 2.07812500000 -0.00875000000 0.69117206317 -1.43634194377
-1.00000000000 0.00000000000 2.07812500000 -0.00750000000 0.69144114225 -1.43690112374
-1.00000000000 0.00000000000 2.07812500000 -0.00625000000 0.69171507163 -1.43747038324
-1.00000000000 0.00000000000 2.07812500000 -0.00500000000 0.69199385931 -1.43804973887
-1.00000000000 0.00000000000 2.07812500000 -0.00375000000 0.69227751339 -1.43863920752
-1.00000000000 0.00000000000 2.07812500000 -0.00250000000 0.69256604213 -1.43923880630
-1.00000000000 0.00000000000 2.07812500000 -0.00125000000 0.69285945388 -1.43984855260
-1.00000000000 0.00000000000 2.07812500000 0.00000000000 0.69315775715 -1.44046846407
-1.00000000000 0.00000000000 2.07812500000 0.00125000000 0.69346096054 -1.44109855861
-1.00000000000 0.00000000000 2.07812500000 0.00250000000 0.69376907279 -1.44173885439
-1.00000000000 0.00000000000 2.07812500000 0.00375000000 0.69408210278 -1.44238936985
-1.00000000000 0.00000000000 2.07812500000 0.00500000000 0.69440005951 -1.44305012366
-1.00000000000 0.00000000000 2.07812500000 0.00625000000 0.69472295209 -1.44372113481
-1.00000000000 0.00000000000 2.07812500000 0.00750000000 0.69505078977 -1.44440242250
-1.00000000000 0.00000000000 2.07812500000 0.00875000000 0.69538358195 -1.44509400624
-1.00000000000 0.00000000000 2.09375000000 -0.01000000000 0.69092530113 -1.44662484925
-1.00000000000 0.00000000000 2.09375000000 -0.00875000000 0.69118740533 -1.44717362992
-1.00000000000 0.00000000000 2.09375000000 -0.00750000000 0.69145433731 -1.44773251874
-1.00000000000 0.00000000000 2.09375000000 -0.00625000000 0.69172610485 -1.44830153203
-1.00000000000 0.00000000000 2.09375000000 -0.00500000000 0.69200271587 -1.44888068634
-1.00000000000 0.00000000000 2.09375000000 -0.00375000000 0.69228417839 -1.44946999850
-1.00000000000 0.00000000000 2.09375000000 -0.00250000000 0.69257050057 -1.45006948556
-1.00000000000 0.00000000000 2.09375000000 -0.00125000000 0.69286169069 -1.45067916487
-1.00000000000 0.00000000000 2.09375000000 0.00000000000 0.69315775715 -1.45129905403
-1.00000000000 0.00000000000 2.09375000000 0.00125000000 0.69345870847 -1.45192917087
-1.00000000000 0.00000000000 2.09375000000 0.00250000000 0.69376455332 -1.45256953352
-1.00000000000 0.00000000000 2.09375000000 0.00375000000 0.69407530047 -1.45322016036
-1.00000000000 0.00000000000 2.09375000000 0.00500000000 0.69439095882 -1.45388107002
-1.00000000000 0.00000000000 2.09375000000 0.00625000000 0.69471153740 -1.45455228143
-1.00000000000 0.00000000000 2.09375000000 0.00750000000 0.69503704537 -1.45523381374
-1.00000000000 0.00000000000 2.09375000000 0.00875000000 0.69536749202 -1.45592568642
-1.00000000000 0.00000000000 2.10937500000 -0.01000000000 0.69094251778 -1.45745687345
-1.00000000000 0.00000000000 2.10937500000 -0.00875000000 0.69120252091 -1.45800531754
-1.00000000000 0.00000000000 2.10937500000 -0.00750000000 0.69146733740 -1.45856391483
-1.00000000000 0.00000000000 2.10937500000 -0.00625000000 0.69173697497 -1.45913268159
-1.00000000000 0.00000000000 2.10937500000 -0.00500000000 0.69201144145 -1.45971163431
-1.00000000000 0.00000000000 2.10937500000 -0.00375000000 0.69229074477 -1.46030078975
-1.00000000000 0.00000000000 2.10937500000 -0.00250000000 0.69257489301 -1.46090016495
-1.00000000000 0.00000000000 2.10937500000 -0.00125000000 0.69286389437 -1.46150977718
-1.00000000000 0.00000000000 2.10937500000 0.00000000000 0.69315775715 -1.46212964398
-1.00000000000 0.00000000000 2.10937500000 0.00125000000 0.69345648979 -1.46275978316
-1.00000000000 0.00000000000 2.10937500000 0.00250000000 0.69376010087 -1.46340021277
-1.00000000000 0.00000000000 2.10937500000 0.00375000000 0.69406859906 -1.46405095115
-1.00000000000 0.00000000000 2.10937500000 0.00500000000 0.69438199319 -1.46471201689
-1.00000000000 0.00000000000 2.10937500000 0.00625000000 0.69470029219 -1.46538342885
-1.00000000000 0.00000000000 2.10937500000 0.00750000000 0.69502350513 -1.46606520614
-1.00000000000 0.00000000000 2.10937500000 0.00875000000 0.69535164121 -1.46675736817
-1.00000000000 0.00000000000 2.12500000000 -0.01000000000 0.69095948213 -1.46828889953
-1.00000000000 0.00000000000 2.12500000000 -0.00875000000 0.69121741488 -1.46883700661
-1.00000000000 0.00000000000 2.12500000000 -0.00750000000 0.69148014682 -1.46939531200
-1.00000000000 0.00000000000 2.12500000000 -0.00625000000 0.69174768560 -1.46996383189
-1.00000000000 0.00000000000 2.12500000000 -0.00500000000 0.69202003894 -1.47054258275
-1.00000000000 0.00000000000 2.12500000000 -0.00375000000 0.69229721472 -1.47113158128
-1.00000000000 0.00000000000 2.12500000000 -0.00250000000 0.69257922092 -1.47173084446
-1.00000000000 0.00000000000 2.12500000000 -0.00125000000 0.69286606565 -1.47234038951
-1.00000000000 0.00000000000 2.12500000000 0.00000000000 0.69315775715 -1.47296023394
-1.00000000000 0.00000000000 2.12500000000 0.00125000000 0.69345430375 -1.47359039548
-1.00000000000 0.00000000000 2.12500000000 0.00250000000 0.69375571395 -1.47423089215
-1.00000000000 0.00000000000 2.12500000000 0.00375000000 0.69406199634 -1.47488174222
-1.00000000000 0.00000000000 2.12500000000 0.00500000000 0.69437315965 -1.47554296425
-1.00000000000 0.00000000000 2.12500000000 0.00625000000 0.69468921273 -1.47621457704
-1.00000000000 0.00000000000 2.12500000000 0.00750000000 0.69501016455 -1.47689659967
-1.00000000000 0.00000000000 2.12500000000 0.00875000000 0.69533602422 -1.47758905147
-1.00000000000 0.00000000000 2.14062500000 -0.01000000000 0.69097619969 -1.47912092746
-1.00000000000 0.00000000000 2.14062500000 -0.00875000000 0.69123209207 -1.47966869710
-1.00000000000 0.00000000000 2.14062500000 -0.00750000000 0.69149276973 -1.48022671020
-1.00000000000 0.00000000000 2.14062500000 -0.00625000000 0.69175824020 -1.48079498292
-1.00000000000 0.00000000000 2.14062500000 -0.00500000000 0.69202851114 -1.48137353166
-1.00000000000 0.00000000000 2.14062500000 -0.00375000000 0.69230359034 -1.48196237307
-1.00000000000 0.00000000000 2.14062500000 -0.00250000000 0.69258348570 -1.48256152409
-1.00000000000 0.00000000000 2.14062500000 -0.00125000000 0.69286820526 -1.48317100188
-1.00000000000 0.00000000000 2.14062500000 0.00000000000 0.69315775715 -1.48379082389
-1.00000000000 0.00000000000 2.14062500000 0.00125000000 0.69345214964 -1.48442100782
-1.00000000000 0.00000000000 2.14062500000 0.00250000000 0.69375139113 -1.48506157164
-1.00000000000 0.00000000000 2.14062500000 0.00375000000 0.69405549013 -1.48571253357
-1.00000000000 0.00000000000 2.14062500000 0.00500000000 0.69436445529 -1.48637391210
-1.00000000000 0.00000000000 2.14062500000 0.00625000000 0.69467829536 -1.48704572600
-1.00000000000 0.00000000000 2.14062500000 0.00750000000 0.69499701923 -1.48772799429
-1.00000000000 0.00000000000 2.14062500000 0.00875000000 0.69532063592 -1.48842073627
-1.00000000000 0.00000000000 2.15625000000 -0.01000000000 0.69099267579 -1.48995295718
-1.00000000000 0.00000000000 2.15625000000 -0.00875000000 0.69124655720 -1.49050038897
-1.00000000000 0.00000000000 2.15625000000 -0.00750000000 0.69150521017 -1.49105810943
-1.00000000000 0.00000000000 2.15625000000 -0.00625000000 0.69176864216 -1.49162613467
-1.00000000000 0.00000000000 2.15625000000 -0.00500000000 0.69203686077 -1.49220448103
-1.00000000000 0.00000000000 2.15625000000 -0.00375000000 0.69230987368 -1.49279316512
-1.00000000000 0.00000000000 2.15625000000 -0.00250000000 0.69258768873 -1.49339220383
-1.00000000000 0.00000000000 2.15625000000 -0.00125000000 0.69287031387 -1.49400161427
-1.00000000000 0.00000000000 2.15625000000 0.00000000000 0.69315775715 -1.49462141385
-1.00000000000 0.00000000000 2.15625000000 0.00125000000 0.69345002676 -1.49525162020
-1.00000000000 0.00000000000 2.15625000000 0.00250000000 0.69374713102 -1.49589225125
-1.00000000000 0.00000000000 2.15625000000 0.00375000000 0.69404907834 -1.49654332518
-1.00000000000 0.00000000000 2.15625000000 0.00500000000 0.69435587730 -1.49720486043
-1.00000000000 0.00000000000 2.15625000000 0.00625000000 0.69466753656 -1.49787687571
-1.00000000000 0.00000000000 2.15625000000 0.00750000000 0.69498406493 -1.49855939000
-1.00000000000 0.00000000000 2.15625000000 0.00875000000 0.69530547133 -1.49925242255
-1.00000000000 0.00000000000 2.17187500000 -0.01000000000 0.69100891565 -1.50078498867
-1.00000000000 0.00000000000 2.17187500000 -0.00875000000 0.69126081482 -1.50133208220
-1.00000000000 0.00000000000 2.17187500000 -0.00750000000 0.69151747207 -1.50188950966
-1.00000000000 0.00000000000 2.17187500000 -0.00625000000 0.69177889478 -1.50245728711
-1.00000000000 0.00000000000 2.17187500000 -0.00500000000 0.69204509046 -1.50303543084
-1.00000000000 0.00000000000 2.17187500000 -0.00375000000 0.69231606673 -1.50362395743
-1.00000000000 0.00000000000 2.17187500000 -0.00250000000 0.69259183134 -1.50422288369
-1.00000000000 0.00000000000 2.17187500000 -0.00125000000 0.69287239215 -1.50483222670
-1.00000000000 0.00000000000 2.17187500000 0.00000000000 0.69315775715 -1.50545200380
-1.00000000000 0.00000000000 2.17187500000 0.00125000000 0.69344793444 -1.50608223261
-1.00000000000 0.00000000000 2.17187500000 0.00250000000 0.69374293225 -1.50672293098
-1.00000000000 0.00000000000 2.17187500000 0.00375000000 0.69404275893 -1.50737411705
-1.00000000000 0.00000000000 2.17187500000 0.00500000000 0.69434742295 -1.50803580922
-1.00000000000 0.00000000000 2.17187500000 0.00625000000 0.69465693290 -1.50870802615
-1.00000000000 0.00000000000 2.17187500000 0.00750000000 0.69497129750 -1.50939078676
-1.00000000000 0.00000000000 2.17187500000 0.00875000000 0.69529052559 -1.51008411027
-1.00000000000 0.00000000000 2.18750000000 -0.01000000000 0.69102492429 -1.51161702188
-1.00000000000 0.00000000000 2.18750000000 -0.00875000000 0.69127486937 -1.51216377675
-1.00000000000 0.00000000000 2.18750000000 -0.00750000000 0.69152955925 -1.51272091087
-1.00000000000 0.00000000000 2.18750000000 -0.00625000000 0.69178900125 -1.51328844023
-1.00000000000 0.00000000000 2.18750000000 -0.00500000000 0.69205320279 -1.51386638110
-1.00000000000 0.00000000000 2.18750000000 -0.00375000000 0.69232217142 -1.51445474998
-1.00000000000 0.00000000000 2.18750000000 -0.00250000000 0.69259591481 -1.51505356365
-1.00000000000 0.00000000000 2.18750000000 -0.00125000000 0.69287444075 -1.51566283915
-1.00000000000 0.00000000000 2.18750000000 0.00000000000 0.69315775715 -1.51628259376
-1.00000000000 0.00000000000 2.18750000000 0.00125000000 0.69344587202 -1.51691284504
-1.00000000000 0.00000000000 2.18750000000 0.00250000000 0.69373879352 -1.51755361082
-1.00000000000 0.00000000000 2.18750000000 0.00375000000 0.69403652991 -1.51820490918
-1.00000000000 0.00000000000 2.18750000000 0.00500000000 0.69433908958 -1.51886675847
-1.00000000000 0.00000000000 2.18750000000 0.00625000000 0.69464648105 -1.51953917730
-1.00000000000 0.00000000000 2.18750000000 0.00750000000 0.69495871294 -1.52022218456
-1.00000000000 0.00000000000 2.18750000000 0.00875000000 0.69527579402 -1.52091579941
-1.00000000000 0.00000000000 2.20312500000 -0.01000000000 0.69104070662 -1.52244905678
-1.00000000000 0.00000000000 2.20312500000 -0.00875000000 0.69128872515 -1.52299547260
-1.00000000000 0.00000000000 2.20312500000 -0.00750000000 0.69154147542 -1.52355231304
-1.00000000000 0.00000000000 2.20312500000 -0.00625000000 0.69179896466 -1.52411959403
-1.00000000000 0.00000000000 2.20312500000 -0.00500000000 0.69206120024 -1.52469733178
-1.00000000000 0.00000000000 2.20312500000 -0.00375000000 0.69232818963 -1.52528554278
-1.00000000000 0.00000000000 2.20312500000 -0.00250000000 0.69259994042 -1.52588424373
-1.00000000000 0.00000000000 2.20312500000 -0.00125000000 0.69287646031 -1.52649345162
-1.00000000000 0.00000000000 2.20312500000 0.00000000000 0.69315775715 -1.52711318371
-1.00000000000 0.00000000000 2.20312500000 0.00125000000 0.69344383887 -1.52774345751
-1.00000000000 0.00000000000 2.20312500000 0.00250000000 0.69373471354 -1.52838429077
-1.00000000000 0.00000000000 2.20312500000 0.00375000000 0.69403038936 -1.52903570155
-1.00000000000 0.00000000000 2.20312500000 0.00500000000 0.69433087462 -1.52969770816
-1.00000000000 0.00000000000 2.20312500000 0.00625000000 0.69463617777 -1.53037032915
-1.00000000000 0.00000000000 2.20312500000 0.00750000000 0.69494630734 -1.53105358337
-1.00000000000 0.00000000000 2.20312500000 0.00875000000 0.69526127202 -1.53174748993
-1.00000000000 0.00000000000 2.21875000000 -0.01000000000 0.69105626742 -1.53328109334
-1.00000000000 0.00000000000 2.21875000000 -0.00875000000 0.69130238636 -1.53382716973
-1.00000000000 0.00000000000 2.21875000000 -0.00750000000 0.69155322418 -1.53438371614
-1.00000000000 0.00000000000 2.21875000000 -0.00625000000 0.69180878804 -1.53495074847
-1.00000000000 0.00000000000 2.21875000000 -0.00500000000 0.69206908525 -1.53552828289
-1.00000000000 0.00000000000 2.21875000000 -0.00375000000 0.69233412318 -1.53611633581
-1.00000000000 0.00000000000 2.21875000000 -0.00250000000 0.69260390937 -1.53671492391
-1.00000000000 0.00000000000 2.21875000000 -0.00125000000 0.69287845144 -1.53732406413
-1.00000000000 0.00000000000 2.21875000000 0.00000000000 0.69315775715 -1.53794377367
-1.00000000000 0.00000000000 2.21875000000 0.00125000000 0.69344183436 -1.53857406999
-1.00000000000 0.00000000000 2.21875000000 0.00250000000 0.69373069108 -1.53921497083
-1.00000000000 0.00000000000 2.21875000000 0.00375000000 0.69402433540 -1.53986649417
-1.00000000000 0.00000000000 2.21875000000 0.00500000000 0.69432277556 -1.54052865828
-1.00000000000 0.00000000000 2.21875000000 0.00625000000 0.69462601991 -1.54120148168
-1.00000000000 0.00000000000 2.21875000000 0.00750000000 0.69493407692 -1.54188498316
-1.00000000000 0.00000000000 2.21875000000 0.00875000000 0.69524695518 -1.54257918180
-1.00000000000 0.00000000000 2.23437500000 -0.01000000000 0.69107161130 -1.54411313151
-1.00000000000 0.00000000000 2.23437500000 -0.00875000000 0.69131585705 -1.54465886809
-1.00000000000 0.00000000000 2.23437500000 -0.00750000000 0.69156480902 -1.54521512016
-1.00000000000 0.00000000000 2.23437500000 -0.00625000000 0.69181847432 -1.54578190356
-1.00000000000 0.00000000000 2.23437500000 -0.00500000000 0.69207686015 -1.54635923441
-1.00000000000 0.00000000000 2.23437500000 -0.00375000000 0.69233997385 -1.54694712908
-1.00000000000 0.00000000000 2.23437500000 -0.00250000000 0.69260782286 -1.54754560419
-1.00000000000 0.00000000000 2.23437500000 -0.00125000000 0.69288041473 -1.54815467666
-1.00000000000 0.00000000000 2.23437500000 0.00000000000 0.69315775715 -1.54877436362
-1.00000000000 0.00000000000 2.23437500000 0.00125000000 0.69343985791 -1.54940468251
-1.00000000000 0.00000000000 2.23437500000 0.00250000000 0.69372672492 -1.55004565100
-1.00000000000 0.00000000000 2.23437500000 0.00375000000 0.69401836622 -1.55069728703
-1.00000000000 0.00000000000 2.23437500000 0.00500000000 0.69431478997 -1.55135960883
-1.00000000000 0.00000000000 2.23437500000 0.00625000000 0.69461600442 -1.55203263488
-1.00000000000 0.00000000000 2.23437500000 0.00750000000 0.69492201798 -1.55271638393
-1.00000000000 0.00000000000 2.23437500000 0.00875000000 0.69523283916 -1.55341087499
-1.00000000000 0.00000000000 2.25000000000 -0.01000000000 0.69108674278 -1.55494517126
-1.00000000000 0.00000000000 2.25000000000 -0.00875000000 0.69132914119 -1.55549056768
-1.00000000000 0.00000000000 2.25000000000 -0.00750000000 0.69157623337 -1.55604652508
-1.00000000000 0.00000000000 2.25000000000 -0.00625000000 0.69182802635 -1.55661305928
-1.00000000000 0.00000000000 2.25000000000 -0.00500000000 0.69208452726 -1.55719018633
-1.00000000000 0.00000000000 2.25000000000 -0.00375000000 0.69234574336 -1.55777792257
-1.00000000000 0.00000000000 2.25000000000 -0.00250000000 0.69261168204 -1.55837628458
-1.00000000000 0.00000000000 2.25000000000 -0.00125000000 0.69288235076 -1.55898528921
-1.00000000000 0.00000000000 2.25000000000 0.00000000000 0.69315775715 -1.55960495358
-1.00000000000 0.00000000000 2.25000000000 0.00125000000 0.69343790891 -1.56023529505
-1.00000000000 0.00000000000 2.25000000000 0.00250000000 0.69372281390 -1.56087633126
-1.00000000000 0.00000000000 2.25000000000 0.00375000000 0.69401248006 -1.56152808013
-1.00000000000 0.00000000000 2.25000000000 0.00500000000 0.69430691547 -1.56219055981
-1.00000000000 0.00000000000 2.25000000000 0.00625000000 0.69460612833 -1.56286378874
-1.00000000000 0.00000000000 2.25000000000 0.00750000000 0.69491012695 -1.56354778564
-1.00000000000 0.00000000000 2.25000000000 0.00875000000 0.69521891977 -1.56424256948
-1.00000000000 0.00000000000 2.26562500000 -0.01000000000 0.69110166624 -1.56577721257
-1.00000000000 0.00000000000 2.26562500000 -0.00875000000 0.69134224263 -1.56632226846
-1.00000000000 0.00000000000 2.26562500000 -0.00750000000 0.69158750053 -1.56687793088
-1.00000000000 0.00000000000 2.26562500000 -0.00625000000 0.69183744689 -1.56744421561
-1.00000000000 0.00000000000 2.26562500000 -0.00500000000 0.69209208878 -1.56802113865
-1.00000000000 0.00000000000 2.26562500000 -0.00375000000 0.69235143340 -1.56860871629
-1.00000000000 0.00000000000 2.26562500000 -0.00250000000 0.69261548803 -1.56920696507
-1.00000000000 0.00000000000 2.26562500000 -0.00125000000 0.69288426010 -1.56981590180
-1.00000000000 0.00000000000 2.26562500000 0.00000000000 0.69315775715 -1.57043554354
-1.00000000000 0.00000000000 2.26562500000 0.00125000000 0.69343598681 -1.57106590762
-1.00000000000 0.00000000000 2.26562500000 0.00250000000 0.69371895686 -1.57170701163
-1.00000000000 0.00000000000 2.26562500000 0.00375000000 0.69400667518 -1.57235887345
-1.00000000000 0.00000000000 2.26562500000 0.00500000000 0.69429914976 -1.57302151119
-1.00000000000 0.00000000000 2.26562500000 0.00625000000 0.69459638874 -1.57369494324
-1.00000000000 0.00000000000 2.26562500000 0.00750000000 0.69489840035 -1.57437918828
-1.00000000000 0.00000000000 2.26562500000 0.00875000000 0.69520519294 -1.57507426524
-1.00000000000 0.00000000000 2.28125000000 -0.01000000000 0.69111638593 -1.57660925540
-1.00000000000 0.00000000000 2.28125000000 -0.00875000000 0.69135516511 -1.57715397041
-1.00000000000 0.00000000000 2.28125000000 -0.00750000000 0.69159861372 -1.57770933755
-1.00000000000 0.00000000000 2.28125000000 -0.00625000000 0.69184673865 -1.57827537254
-1.00000000000 0.00000000000 2.28125000000 -0.00500000000 0.69209954689 -1.57885209135
-1.00000000000 0.00000000000 2.28125000000 -0.00375000000 0.69235704558 -1.57943951022
-1.00000000000 0.00000000000 2.28125000000 -0.00250000000 0.69261924193 -1.58003764565
-1.00000000000 0.00000000000 2.28125000000 -0.00125000000 0.69288614330 -1.58064651440
-1.00000000000 0.00000000000 2.28125000000 0.00000000000 0.69315775715 -1.58126613349
-1.00000000000 0.00000000000 2.28125000000 0.00125000000 0.69343409105 -1.58189652021
-1.00000000000 0.00000000000 2.28125000000 0.00250000000 0.69371515270 -1.58253769210
-1.00000000000 0.00000000000 2.28125000000 0.00375000000 0.69400094991 -1.58318966699
-1.00000000000 0.00000000000 2.28125000000 0.00500000000 0.69429149062 -1.58385246297
-1.00000000000 0.00000000000 2.28125000000 0.00625000000 0.69458678285 -1.58452609837
-1.00000000000 0.00000000000 2.28125000000 0.00750000000 0.69488683478 -1.58521059184
-1.00000000000 0.00000000000 2.28125000000 0.00875000000 0.69519165468 -1.58590596225
-1.00000000000 0.00000000000 2.29687500000 -0.01000000000 0.69113090600 -1.58744129971
-1.00000000000 0.00000000000 2.29687500000 -0.00875000000 0.69136791227 -1.58798567350
-1.00000000000 0.00000000000 2.29687500000 -0.00750000000 0.69160957608 -1.58854074506
-1.00000000000 0.00000000000 2.29687500000 -0.00625000000 0.69185590424 -1.58910653006
-1.00000000000 0.00000000000 2.29687500000 -0.00500000000 0.69210690370 -1.58968304443
-1.00000000000 0.00000000000 2.29687500000 -0.00375000000 0.69236258149 -1.59027030437
-1.00000000000 0.00000000000 2.29687500000 -0.00250000000 0.69262294480 -1.59086832633
-1.00000000000 0.00000000000 2.29687500000 -0.00125000000 0.69288800088 -1.59147712703
-1.00000000000 0.00000000000 2.29687500000 0.00000000000 0.69315775715 -1.59209672345
-1.00000000000 0.00000000000 2.29687500000 0.00125000000 0.69343222109 -1.59272713282
-1.00000000000 0.00000000000 2.29687500000 0.00250000000 0.69371140035 -1.59336837267
-1.00000000000 0.00000000000 2.29687500000 0.00375000000 0.69399530264 -1.59402046076
-1.00000000000 0.00000000000 2.29687500000 0.00500000000 0.69428393584 -1.59468341514
-1.00000000000 0.00000000000 2.29687500000 0.00625000000 0.69457730792 -1.59535725412
-1.00000000000 0.00000000000 2.29687500000 0.00750000000 0.69487542695 -1.59604199628
-1.00000000000 0.00000000000 2.29687500000 0.00875000000 0.69517830116 -1.59673766047
-1.00000000000 0.00000000000 2.31250000000 -0.01000000000 0.69114523048 -1.59827334549
-1.00000000000 0.00000000000 2.31250000000 -0.00875000000 0.69138048766 -1.59881737772
-1.00000000000 0.00000000000 2.31250000000 -0.00750000000 0.69162039066 -1.59937215340
-1.00000000000 0.00000000000 2.31250000000 -0.00625000000 0.69186494623 -1.59993768815
-1.00000000000 0.00000000000 2.31250000000 -0.00500000000 0.69211416125 -1.60051399788
-1.00000000000 0.00000000000 2.31250000000 -0.00375000000 0.69236804269 -1.60110109873
-1.00000000000 0.00000000000 2.31250000000 -0.00250000000 0.69262659767 -1.60169900710
-1.00000000000 0.00000000000 2.31250000000 -0.00125000000 0.69288983338 -1.60230773968
-1.00000000000 0.00000000000 2.31250000000 0.00000000000 0.69315775715 -1.60292731340
-1.00000000000 0.00000000000 2.31250000000 0.00125000000 0.69343037642 -1.60355774546
-1.00000000000 0.00000000000 2.31250000000 0.00250000000 0.69370769874 -1.60419905333
-1.00000000000 0.00000000000 2.31250000000 0.00375000000 0.69398973178 -1.60485125474
-1.00000000000 0.00000000000 2.31250000000 0.00500000000 0.69427648333 -1.60551436770
-1.00000000000 0.00000000000 2.31250000000 0.00625000000 0.69456796128 -1.60618841047
-1.00000000000 0.00000000000 2.31250000000 0.00750000000 0.69486417366 -1.60687340159
-1.00000000000 0.00000000000 2.31250000000 0.00875000000 0.69516512860 -1.60756935989
-1.00000000000 0.00000000000 2.32812500000 -0.01000000000 0.69115936330 -1.60910539269
-1.00000000000 0.00000000000 2.32812500000 -0.00875000000 0.69139289472 -1.60964908303
-1.00000000000 0.00000000000 2.32812500000 -0.00750000000 0.69163106042 -1.61020356254
-1.00000000000 0.00000000000 2.32812500000 -0.00625000000 0.69187386709 -1.61076884682
-1.00000000000 0.00000000000 2.32812500000 -0.00500000000 0.69212132154 -1.61134495170
-1.00000000000 0.00000000000 2.32812500000 -0.00375000000 0.69237343068 -1.61193189329
-1.00000000000 0.00000000000 2.32812500000 -0.00250000000 0.69263020154 -1.61252968797
-1.00000000000 0.00000000000 2.32812500000 -0.00125000000 0.69289164128 -1.61313835236
-1.00000000000 0.00000000000 2.32812500000 0.00000000000 0.69315775715 -1.61375790336
-1.00000000000 0.00000000000 2.32812500000 0.00125000000 0.69342855651 -1.61438835812
-1.00000000000 0.00000000000 2.32812500000 0.00250000000 0.69370404685 -1.61502973408
-1.00000000000 0.00000000000 2.32812500000 0.00375000000 0.69398423578 -1.61568204893
-1.00000000000 0.00000000000 2.32812500000 0.00500000000 0.69426913101 -1.61634532063
-1.00000000000 0.00000000000 2.32812500000 0.00625000000 0.69455874036 -1.61701956741
-1.00000000000 0.00000000000 2.32812500000 0.00750000000 0.69485307179 -1.61770480777
-1.00000000000 0.00000000000 2.32812500000 0.00875000000 0.69515213336 -1.61840106048
-1.00000000000 0.00000000000 2.34375000000 -0.01000000000 0.69117330829 -1.61993744130
-1.00000000000 0.00000000000 2.34375000000 -0.00875000000 0.69140513682 -1.62048078942
-1.00000000000 0.00000000000 2.34375000000 -0.00750000000 0.69164158826 -1.62103497249
-1.00000000000 0.00000000000 2.34375000000 -0.00625000000 0.69188266924 -1.62160000604
-1.00000000000 0.00000000000 2.34375000000 -0.00500000000 0.69212838651 -1.62217590587
-1.00000000000 0.00000000000 2.34375000000 -0.00375000000 0.69237874691 -1.62276268806
-1.00000000000 0.00000000000 2.34375000000 -0.00250000000 0.69263375741 -1.62336036892
-1.00000000000 0.00000000000 2.34375000000 -0.00125000000 0.69289342509 -1.62396896506
-1.00000000000 0.00000000000 2.34375000000 0.00000000000 0.69315775715 -1.62458849331
-1.00000000000 0.00000000000 2.34375000000 0.00125000000 0.69342676088 -1.62521897081
-1.00000000000 0.00000000000 2.34375000000 0.00250000000 0.69370044370 -1.62586041493
-1.00000000000 0.00000000000 2.34375000000 0.00375000000 0.69397881315 -1.62651284333
-1.00000000000 0.00000000000 2.34375000000 0.00500000000 0.69426187688 -1.62717627393
-1.00000000000 0.00000000000 2.34375000000 0.00625000000 0.69454964264 -1.62785072493
-1.00000000000 0.00000000000 2.34375000000 0.00750000000 0.69484211830 -1.62853621477
-1.00000000000 0.00000000000 2.34375000000 0.00875000000 0.69513931188 -1.62923276221
-1.00000000000 0.00000000000 2.35937500000 -0.01000000000 0.69118706915 -1.63076949128
-1.00000000000 0.00000000000 2.35937500000 -0.00875000000 0.69141721722 -1.63131249687
-1.00000000000 0.00000000000 2.35937500000 -0.00750000000 0.69165197699 -1.63186638321
-1.00000000000 0.00000000000 2.35937500000 -0.00625000000 0.69189135504 -1.63243116580
-1.00000000000 0.00000000000 2.35937500000 -0.00500000000 0.69213535805 -1.63300686039
-1.00000000000 0.00000000000 2.35937500000 -0.00375000000 0.69238399280 -1.63359348302
-1.00000000000 0.00000000000 2.35937500000 -0.00250000000 0.69263726621 -1.63419104997
-1.00000000000 0.00000000000 2.35937500000 -0.00125000000 0.69289518528 -1.63479957778
-1.00000000000 0.00000000000 2.35937500000 0.00000000000 0.69315775715 -1.63541908327
-1.00000000000 0.00000000000 2.35937500000 0.00125000000 0.69342498904 -1.63604958352
-1.00000000000 0.00000000000 2.35937500000 0.00250000000 0.69369688831 -1.63669109587
-1.00000000000 0.00000000000 2.35937500000 0.00375000000 0.69397346244 -1.63734363793
-1.00000000000 0.00000000000 2.35937500000 0.00500000000 0.69425471898 -1.63800722760
-1.00000000000 0.00000000000 2.35937500000 0.00625000000 0.69454066565 -1.63868188302
-1.00000000000 0.00000000000 2.35937500000 0.00750000000 0.69483131024 -1.63936762261
-1.00000000000 0.00000000000 2.35937500000 0.00875000000 0.69512666069 -1.64006446506
-1.00000000000 0.00000000000 2.37500000000 -0.01000000000 0.69120064952 -1.64160154260
-1.00000000000 0.00000000000 2.37500000000 -0.00875000000 0.69142913910 -1.64214420535
-1.00000000000 0.00000000000 2.37500000000 -0.00750000000 0.69166222935 -1.64269779470
-1.00000000000 0.00000000000 2.37500000000 -0.00625000000 0.69189992678 -1.64326232609
-1.00000000000 0.00000000000 2.37500000000 -0.00500000000 0.69214223800 -1.64383781526
-1.00000000000 0.00000000000 2.37500000000 -0.00375000000 0.69238916976 -1.64442427818
-1.00000000000 0.00000000000 2.37500000000 -0.00250000000 0.69264072888 -1.64502173110
-1.00000000000 0.00000000000 2.37500000000 -0.00125000000 0.69289692232 -1.64563019052
-1.00000000000 0.00000000000 2.37500000000 0.00000000000 0.69315775715 -1.64624967322
-1.00000000000 0.00000000000 2.37500000000 0.00125000000 0.69342324052 -1.64688019624
-1.00000000000 0.00000000000 2.37500000000 0.00250000000 0.69369337974 -1.64752177689
-1.00000000000 0.00000000000 2.37500000000 0.00375000000 0.69396818220 -1.64817443273
-1.00000000000 0.00000000000 2.37500000000 0.00500000000 0.69424765542 -1.64883818162
-1.00000000000 0.00000000000 2.37500000000 0.00625000000 0.69453180702 -1.64951304166
-1.00000000000 0.00000000000 2.37500000000 0.00750000000 0.69482064473 -1.65019903124
-1.00000000000 0.00000000000 2.37500000000 0.00875000000 0.69511417643 -1.65089616902
-1.00000000000 0.00000000000 2.39062500000 -0.01000000000 0.69121405291 -1.65243359525
-1.00000000000 0.00000000000 2.39062500000 -0.00875000000 0.69144090556 -1.65297591485
-1.00000000000 0.00000000000 2.39062500000 -0.00750000000 0.69167234800 -1.65352920693
-1.00000000000 0.00000000000 2.39062500000 -0.00625000000 0.69190838668 -1.65409348691
-1.00000000000 0.00000000000 2.39062500000 -0.00500000000 0.69214902817 -1.65466877046
-1.00000000000 0.00000000000 2.39062500000 -0.00375000000 0.69239427912 -1.65525507352
-1.00000000000 0.00000000000 2.39062500000 -0.00250000000 0.69264414633 -1.65585241231
-1.00000000000 0.00000000000 2.39062500000 -0.00125000000 0.69289863667 -1.65646080328
-1.00000000000 0.00000000000 2.39062500000 0.00000000000 0.69315775715 -1.65708026318
-1.00000000000 0.00000000000 2.39062500000 0.00125000000 0.69342151487 -1.65771080899
-1.00000000000 0.00000000000 2.39062500000 0.00250000000 0.69368991707 -1.65835245800
-1.00000000000 0.00000000000 2.39062500000 0.00375000000 0.69396297108 -1.65900522773
-1.00000000000 0.00000000000 2.39062500000 0.00500000000 0.69424068433 -1.65966913599
-1.00000000000 0.00000000000 2.39062500000 0.00625000000 0.69452306441 -1.66034420085
-1.00000000000 0.00000000000 2.39062500000 0.00750000000 0.69481011897 -1.66103044067
-1.00000000000 0.00000000000 2.39062500000 0.00875000000 0.69510185581 -1.66172787406
-1.00000000000 0.00000000000 2.40625000000 -0.01000000000 0.69122728278 -1.66326564919
-1.00000000000 0.00000000000 2.40625000000 -0.00875000000 0.69145251962 -1.66380762535
-1.00000000000 0.00000000000 2.40625000000 -0.00750000000 0.69168233554 -1.66436061990
-1.00000000000 0.00000000000 2.40625000000 -0.00625000000 0.69191673693 -1.66492464824
-1.00000000000 0.00000000000 2.40625000000 -0.00500000000 0.69215573028 -1.66549972599
-1.00000000000 0.00000000000 2.40625000000 -0.00375000000 0.69239932221 -1.66608586906
-1.00000000000 0.00000000000 2.40625000000 -0.00250000000 0.69264751942 -1.66668309361
-1.00000000000 0.00000000000 2.40625000000 -0.00125000000 0.69290032876 -1.66729141607
-1.00000000000 0.00000000000 2.40625000000 0.00000000000 0.69315775715 -1.66791085313
-1.00000000000 0.00000000000 2.40625000000 0.00125000000 0.69341981164 -1.66854142177
-1.00000000000 0.00000000000 2.40625000000 0.00250000000 0.69368649941 -1.66918313919
-1.00000000000 0.00000000000 2.40625000000 0.00375000000 0.69395782771 -1.66983602292
-1.00000000000 0.00000000000 2.40625000000 0.00500000000 0.69423380393 -1.67050009070
-1.00000000000 0.00000000000 2.40625000000 0.00625000000 0.69451443556 -1.67117536058
-1.00000000000 0.00000000000 2.40625000000 0.00750000000 0.69479973023 -1.67186185087
-1.00000000000 0.00000000000 2.40625000000 0.00875000000 0.69508969565 -1.67255958015
-1.00000000000 0.00000000000 2.42187500000 -0.01000000000 0.69124034246 -1.67409770440
-1.00000000000 0.00000000000 2.42187500000 -0.00875000000 0.69146398423 -1.67463933681
-1.00000000000 0.00000000000 2.42187500000 -0.00750000000 0.69169219452 -1.67519203359
-1.00000000000 0.00000000000 2.42187500000 -0.00625000000 0.69192497964 -1.67575581007
-1.00000000000 0.00000000000 2.42187500000 -0.00500000000 0.69216234605 -1.67633068184
-1.00000000000 0.00000000000 2.42187500000 -0.00375000000 0.69240430029 -1.67691666477
-1.00000000000 0.00000000000 2.42187500000 -0.00250000000 0.69265084903 -1.67751377499
-1.00000000000 0.00000000000 2.42187500000 -0.00125000000 0.69290199902 -1.67812202887
-1.00000000000 0.00000000000 2.42187500000 0.00000000000 0.69315775715 -1.67874144309
-1.00000000000 0.00000000000 2.42187500000 0.00125000000 0.69341813040 -1.67937203456
-1.00000000000 0.00000000000 2.42187500000 0.00250000000 0.69368312587 -1.68001382047
-1.00000000000 0.00000000000 2.42187500000 0.00375000000 0.69395275078 -1.68066681829
-1.00000000000 0.00000000000 2.42187500000 0.00500000000 0.69422701243 -1.68133104574
-1.00000000000 0.00000000000 2.42187500000 0.00625000000 0.69450591828 -1.68200652083
-1.00000000000 0.00000000000 2.42187500000 0.00750000000 0.69478947585 -1.68269326183
-1.00000000000 0.00000000000 2.42187500000 0.00875000000 0.69507769281 -1.68339128728
-1.00000000000 0.00000000000 2.43750000000 -0.01000000000 0.69125323522 -1.68492976085
-1.00000000000 0.00000000000 2.43750000000 -0.00875000000 0.69147530225 -1.68547104924
-1.00000000000 0.00000000000 2.43750000000 -0.00750000000 0.69170192738 -1.68602344799
-1.00000000000 0.00000000000 2.43750000000 -0.00625000000 0.69193311688 -1.68658697239
-1.00000000000 0.00000000000 2.43750000000 -0.00500000000 0.69216887713 -1.68716163801
-1.00000000000 0.00000000000 2.43750000000 -0.00375000000 0.69240921463 -1.68774746067
-1.00000000000 0.00000000000 2.43750000000 -0.00250000000 0.69265413598 -1.68834445644
-1.00000000000 0.00000000000 2.43750000000 -0.00125000000 0.69290364788 -1.68895264170
-1.00000000000 0.00000000000 2.43750000000 0.00000000000 0.69315775715 -1.68957203304
-1.00000000000 0.00000000000 2.43750000000 0.00125000000 0.69341647072 -1.69020264737
-1.00000000000 0.00000000000 2.43750000000 0.00250000000 0.69367979562 -1.69084450183
-1.00000000000 0.00000000000 2.43750000000 0.00375000000 0.69394773901 -1.69149761385
-1.00000000000 0.00000000000 2.43750000000 0.00500000000 0.69422030815 -1.69216200111
-1.00000000000 0.00000000000 2.43750000000 0.00625000000 0.69449751040 -1.69283768159
-1.00000000000 0.00000000000 2.43750000000 0.00750000000 0.69477935324 -1.69352467353
-1.00000000000 0.00000000000 2.43750000000 0.00875000000 0.69506584428 -1.69422299543
-1.00000000000 0.00000000000 2.45312500000 -0.01000000000 0.69126596424 -1.69576181853
-1.00000000000 0.00000000000 2.45312500000 -0.00875000000 0.69148647648 -1.69630276261
-1.00000000000 0.00000000000 2.45312500000 -0.00750000000 0.69171153654 -1.69685486308
-1.00000000000 0.00000000000 2.45312500000 -0.00625000000 0.69194115065 -1.69741813520
-1.00000000000 0.00000000000 2.45312500000 -0.00500000000 0.69217532514 -1.69799259449
-1.00000000000 0.00000000000 2.45312500000 -0.00375000000 0.69241406644 -1.69857825674
-1.00000000000 0.00000000000 2.45312500000 -0.00250000000 0.69265738109 -1.69917513798
-1.00000000000 0.00000000000 2.45312500000 -0.00125000000 0.69290527574 -1.69978325454
-1.00000000000 0.00000000000 2.45312500000 0.00000000000 0.69315775715 -1.70040262300
-1.00000000000 0.00000000000 2.45312500000 0.00125000000 0.69341483218 -1.70103326020
-1.00000000000 0.00000000000 2.45312500000 0.00250000000 0.69367650783 -1.70167518327
-1.00000000000 0.00000000000 2.45312500000 0.00375000000 0.69394279117 -1.70232840958
-1.00000000000 0.00000000000 2.45312500000 0.00500000000 0.69421368940 -1.70299295681
-1.00000000000 0.00000000000 2.45312500000 0.00625000000 0.69448920983 -1.70366884286
-1.00000000000 0.00000000000 2.45312500000 0.00750000000 0.69476935988 -1.70435608596
-1.00000000000 0.00000000000 2.45312500000 0.00875000000 0.69505414709 -1.70505470458
-1.00000000000 0.00000000000 2.46875000000 -0.01000000000 0.69127853262 -1.70659387740
-1.00000000000 0.00000000000 2.46875000000 -0.00875000000 0.69149750963 -1.70713447689
-1.00000000000 0.00000000000 2.46875000000 -0.00750000000 0.69172102434 -1.70768627885
-1.00000000000 0.00000000000 2.46875000000 -0.00625000000 0.69194908293 -1.70824929848
-1.00000000000 0.00000000000 2.46875000000 -0.00500000000 0.69218169166 -1.70882355128
-1.00000000000 0.00000000000 2.46875000000 -0.00375000000 0.69241885690 -1.70940905298
-1.00000000000 0.00000000000 2.46875000000 -0.00250000000 0.69266058515 -1.71000581959
-1.00000000000 0.00000000000 2.46875000000 -0.00125000000 0.69290688300 -1.71061386741
-1.00000000000 0.00000000000 2.46875000000 0.00000000000 0.69315775715 -1.71123321296
-1.00000000000 0.00000000000 2.46875000000 0.00125000000 0.69341321440 -1.71186387305
-1.00000000000 0.00000000000 2.46875000000 0.00250000000 0.69367326169 -1.71250586478
-1.00000000000 0.00000000000 2.46875000000 0.00375000000 0.69393790602 -1.71315920550
-1.00000000000 0.00000000000 2.46875000000 0.00500000000 0.69420715456 -1.71382391281
-1.00000000000 0.00000000000 2.46875000000 0.00625000000 0.69448101453 -1.71450000463
-1.00000000000 0.00000000000 2.46875000000 0.00750000000 0.69475949331 -1.71518749911
-1.00000000000 0.00000000000 2.46875000000 0.00875000000 0.69504259836 -1.71588641471
-1.00000000000 0.00000000000 2.48437500000 -0.01000000000 0.69129094338 -1.71742593745
-1.00000000000 0.00000000000 2.48437500000 -0.00875000000 0.69150840436 -1.71796619209
-1.00000000000 0.00000000000 2.48437500000 -0.00750000000 0.69173039307 -1.71851769528
-1.00000000000 0.00000000000 2.48437500000 -0.00625000000 0.69195691561 -1.71908046223
-1.00000000000 0.00000000000 2.48437500000 -0.00500000000 0.69218797821 -1.71965450836
-1.00000000000 0.00000000000 2.48437500000 -0.00375000000 0.69242358717 -1.72023984939
-1.00000000000 0.00000000000 2.48437500000 -0.00250000000 0.69266374894 -1.72083650128
-1.00000000000 0.00000000000 2.48437500000 -0.00125000000 0.69290847005 -1.72144448029
-1.00000000000 0.00000000000 2.48437500000 0.00000000000 0.69315775715 -1.72206380291
-1.00000000000 0.00000000000 2.48437500000 0.00125000000 0.69341161698 -1.72269448593
-1.00000000000 0.00000000000 2.48437500000 0.00250000000 0.69367005640 -1.72333654638
-1.00000000000 0.00000000000 2.48437500000 0.00375000000 0.69393308240 -1.72399000158
-1.00000000000 0.00000000000 2.48437500000 0.00500000000 0.69420070204 -1.72465486913
-1.00000000000 0.00000000000 2.48437500000 0.00625000000 0.69447292252 -1.72533116688
-1.00000000000 0.00000000000 2.48437500000 0.00750000000 0.69474975113 -1.72601891297
-1.00000000000 0.00000000000 2.48437500000 0.00875000000 0.69503119529 -1.72671812579
-1.00000000000 0.00000000000 2.50000000000 -0.01000000000 0.69130319946 -1.72825799866
-1.00000000000 0.00000000000 2.50000000000 -0.00875000000 0.69151916327 -1.72879790816
-1.00000000000 0.00000000000 2.50000000000 -0.00750000000 0.69173964495 -1.72934911238
-1.00000000000 0.00000000000 2.50000000000 -0.00625000000 0.69196465057 -1.72991162643
-1.00000000000 0.00000000000 2.50000000000 -0.00500000000 0.69219418629 -1.73048546574
-1.00000000000 0.00000000000 2.50000000000 -0.00375000000 0.69242825839 -1.73107064596
-1.00000000000 0.00000000000 2.50000000000 -0.00250000000 0.69266687322 -1.73166718305
-1.00000000000 0.00000000000 2.50000000000 -0.00125000000 0.69291003728 -1.73227509319
-1.00000000000 0.00000000000 2.50000000000 0.00000000000 0.69315775715 -1.73289439287
-1.00000000000 0.00000000000 2.50000000000 0.00125000000 0.69341003953 -1.73352509882
-1.00000000000 0.00000000000 2.50000000000 0.00250000000 0.69366689122 -1.73416722805
-1.00000000000 0.00000000000 2.50000000000 0.00375000000 0.69392831914 -1.73482079784
-1.00000000000 0.00000000000 2.50000000000 0.00500000000 0.69419433030 -1.73548582575
-1.00000000000 0.00000000000 2.50000000000 0.00625000000 0.69446493184 -1.73616232961
-1.00000000000 0.00000000000 2.50000000000 0.00750000000 0.69474013100 -1.73685032751
-1.00000000000 0.00000000000 2.50000000000 0.00875000000 0.69501993513 -1.73754983782
-1.00000000000 0.00000000000 2.51562500000 -0.01000000000 0.69131530375 -1.73909006099
-1.00000000000 0.00000000000 2.51562500000 -0.00875000000 0.69152978886 -1.73962962511
-1.00000000000 0.00000000000 2.51562500000 -0.00750000000 0.69174878216 -1.74018053011
-1.00000000000 0.00000000000 2.51562500000 -0.00625000000 0.69197228962 -1.74074279108
-1.00000000000 0.00000000000 2.51562500000 -0.00500000000 0.69220031738 -1.74131642340
-1.00000000000 0.00000000000 2.51562500000 -0.00375000000 0.69243287163 -1.74190144270
-1.00000000000 0.00000000000 2.51562500000 -0.00250000000 0.69266995871 -1.74249786488
-1.00000000000 0.00000000000 2.51562500000 -0.00125000000 0.69291158504 -1.74310570611
-1.00000000000 0.00000000000 2.51562500000 0.00000000000 0.69315775715 -1.74372498282
-1.00000000000 0.00000000000 2.51562500000 0.00125000000 0.69340848168 -1.74435571172
-1.00000000000 0.00000000000 2.51562500000 0.00250000000 0.69366376538 -1.74499790979
-1.00000000000 0.00000000000 2.51562500000 0.00375000000 0.69392361511 -1.74565159427
-1.00000000000 0.00000000000 2.51562500000 0.00500000000 0.69418803783 -1.74631678267
-1.00000000000 0.00000000000 2.51562500000 0.00625000000 0.69445704062 -1.74699349281
-1.00000000000 0.00000000000 2.51562500000 0.00750000000 0.69473063065 -1.74768174273
-1.00000000000 0.00000000000 2.51562500000 0.00875000000 0.69500881522 -1.74838155078
-1.00000000000 0.00000000000 2.53125000000 -0.01000000000 0.69132725904 -1.74992212444
-1.00000000000 0.00000000000 2.53125000000 -0.00875000000 0.69154028362 -1.75046134292
-1.00000000000 0.00000000000 2.53125000000 -0.00750000000 0.69175780680 -1.75101194847
-1.00000000000 0.00000000000 2.53125000000 -0.00625000000 0.69197983454 -1.75157395617
-1.00000000000 0.00000000000 2.53125000000 -0.00500000000 0.69220637288 -1.75214738135
-1.00000000000 0.00000000000 2.53125000000 -0.00375000000 0.69243742799 -1.75273223960
-1.00000000000 0.00000000000 2.53125000000 -0.00250000000 0.69267300614 -1.75332854679
-1.00000000000 0.00000000000 2.53125000000 -0.00125000000 0.69291311370 -1.75393631905
-1.00000000000 0.00000000000 2.53125000000 0.00000000000 0.69315775715 -1.75455557278
-1.00000000000 0.00000000000 2.53125000000 0.00125000000 0.69340694307 -1.75518632465
-1.00000000000 0.00000000000 2.53125000000 0.00250000000 0.69366067816 -1.75582859160
-1.00000000000 0.00000000000 2.53125000000 0.00375000000 0.69391896923 -1.75648239085
-1.00000000000 0.00000000000 2.53125000000 0.00500000000 0.69418182317 -1.75714773989
-1.00000000000 0.00000000000 2.53125000000 0.00625000000 0.69444924700 -1.75782465646
-1.00000000000 0.00000000000 2.53125000000 0.00750000000 0.69472124785 -1.75851315861
-1.00000000000 0.00000000000 2.53125000000 0.00875000000 0.69499783295 -1.75921326464
-1.00000000000 0.00000000000 2.54687500000 -0.01000000000 0.69133906806 -1.76075418898
-1.00000000000 0.00000000000 2.54687500000 -0.00875000000 0.69155064994 -1.76129306156
-1.00000000000 0.00000000000 2.54687500000 -0.00750000000 0.69176672096 -1.76184336746
-1.00000000000 0.00000000000 2.54687500000 -0.00625000000 0.69198728705 -1.76240512170
-1.00000000000 0.00000000000 2.54687500000 -0.00500000000 0.69221235419 -1.76297833957
-1.00000000000 0.00000000000 2.54687500000 -0.00375000000 0.69244192850 -1.76356303666
-1.00000000000 0.00000000000 2.54687500000 -0.00250000000 0.69267601620 -1.76415922877
-1.00000000000 0.00000000000 2.54687500000 -0.00125000000 0.69291462361 -1.76476693200
-1.00000000000 0.00000000000 2.54687500000 0.00000000000 0.69315775715 -1.76538616273
-1.00000000000 0.00000000000 2.54687500000 0.00125000000 0.69340542335 -1.76601693759
-1.00000000000 0.00000000000 2.54687500000 0.00250000000 0.69365762885 -1.76665927349
-1.00000000000 0.00000000000 2.54687500000 0.00375000000 0.69391438041 -1.76731318760
-1.00000000000 0.00000000000 2.54687500000 0.00500000000 0.69417568486 -1.76797869739
-1.00000000000 0.00000000000 2.54687500000 0.00625000000 0.69444154918 -1.76865582057
-1.00000000000 0.00000000000 2.54687500000 0.00750000000 0.69471198042 -1.76934457514
-1.00000000000 0.00000000000 2.54687500000 0.00875000000 0.69498698578 -1.77004497940
-1.00000000000 0.00000000000 2.56250000000 -0.01000000000 0.69135073350 -1.77158625458
-1.00000000000 0.00000000000 2.56250000000 -0.00875000000 0.69156089016 -1.77212478102
-1.00000000000 0.00000000000 2.56250000000 -0.00750000000 0.69177552665 -1.77267478705
-1.00000000000 0.00000000000 2.56250000000 -0.00625000000 0.69199464884 -1.77323628764
-1.00000000000 0.00000000000 2.56250000000 -0.00500000000 0.69221826266 -1.77380929807
-1.00000000000 0.00000000000 2.56250000000 -0.00375000000 0.69244637419 -1.77439383386
-1.00000000000 0.00000000000 2.56250000000 -0.00250000000 0.69267898958 -1.77498991081
-1.00000000000 0.00000000000 2.56250000000 -0.00125000000 0.69291611511 -1.77559754497
-1.00000000000 0.00000000000 2.56250000000 0.00000000000 0.69315775715 -1.77621675269
-1.00000000000 0.00000000000 2.56250000000 0.00125000000 0.69340392217 -1.77684755055
-1.00000000000 0.00000000000 2.56250000000 0.00250000000 0.69365461676 -1.77748995545
-1.00000000000 0.00000000000 2.56250000000 0.00375000000 0.69390984761 -1.77814398451
-1.00000000000 0.00000000000 2.56250000000 0.00500000000 0.69416962153 -1.77880965517
-1.00000000000 0.00000000000 2.56250000000 0.00625000000 0.69443394541 -1.77948698511
-1.00000000000 0.00000000000 2.56250000000 0.00750000000 0.69470282627 -1.78017599232
-1.00000000000 0.00000000000 2.56250000000 0.00875000000 0.69497627123 -1.78087669503
-1.00000000000 0.00000000000 2.57812500000 -0.01000000000 0.69136225794 -1.78241832125
-1.00000000000 0.00000000000 2.57812500000 -0.00875000000 0.69157100656 -1.78295650130
-1.00000000000 0.00000000000 2.57812500000 -0.00750000000 0.69178422584 -1.78350620723
-1.00000000000 0.00000000000 2.57812500000 -0.00625000000 0.69200192155 -1.78406745400
-1.00000000000 0.00000000000 2.57812500000 -0.00500000000 0.69222409962 -1.78464025684
-1.00000000000 0.00000000000 2.57812500000 -0.00375000000 0.69245076605 -1.78522463122
-1.00000000000 0.00000000000 2.57812500000 -0.00250000000 0.69268192695 -1.78582059292
-1.00000000000 0.00000000000 2.57812500000 -0.00125000000 0.69291758854 -1.78642815796
-1.00000000000 0.00000000000 2.57812500000 0.00000000000 0.69315775715 -1.78704734264
-1.00000000000 0.00000000000 2.57812500000 0.00125000000 0.69340243919 -1.78767816353
-1.00000000000 0.00000000000 2.57812500000 0.00250000000 0.69365164120 -1.78832063747
-1.00000000000 0.00000000000 2.57812500000 0.00375000000 0.69390536982 -1.78897478157
-1.00000000000 0.00000000000 2.57812500000 0.00500000000 0.69416363180 -1.78964061323
-1.00000000000 0.00000000000 2.57812500000 0.00625000000 0.69442643398 -1.79031815010
-1.00000000000 0.00000000000 2.57812500000 0.00750000000 0.69469378332 -1.79100741012
-1.00000000000 0.00000000000 2.57812500000 0.00875000000 0.69496568689 -1.79170841151
-1.00000000000 0.00000000000 2.59375000000 -0.01000000000 0.69137364393 -1.79325038894
-1.00000000000 0.00000000000 2.59375000000 -0.00875000000 0.69158100139 -1.79378822237
-1.00000000000 0.00000000000 2.59375000000 -0.00750000000 0.69179282044 -1.79433762801
-1.00000000000 0.00000000000 2.59375000000 -0.00625000000 0.69200910680 -1.79489862078
-1.00000000000 0.00000000000 2.59375000000 -0.00500000000 0.69222986636 -1.79547121587
-1.00000000000 0.00000000000 2.59375000000 -0.00375000000 0.69245510505 -1.79605542873
-1.00000000000 0.00000000000 2.59375000000 -0.00250000000 0.69268482896 -1.79665127510
-1.00000000000 0.00000000000 2.59375000000 -0.00125000000 0.69291904423 -1.79725877097
-1.00000000000 0.00000000000 2.59375000000 0.00000000000 0.69315775715 -1.79787793260
-1.00000000000 0.00000000000 2.59375000000 0.00125000000 0.69340097408 -1.79850877653
-1.00000000000 0.00000000000 2.59375000000 0.00250000000 0.69364870152 -1.79915131956
-1.00000000000 0.00000000000 2.59375000000 0.00375000000 0.69390094604 -1.79980557879
-1.00000000000 0.00000000000 2.59375000000 0.00500000000 0.69415771434 -1.80047157156
-1.00000000000 0.00000000000 2.59375000000 0.00625000000 0.69441901321 -1.80114931551
-1.00000000000 0.00000000000 2.59375000000 0.00750000000 0.69468484956 -1.80183882854
-1.00000000000 0.00000000000 2.59375000000 0.00875000000 0.69495523040 -1.80254012884
-1.00000000000 0.00000000000 2.60937500000 -0.01000000000 0.69138489395 -1.80408245765
-1.00000000000 0.00000000000 2.60937500000 -0.00875000000 0.69159087683 -1.80461994422
-1.00000000000 0.00000000000 2.60937500000 -0.00750000000 0.69180131233 -1.80516904935
-1.00000000000 0.00000000000 2.60937500000 -0.00625000000 0.69201620616 -1.80572978795
-1.00000000000 0.00000000000 2.60937500000 -0.00500000000 0.69223556413 -1.80630217515
-1.00000000000 0.00000000000 2.60937500000 -0.00375000000 0.69245939215 -1.80688622639
-1.00000000000 0.00000000000 2.60937500000 -0.00250000000 0.69268769623 -1.80748195735
-1.00000000000 0.00000000000 2.60937500000 -0.00125000000 0.69292048249 -1.80808938399
-1.00000000000 0.00000000000 2.60937500000 0.00000000000 0.69315775715 -1.80870852255
-1.00000000000 0.00000000000 2.60937500000 0.00125000000 0.69339952653 -1.80933938954
-1.00000000000 0.00000000000 2.60937500000 0.00250000000 0.69364579707 -1.80998200172
-1.00000000000 0.00000000000 2.60937500000 0.00375000000 0.69389657529 -1.81063637615
-1.00000000000 0.00000000000 2.60937500000 0.00500000000 0.69415186784 -1.81130253016
-1.00000000000 0.00000000000 2.60937500000 0.00625000000 0.69441168147 -1.81198048133
-1.00000000000 0.00000000000 2.60937500000 0.00750000000 0.69467602302 -1.81267024756
-1.00000000000 0.00000000000 2.60937500000 0.00875000000 0.69494489945 -1.81337184700
-1.00000000000 0.00000000000 2.62500000000 -0.01000000000 0.69139601042 -1.81491452735
-1.00000000000 0.00000000000 2.62500000000 -0.00875000000 0.69160063498 -1.81545166683
-1.00000000000 0.00000000000 2.62500000000 -0.00750000000 0.69180970334 -1.81600047127
-1.00000000000 0.00000000000 2.62500000000 -0.00625000000 0.69202322115 -1.81656095551
-1.00000000000 0.00000000000 2.62500000000 -0.00500000000 0.69224119417 -1.81713313469
-1.00000000000 0.00000000000 2.62500000000 -0.00375000000 0.69246362826 -1.81771702418
-1.00000000000 0.00000000000 2.62500000000 -0.00250000000 0.69269052939 -1.81831263965
-1.00000000000 0.00000000000 2.62500000000 -0.00125000000 0.69292190363 -1.81891999703
-1.00000000000 0.00000000000 2.62500000000 0.00000000000 0.69315775715 -1.81953911251
-1.00000000000 0.00000000000 2.62500000000 0.00125000000 0.69339809622 -1.82017000257
-1.00000000000 0.00000000000 2.62500000000 0.00250000000 0.69364292722 -1.82081268394
-1.00000000000 0.00000000000 2.62500000000 0.00375000000 0.69389225663 -1.82146717366
-1.00000000000 0.00000000000 2.62500000000 0.00500000000 0.69414609105 -1.82213348901
-1.00000000000 0.00000000000 2.62500000000 0.00625000000 0.69440443717 -1.82281164757
-1.00000000000 0.00000000000 2.62500000000 0.00750000000 0.69466730178 -1.82350166719
-1.00000000000 0.00000000000 2.62500000000 0.00875000000 0.69493469180 -1.82420356598
-1.00000000000 0.00000000000 2.64062500000 -0.01000000000 0.69140699570 -1.82574659803
-1.00000000000 0.00000000000 2.64062500000 -0.00875000000 0.69161027794 -1.82628339020
-1.00000000000 0.00000000000 2.64062500000 -0.00750000000 0.69181799526 -1.82683189373
-1.00000000000 0.00000000000 2.64062500000 -0.00625000000 0.69203015327 -1.82739212347
-1.00000000000 0.00000000000 2.64062500000 -0.00500000000 0.69224675767 -1.82796409448
-1.00000000000 0.00000000000 2.64062500000 -0.00375000000 0.69246781429 -1.82854782212
-1.00000000000 0.00000000000 2.64062500000 -0.00250000000 0.69269332905 -1.82914332203
-1.00000000000 0.00000000000 2.64062500000 -0.00125000000 0.69292330796 -1.82975061008
-1.00000000000 0.00000000000 2.64062500000 0.00000000000 0.69315775715 -1.83036970247
-1.00000000000 0.00000000000 2.64062500000 0.00125000000 0.69339668283 -1.83100061561
-1.00000000000 0.00000000000 2.64062500000 0.00250000000 0.69364009135 -1.83164336623
-1.00000000000 0.00000000000 2.64062500000 0.00375000000 0.69388798914 -1.83229797132
-1.00000000000 0.00000000000 2.64062500000 0.00500000000 0.69414038272 -1.83296444813
-1.00000000000 0.00000000000 2.64062500000 0.00625000000 0.69439727876 -1.83364281422
-1.00000000000 0.00000000000 2.64062500000 0.00750000000 0.69465868398 -1.83433308739
-1.00000000000 0.00000000000 2.64062500000 0.00875000000 0.69492460525 -1.83503528575
-1.00000000000 0.00000000000 2.65625000000 -0.01000000000 0.69141785211 -1.83657866967
-1.00000000000 0.00000000000 2.65625000000 -0.00875000000 0.69161980774 -1.83711511430
-1.00000000000 0.00000000000 2.65625000000 -0.00750000000 0.69182618983 -1.83766331675
-1.00000000000 0.00000000000 2.65625000000 -0.00625000000 0.69203700397 -1.83822329180
-1.00000000000 0.00000000000 2.65625000000 -0.00500000000 0.69225225582 -1.83879505451
-1.00000000000 0.00000000000 2.65625000000 -0.00375000000 0.69247195113 -1.83937862020
-1.00000000000 0.00000000000 2.65625000000 -0.00250000000 0.69269609580 -1.83997400446
-1.00000000000 0.00000000000 2.65625000000 -0.00125000000 0.69292469578 -1.84058122315
-1.00000000000 0.00000000000 2.65625000000 0.00000000000 0.69315775715 -1.84120029242
-1.00000000000 0.00000000000 2.65625000000 0.00125000000 0.69339528609 -1.84183122867
-1.00000000000 0.00000000000 2.65625000000 0.00250000000 0.69363728888 -1.84247404858
-1.00000000000 0.00000000000 2.65625000000 0.00375000000 0.69388377190 -1.84312876911
-1.00000000000 0.00000000000 2.65625000000 0.00500000000 0.69413474165 -1.84379540750
-1.00000000000 0.00000000000 2.65625000000 0.00625000000 0.69439020471 -1.84447398126
-1.00000000000 0.00000000000 2.65625000000 0.00750000000 0.69465016778 -1.84516450817
-1.00000000000 0.00000000000 2.65625000000 0.00875000000 0.69491463767 -1.84586700630
-1.00000000000 0.00000000000 2.67187500000 -0.01000000000 0.69142858190 -1.84741074226
-1.00000000000 0.00000000000 2.67187500000 -0.00875000000 0.69162922634 -1.84794683913
-1.00000000000 0.00000000000 2.67187500000 -0.00750000000 0.69183428877 -1.84849474030
-1.00000000000 0.00000000000 2.67187500000 -0.00625000000 0.69204377469 -1.84905446051
-1.00000000000 0.00000000000 2.67187500000 -0.00500000000 0.69225768974 -1.84962601478
-1.00000000000 0.00000000000 2.67187500000 -0.00375000000 0.69247603964 -1.85020941841
-1.00000000000 0.00000000000 2.67187500000 -0.00250000000 0.69269883020 -1.85080468695
-1.00000000000 0.00000000000 2.67187500000 -0.00125000000 0.69292606736 -1.85141183624
-1.00000000000 0.00000000000 2.67187500000 0.00000000000 0.69315775715 -1.85203088238
-1.00000000000 0.00000000000 2.67187500000 0.00125000000 0.69339390568 -1.85266184174
-1.00000000000 0.00000000000 2.67187500000 0.00250000000 0.69363451920 -1.85330473099
-1.00000000000 0.00000000000 2.67187500000 0.00375000000 0.69387960404 -1.85395956705
-1.00000000000 0.00000000000 2.67187500000 0.00500000000 0.69412916664 -1.85462636712
-1.00000000000 0.00000000000 2.67187500000 0.00625000000 0.69438321354 -1.85530514869
-1.00000000000 0.00000000000 2.67187500000 0.00750000000 0.69464175140 -1.85599592951
-1.00000000000 0.00000000000 2.67187500000 0.00875000000 0.69490478695 -1.85669872763
-1.00000000000 0.00000000000 2.68750000000 -0.01000000000 0.69143918726 -1.85824281577
-1.00000000000 0.00000000000 2.68750000000 -0.00875000000 0.69163853569 -1.85877856468
-1.00000000000 0.00000000000 2.68750000000 -0.00750000000 0.69184229372 -1.85932616437
-1.00000000000 0.00000000000 2.68750000000 -0.00625000000 0.69205046682 -1.85988562958
-1.00000000000 0.00000000000 2.68750000000 -0.00500000000 0.69226306057 -1.86045697529
-1.00000000000 0.00000000000 2.68750000000 -0.00375000000 0.69248008065 -1.86104021675
-1.00000000000 0.00000000000 2.68750000000 -0.00250000000 0.69270153284 -1.86163536950
-1.00000000000 0.00000000000 2.68750000000 -0.00125000000 0.69292742301 -1.86224244934
-1.00000000000 0.00000000000 2.68750000000 0.00000000000 0.69315775715 -1.86286147233
-1.00000000000 0.00000000000 2.68750000000 0.00125000000 0.69339254133 -1.86349245483
-1.00000000000 0.00000000000 2.68750000000 0.00250000000 0.69363178175 -1.86413541346
-1.00000000000 0.00000000000 2.68750000000 0.00375000000 0.69387548470 -1.86479036512
-1.00000000000 0.00000000000 2.68750000000 0.00500000000 0.69412365655 -1.86545732698
-1.00000000000 0.00000000000 2.68750000000 0.00625000000 0.69437630381 -1.86613631650
-1.00000000000 0.00000000000 2.68750000000 0.00750000000 0.69463343308 -1.86682735141
-1.00000000000 0.00000000000 2.68750000000 0.00875000000 0.69489505106 -1.86753044971
-1.00000000000 0.00000000000 2.70312500000 -0.01000000000 0.69144967036 -1.86907489020
-1.00000000000 0.00000000000 2.70312500000 -0.00875000000 0.69164773768 -1.86961029092
-1.00000000000 0.00000000000 2.70312500000 -0.00750000000 0.69185020632 -1.87015758897
-1.00000000000 0.00000000000 2.70312500000 -0.00625000000 0.69205708172 -1.87071679902
-1.00000000000 0.00000000000 2.70312500000 -0.00500000000 0.69226836940 -1.87128793603
-1.00000000000 0.00000000000 2.70312500000 -0.00375000000 0.69248407500 -1.87187101523
-1.00000000000 0.00000000000 2.70312500000 -0.00250000000 0.69270420425 -1.87246605211
-1.00000000000 0.00000000000 2.70312500000 -0.00125000000 0.69292876299 -1.87307306245
-1.00000000000 0.00000000000 2.70312500000 0.00000000000 0.69315775715 -1.87369206229
-1.00000000000 0.00000000000 2.70312500000 0.00125000000 0.69339119276 -1.87432306794
-1.00000000000 0.00000000000 2.70312500000 0.00250000000 0.69362907597 -1.87496609599
-1.00000000000 0.00000000000 2.70312500000 0.00375000000 0.69387141302 -1.87562116333
-1.00000000000 0.00000000000 2.70312500000 0.00500000000 0.69411821025 -1.87628828709
-1.00000000000 0.00000000000 2.70312500000 0.00625000000 0.69436947411 -1.87696748469
-1.00000000000 0.00000000000 2.70312500000 0.00750000000 0.69462521113 -1.87765877385
-1.00000000000 0.00000000000 2.70312500000 0.00875000000 0.69488542799 -1.87836217254
-1.00000000000 0.00000000000 2.71875000000 -0.01000000000 0.69146003330 -1.87990696552
-1.00000000000 0.00000000000 2.71875000000 -0.00875000000 0.69165683415 -1.88044201786
-1.00000000000 0.00000000000 2.71875000000 -0.00750000000 0.69185802816 -1.88098901407
-1.00000000000 0.00000000000 2.71875000000 -0.00625000000 0.69206362071 -1.88154796881
-1.00000000000 0.00000000000 2.71875000000 -0.00500000000 0.69227361729 -1.88211889700
-1.00000000000 0.00000000000 2.71875000000 -0.00375000000 0.69248802348 -1.88270181383
-1.00000000000 0.00000000000 2.71875000000 -0.00250000000 0.69270684498 -1.88329673478
-1.00000000000 0.00000000000 2.71875000000 -0.00125000000 0.69293008757 -1.88390367558
-1.00000000000 0.00000000000 2.71875000000 0.00000000000 0.69315775715 -1.88452265224
-1.00000000000 0.00000000000 2.71875000000 0.00125000000 0.69338985970 -1.88515368106
-1.00000000000 0.00000000000 2.71875000000 0.00250000000 0.69362640132 -1.88579677858
-1.00000000000 0.00000000000 2.71875000000 0.00375000000 0.69386738820 -1.88645196167
-1.00000000000 0.00000000000 2.71875000000 0.00500000000 0.69411282664 -1.88711924742
-1.00000000000 0.00000000000 2.71875000000 0.00625000000 0.69436272303 -1.88779865325
-1.00000000000 0.00000000000 2.71875000000 0.00750000000 0.69461708389 -1.88849019682
-1.00000000000 0.00000000000 2.71875000000 0.00875000000 0.69487591581 -1.88919389610
-1.00000000000 0.00000000000 2.73437500000 -0.01000000000 0.69147027812 -1.89073904173
-1.00000000000 0.00000000000 2.73437500000 -0.00875000000 0.69166582691 -1.89127374547
-1.00000000000 0.00000000000 2.73437500000 -0.00750000000 0.69186576079 -1.89182043967
-1.00000000000 0.00000000000 2.73437500000 -0.00625000000 0.69207008510 -1.89237913894
-1.00000000000 0.00000000000 2.73437500000 -0.00500000000 0.69227880528 -1.89294985819
-1.00000000000 0.00000000000 2.73437500000 -0.00375000000 0.69249192688 -1.89353261256
-1.00000000000 0.00000000000 2.73437500000 -0.00250000000 0.69270945555 -1.89412741751
-1.00000000000 0.00000000000 2.73437500000 -0.00125000000 0.69293139702 -1.89473428872
-1.00000000000 0.00000000000 2.73437500000 0.00000000000 0.69315775715 -1.89535324220
-1.00000000000 0.00000000000 2.73437500000 0.00125000000 0.69338854187 -1.89598429419
-1.00000000000 0.00000000000 2.73437500000 0.00250000000 0.69362375725 -1.89662746123
-1.00000000000 0.00000000000 2.73437500000 0.00375000000 0.69386340942 -1.89728276014
-1.00000000000 0.00000000000 2.73437500000 0.00500000000 0.69410750464 -1.89795020799
-1.00000000000 0.00000000000 2.73437500000 0.00625000000 0.69435604925 -1.89862982217
-1.00000000000 0.00000000000 2.73437500000 0.00750000000 0.69460904972 -1.89932162033
-1.00000000000 0.00000000000 2.73437500000 0.00875000000 0.69486651260 -1.90002562038
-1.00000000000 0.00000000000 2.75000000000 -0.01000000000 0.69148040684 -1.90157111880
-1.00000000000 0.00000000000 2.75000000000 -0.00875000000 0.69167471773 -1.90210547375
-1.00000000000 0.00000000000 2.75000000000 -0.00750000000 0.69187340573 -1.90265186576
-1.00000000000 0.00000000000 2.75000000000 -0.00625000000 0.69207647615 -1.90321030942
-1.00000000000 0.00000000000 2.75000000000 -0.00500000000 0.69228393440 -1.90378081960
-1.00000000000 0.00000000000 2.75000000000 -0.00375000000 0.69249578597 -1.90436341142
-1.00000000000 0.00000000000 2.75000000000 -0.00250000000 0.69271203647 -1.90495810029
-1.00000000000 0.00000000000 2.75000000000 -0.00125000000 0.69293269159 -1.90556490188
-1.00000000000 0.00000000000 2.75000000000 0.00000000000 0.69315775715 -1.90618383215
-1.00000000000 0.00000000000 2.75000000000 0.00125000000 0.69338723903 -1.90681490734
-1.00000000000 0.00000000000 2.75000000000 0.00250000000 0.69362114325 -1.90745814393
-1.00000000000 0.00000000000 2.75000000000 0.00375000000 0.69385947590 -1.90811355873
-1.00000000000 0.00000000000 2.75000000000 0.00500000000 0.69410224320 -1.90878116879
-1.00000000000 0.00000000000 2.75000000000 0.00625000000 0.69434945144 -1.90946099145
-1.00000000000 0.00000000000 2.75000000000 0.00750000000 0.69460110703 -1.91015304434
-1.00000000000 0.00000000000 2.75000000000 0.00875000000 0.69485721650 -1.91085734537
-1.00000000000 0.00000000000 2.76562500000 -0.01000000000 0.69149042141 -1.91240319672
-1.00000000000 0.00000000000 2.76562500000 -0.00875000000 0.69168350831 -1.91293720268
-1.00000000000 0.00000000000 2.76562500000 -0.00750000000 0.69188096446 -1.91348329234
-1.00000000000 0.00000000000 2.76562500000 -0.00625000000 0.69208279512 -1.91404148024
-1.00000000000 0.00000000000 2.76562500000 -0.00500000000 0.69228900564 -1.91461178123
-1.00000000000 0.00000000000 2.76562500000 -0.00375000000 0.69249960150 -1.91519421040
-1.00000000000 0.00000000000 2.76562500000 -0.00250000000 0.69271458825 -1.91578878312
-1.00000000000 0.00000000000 2.76562500000 -0.00125000000 0.69293397154 -1.91639551505
-1.00000000000 0.00000000000 2.76562500000 0.00000000000 0.69315775715 -1.91701442211
-1.00000000000 0.00000000000 2.76562500000 0.00125000000 0.69338595091 -1.91764552050
-1.00000000000 0.00000000000 2.76562500000 0.00250000000 0.69361855880 -1.91828882669
-1.00000000000 0.00000000000 2.76562500000 0.00375000000 0.69385558688 -1.91894435745
-1.00000000000 0.00000000000 2.76562500000 0.00500000000 0.69409704129 -1.91961212981
-1.00000000000 0.00000000000 2.76562500000 0.00625000000 0.69434292830 -1.92029216109
-1.00000000000 0.00000000000 2.76562500000 0.00750000000 0.69459325428 -1.92098446887
-1.00000000000 0.00000000000 2.76562500000 0.00875000000 0.69484802569 -1.92168907105
-1.00000000000 0.00000000000 2.78125000000 -0.01000000000 0.69150032377 -1.92323527548
-1.00000000000 0.00000000000 2.78125000000 -0.00875000000 0.69169220036 -1.92376893226
-1.00000000000 0.00000000000 2.78125000000 -0.00750000000 0.69188843843 -1.92431471938
-1.00000000000 0.00000000000 2.78125000000 -0.00625000000 0.69208904320 -1.92487265139
-1.00000000000 0.00000000000 2.78125000000 -0.00500000000 0.69229401998 -1.92544274307
-1.00000000000 0.00000000000 2.78125000000 -0.00375000000 0.69250337420 -1.92602500950
-1.00000000000 0.00000000000 2.78125000000 -0.00250000000 0.69271711137 -1.92661946601
-1.00000000000 0.00000000000 2.78125000000 -0.00125000000 0.69293523712 -1.92722612823
-1.00000000000 0.00000000000 2.78125000000 0.00000000000 0.69315775715 -1.92784501206
-1.00000000000 0.00000000000 2.78125000000 0.00125000000 0.69338467728 -1.92847613367
-1.00000000000 0.00000000000 2.78125000000 0.00250000000 0.69361600342 -1.92911950951
-1.00000000000 0.00000000000 2.78125000000 0.00375000000 0.69385174159 -1.92977515630
-1.00000000000 0.00000000000 2.78125000000 0.00500000000 0.69409189791 -1.93044309105
-1.00000000000 0.00000000000 2.78125000000 0.00625000000 0.69433647858 -1.93112333106
-1.00000000000 0.00000000000 2.78125000000 0.00750000000 0.69458548994 -1.93181589390
-1.00000000000 0.00000000000 2.78125000000 0.00875000000 0.69483893839 -1.93252079741
-1.00000000000 0.00000000000 2.79687500000 -0.01000000000 0.69151011577 -1.93406735506
-1.00000000000 0.00000000000 2.79687500000 -0.00875000000 0.69170079552 -1.93460066246
-1.00000000000 0.00000000000 2.79687500000 -0.00750000000 0.69189582906 -1.93514614690
-1.00000000000 0.00000000000 2.79687500000 -0.00625000000 0.69209522158 -1.93570382286
-1.00000000000 0.00000000000 2.79687500000 -0.00500000000 0.69229897837 -1.93627370512
-1.00000000000 0.00000000000 2.79687500000 -0.00375000000 0.69250710479 -1.93685580871
-1.00000000000 0.00000000000 2.79687500000 -0.00250000000 0.69271960633 -1.93745014895
-1.00000000000 0.00000000000 2.79687500000 -0.00125000000 0.69293648856 -1.93805674143
-1.00000000000 0.00000000000 2.79687500000 0.00000000000 0.69315775715 -1.93867560202
-1.00000000000 0.00000000000 2.79687500000 0.00125000000 0.69338341787 -1.93930674686
-1.00000000000 0.00000000000 2.79687500000 0.00250000000 0.69361347660 -1.93995019237
-1.00000000000 0.00000000000 2.79687500000 0.00375000000 0.69384793931 -1.94060595526
-1.00000000000 0.00000000000 2.79687500000 0.00500000000 0.69408681207 -1.94127405251
-1.00000000000 0.00000000000 2.79687500000 0.00625000000 0.69433010105 -1.94195450138
-1.00000000000 0.00000000000 2.79687500000 0.00750000000 0.69457781253 -1.94264731942
-1.00000000000 0.00000000000 2.79687500000 0.00875000000 0.69482995287 -1.94335252444
-1.00000000000 0.00000000000 2.81250000000 -0.01000000000 0.69151979927 -1.94489943545
-1.00000000000 0.00000000000 2.81250000000 -0.00875000000 0.69170929539 -1.94543239329
-1.00000000000 0.00000000000 2.81250000000 -0.00750000000 0.69190313773 -1.94597757488
-1.00000000000 0.00000000000 2.81250000000 -0.00625000000 0.69210133143 -1.94653499466
-1.00000000000 0.00000000000 2.81250000000 -0.00500000000 0.69230388173 -1.94710466738
-1.00000000000 0.00000000000 2.81250000000 -0.00375000000 0.69251079397 -1.94768660804
-1.00000000000 0.00000000000 2.81250000000 -0.00250000000 0.69272207358 -1.94828083194
-1.00000000000 0.00000000000 2.81250000000 -0.00125000000 0.69293772609 -1.94888735464
-1.00000000000 0.00000000000 2.81250000000 0.00000000000 0.69315775715 -1.94950619197
-1.00000000000 0.00000000000 2.81250000000 0.00125000000 0.69338217247 -1.95013736006
-1.00000000000 0.00000000000 2.81250000000 0.00250000000 0.69361097788 -1.95078087529
-1.00000000000 0.00000000000 2.81250000000 0.00375000000 0.69384417932 -1.95143675435
-1.00000000000 0.00000000000 2.81250000000 0.00500000000 0.69408178282 -1.95210501418
-1.00000000000 0.00000000000 2.81250000000 0.00625000000 0.69432379450 -1.95278567203
-1.00000000000 0.00000000000 2.81250000000 0.00750000000 0.69457022059 -1.95347874542
-1.00000000000 0.00000000000 2.81250000000 0.00875000000 0.69482106743 -1.95418425214
-1.00000000000 0.00000000000 2.82812500000 -0.01000000000 0.69152937605 -1.95573151663
-1.00000000000 0.00000000000 2.82812500000 -0.00875000000 0.69171770156 -1.95626412474
-1.00000000000 0.00000000000 2.82812500000 -0.00750000000 0.69191036581 -1.95680900330
-1.00000000000 0.00000000000 2.82812500000 -0.00625000000 0.69210737388 -1.95736616677
-1.00000000000 0.00000000000 2.82812500000 -0.00500000000 0.69230873099 -1.95793562984
-1.00000000000 0.00000000000 2.82812500000 -0.00375000000 0.69251444243 -1.95851740749
-1.00000000000 0.00000000000 2.82812500000 -0.00250000000 0.69272451359 -1.95911151499
-1.00000000000 0.00000000000 2.82812500000 -0.00125000000 0.69293894996 -1.95971796786
-1.00000000000 0.00000000000 2.82812500000 0.00000000000 0.69315775715 -1.96033678193
-1.00000000000 0.00000000000 2.82812500000 0.00125000000 0.69338094083 -1.96096797327
-1.00000000000 0.00000000000 2.82812500000 0.00250000000 0.69360850679 -1.96161155827
-1.00000000000 0.00000000000 2.82812500000 0.00375000000 0.69384046092 -1.96226755355
-1.00000000000 0.00000000000 2.82812500000 0.00500000000 0.69407680922 -1.96293597606
-1.00000000000 0.00000000000 2.82812500000 0.00625000000 0.69431755775 -1.96361684301
-1.00000000000 0.00000000000 2.82812500000 0.00750000000 0.69456271271 -1.96431017189
-1.00000000000 0.00000000000 2.82812500000 0.00875000000 0.69481228039 -1.96501598048
-1.00000000000 0.00000000000 2.84375000000 -0.01000000000 0.69153884786 -1.96656359860
-1.00000000000 0.00000000000 2.84375000000 -0.00875000000 0.69172601557 -1.96709585678
-1.00000000000 0.00000000000 2.84375000000 -0.00750000000 0.69191751461 -1.96764043217
-1.00000000000 0.00000000000 2.84375000000 -0.00625000000 0.69211335004 -1.96819733919
-1.00000000000 0.00000000000 2.84375000000 -0.00500000000 0.69231352703 -1.96876659249
-1.00000000000 0.00000000000 2.84375000000 -0.00375000000 0.69251805083 -1.96934820705
-1.00000000000 0.00000000000 2.84375000000 -0.00250000000 0.69272692680 -1.96994219808
-1.00000000000 0.00000000000 2.84375000000 -0.00125000000 0.69294016039 -1.97054858110
-1.00000000000 0.00000000000 2.84375000000 0.00000000000 0.69315775715 -1.97116737189
-1.00000000000 0.00000000000 2.84375000000 0.00125000000 0.69337972273 -1.97179858650
-1.00000000000 0.00000000000 2.84375000000 0.00250000000 0.69360606287 -1.97244224129
-1.00000000000 0.00000000000 2.84375000000 0.00375000000 0.69383678343 -1.97309835287
-1.00000000000 0.00000000000 2.84375000000 0.00500000000 0.69407189034 -1.97376693815
-1.00000000000 0.00000000000 2.84375000000 0.00625000000 0.69431138965 -1.97444801431
-1.00000000000 0.00000000000 2.84375000000 0.00750000000 0.69455528750 -1.97514159883
-1.00000000000 0.00000000000 2.84375000000 0.00875000000 0.69480359014 -1.97584770946
-1.00000000000 0.00000000000 2.85937500000 -0.01000000000 0.69154821643 -1.97739568134
-1.00000000000 0.00000000000 2.85937500000 -0.00875000000 0.69173423892 -1.97792758942
-1.00000000000 0.00000000000 2.85937500000 -0.00750000000 0.69192458544 -1.97847186148
-1.00000000000 0.00000000000 2.85937500000 -0.00625000000 0.69211926100 -1.97902851191
-1.00000000000 0.00000000000 2.85937500000 -0.00500000000 0.69231827072 -1.97959755535
-1.00000000000 0.00000000000 2.85937500000 -0.00375000000 0.69252161984 -1.98017900672
-1.00000000000 0.00000000000 2.85937500000 -0.00250000000 0.69272931365 -1.98077288123
-1.00000000000 0.00000000000 2.85937500000 -0.00125000000 0.69294135759 -1.98137919435
-1.00000000000 0.00000000000 2.85937500000 0.00000000000 0.69315775715 -1.98199796184
-1.00000000000 0.00000000000 2.85937500000 0.00125000000 0.69337851794 -1.98262919974
-1.00000000000 0.00000000000 2.85937500000 0.00250000000 0.69360364568 -1.98327292436
-1.00000000000 0.00000000000 2.85937500000 0.00375000000 0.69383314616 -1.98392915230
-1.00000000000 0.00000000000 2.85937500000 0.00500000000 0.69406702529 -1.98459790044
-1.00000000000 0.00000000000 2.85937500000 0.00625000000 0.69430528907 -1.98527918593
-1.00000000000 0.00000000000 2.85937500000 0.00750000000 0.69454794360 -1.98597302623
-1.00000000000 0.00000000000 2.85937500000 0.00875000000 0.69479499508 -1.98667943907
-1.00000000000 0.00000000000 2.87500000000 -0.01000000000 0.69155748342 -1.98822776484
-1.00000000000 0.00000000000 2.87500000000 -0.00875000000 0.69174237309 -1.98875932264
-1.00000000000 0.00000000000 2.87500000000 -0.00750000000 0.69193157955 -1.98930329122
-1.00000000000 0.00000000000 2.87500000000 -0.00625000000 0.69212510780 -1.98985968493
-1.00000000000 0.00000000000 2.87500000000 -0.00500000000 0.69232296292 -1.99042851839
-1.00000000000 0.00000000000 2.87500000000 -0.00375000000 0.69252515009 -1.99100980650
-1.00000000000 0.00000000000 2.87500000000 -0.00250000000 0.69273167458 -1.99160356442
-1.00000000000 0.00000000000 2.87500000000 -0.00125000000 0.69294254178 -1.99220980761
-1.00000000000 0.00000000000 2.87500000000 0.00000000000 0.69315775715 -1.99282855180
-1.00000000000 0.00000000000 2.87500000000 0.00125000000 0.69337732626 -1.99345981299
-1.00000000000 0.00000000000 2.87500000000 0.00250000000 0.69360125478 -1.99410360748
-1.00000000000 0.00000000000 2.87500000000 0.00375000000 0.69382954847 -1.99475995184
-1.00000000000 0.00000000000 2.87500000000 0.00500000000 0.69406221319 -1.99542886293
-1.00000000000 0.00000000000 2.87500000000 0.00625000000 0.69429925491 -1.99611035787
-1.00000000000 0.00000000000 2.87500000000 0.00750000000 0.69454067968 -1.99680445409
-1.00000000000 0.00000000000 2.87500000000 0.00875000000 0.69478649367 -1.99751116930
-1.00000000000 0.00000000000 2.89062500000 -0.01000000000 0.69156665049 -1.99905984908
-1.00000000000 0.00000000000 2.89062500000 -0.00875000000 0.69175041952 -1.99959105643
-1.00000000000 0.00000000000 2.89062500000 -0.00750000000 0.69193849821 -2.00013472138
-1.00000000000 0.00000000000 2.89062500000 -0.00625000000 0.69213089150 -2.00069085825
-1.00000000000 0.00000000000 2.89062500000 -0.00500000000 0.69232760445 -2.00125948163
-1.00000000000 0.00000000000 2.89062500000 -0.00375000000 0.69252864221 -2.00184060638
-1.00000000000 0.00000000000 2.89062500000 -0.00250000000 0.69273401000 -2.00243424766
-1.00000000000 0.00000000000 2.89062500000 -0.00125000000 0.69294371317 -2.00304042088
-1.00000000000 0.00000000000 2.89062500000 0.00000000000 0.69315775715 -2.00365914175
-1.00000000000 0.00000000000 2.89062500000 0.00125000000 0.69337614746 -2.00429042626
-1.00000000000 0.00000000000 2.89062500000 0.00250000000 0.69359888974 -2.00493429065
-1.00000000000 0.00000000000 2.89062500000 0.00375000000 0.69382598971 -2.00559075150
-1.00000000000 0.00000000000 2.89062500000 0.00500000000 0.69405745318 -2.00625982561
-1.00000000000 0.00000000000 2.89062500000 0.00625000000 0.69429328609 -2.00694153011
-1.00000000000 0.00000000000 2.89062500000 0.00750000000 0.69453349445 -2.00763588239
-1.00000000000 0.00000000000 2.89062500000 0.00875000000 0.69477808437 -2.00834290013
-1.00000000000 0.00000000000 2.90625000000 -0.01000000000 0.69157571924 -2.00989193405
-1.00000000000 0.00000000000 2.90625000000 -0.00875000000 0.69175837962 -2.01042279078
-1.00000000000 0.00000000000 2.90625000000 -0.00750000000 0.69194534261 -2.01096615196
-1.00000000000 0.00000000000 2.90625000000 -0.00625000000 0.69213661311 -2.01152203186
-1.00000000000 0.00000000000 2.90625000000 -0.00500000000 0.69233219615 -2.01209044505
-1.00000000000 0.00000000000 2.90625000000 -0.00375000000 0.69253209682 -2.01267140637
-1.00000000000 0.00000000000 2.90625000000 -0.00250000000 0.69273632033 -2.01326493094
-1.00000000000 0.00000000000 2.90625000000 -0.00125000000 0.69294487197 -2.01387103416
-1.00000000000 0.00000000000 2.90625000000 0.00000000000 0.69315775715 -2.01448973171
-1.00000000000 0.00000000000 2.90625000000 0.00125000000 0.69337498134 -2.01512103953
-1.00000000000 0.00000000000 2.90625000000 0.00250000000 0.69359655015 -2.01576497387
-1.00000000000 0.00000000000 2.90625000000 0.00375000000 0.69382246925 -2.01642155126
-1.00000000000 0.00000000000 2.90625000000 0.00500000000 0.69405274443 -2.01709078849
-1.00000000000 0.00000000000 2.90625000000 0.00625000000 0.69428738156 -2.01777270265
-1.00000000000 0.00000000000 2.90625000000 0.00750000000 0.69452638662 -2.01846731112
-1.00000000000 0.00000000000 2.90625000000 0.00875000000 0.69476976570 -2.01917463157
-1.00000000000 0.00000000000 2.92187500000 -0.01000000000 0.69158469125 -2.02072401975
-1.00000000000 0.00000000000 2.92187500000 -0.00875000000 0.69176625478 -2.02125452569
-1.00000000000 0.00000000000 2.92187500000 -0.00750000000 0.69195211395 -2.02179758294
-1.00000000000 0.00000000000 2.92187500000 -0.00625000000 0.69214227363 -2.02235320575
-1.00000000000 0.00000000000 2.92187500000 -0.00500000000 0.69233673879 -2.02292140865
-1.00000000000 0.00000000000 2.92187500000 -0.00375000000 0.69253551451 -2.02350220647
-1.00000000000 0.00000000000 2.92187500000 -0.00250000000 0.69273860596 -2.02409561428
-1.00000000000 0.00000000000 2.92187500000 -0.00125000000 0.69294601838 -2.02470164746
-1.00000000000 0.00000000000 2.92187500000 0.00000000000 0.69315775715 -2.02532032166
-1.00000000000 0.00000000000 2.92187500000 0.00125000000 0.69337382770 -2.02595165282
-1.00000000000 0.00000000000 2.92187500000 0.00250000000 0.69359423560 -2.02659565714
-1.00000000000 0.00000000000 2.92187500000 0.00375000000 0.69381898648 -2.02725235112
-1.00000000000 0.00000000000 2.92187500000 0.00500000000 0.69404808609 -2.02792175155
-1.00000000000 0.00000000000 2.92187500000 0.00625000000 0.69428154027 -2.02860387549
-1.00000000000 0.00000000000 2.92187500000 0.00750000000 0.69451935496 -2.02929874029
-1.00000000000 0.00000000000 2.92187500000 0.00875000000 0.69476153620 -2.03000636359
-1.00000000000 0.00000000000 2.93750000000 -0.01000000000 0.69159356805 -2.03155610616
-1.00000000000 0.00000000000 2.93750000000 -0.00875000000 0.69177404635 -2.03208626115
-1.00000000000 0.00000000000 2.93750000000 -0.00750000000 0.69195881339 -2.03262901433
-1.00000000000 0.00000000000 2.93750000000 -0.00625000000 0.69214787402 -2.03318437992
-1.00000000000 0.00000000000 2.93750000000 -0.00500000000 0.69234123317 -2.03375237244
-1.00000000000 0.00000000000 2.93750000000 -0.00375000000 0.69253889588 -2.03433300666
-1.00000000000 0.00000000000 2.93750000000 -0.00250000000 0.69274086729 -2.03492629766
-1.00000000000 0.00000000000 2.93750000000 -0.00125000000 0.69294715260 -2.03553226077
-1.00000000000 0.00000000000 2.93750000000 0.00000000000 0.69315775715 -2.03615091162
-1.00000000000 0.00000000000 2.93750000000 0.00125000000 0.69337268634 -2.03678226612
-1.00000000000 0.00000000000 2.93750000000 0.00250000000 0.69359194569 -2.03742634045
-1.00000000000 0.00000000000 2.93750000000 0.00375000000 0.69381554080 -2.03808315109
-1.00000000000 0.00000000000 2.93750000000 0.00500000000 0.69404347738 -2.03875271480
-1.00000000000 0.00000000000 2.93750000000 0.00625000000 0.69427576123 -2.03943504862
-1.00000000000 0.00000000000 2.93750000000 0.00750000000 0.69451239826 -2.04013016988
-1.00000000000 0.00000000000 2.93750000000 0.00875000000 0.69475339445 -2.04083809619
-1.00000000000 0.00000000000 2.95312500000 -0.01000000000 0.69160235116 -2.04238819326
-1.00000000000 0.00000000000 2.95312500000 -0.00875000000 0.69178175565 -2.04291799714
-1.00000000000 0.00000000000 2.95312500000 -0.00750000000 0.69196544207 -2.04346044611
-1.00000000000 0.00000000000 2.95312500000 -0.00625000000 0.69215341524 -2.04401555437
-1.00000000000 0.00000000000 2.95312500000 -0.00500000000 0.69234568005 -2.04458333640
-1.00000000000 0.00000000000 2.95312500000 -0.00375000000 0.69254224151 -2.04516380696
-1.00000000000 0.00000000000 2.95312500000 -0.00250000000 0.69274310470 -2.04575698108
-1.00000000000 0.00000000000 2.95312500000 -0.00125000000 0.69294827482 -2.04636287409
-1.00000000000 0.00000000000 2.95312500000 0.00000000000 0.69315775715 -2.04698150157
-1.00000000000 0.00000000000 2.95312500000 0.00125000000 0.69337155705 -2.04761287943
-1.00000000000 0.00000000000 2.95312500000 0.00250000000 0.69358968002 -2.04825702381
-1.00000000000 0.00000000000 2.95312500000 0.00375000000 0.69381213161 -2.04891395117
-1.00000000000 0.00000000000 2.95312500000 0.00500000000 0.69403891750 -2.04958367824
-1.00000000000 0.00000000000 2.95312500000 0.00625000000 0.69427004344 -2.05026622204
-1.00000000000 0.00000000000 2.95312500000 0.00750000000 0.69450551530 -2.05096159988
-1.00000000000 0.00000000000 2.95312500000 0.00875000000 0.69474533904 -2.05166982936
-1.00000000000 0.00000000000 2.96875000000 -0.01000000000 0.69161104204 -2.05322028105
-1.00000000000 0.00000000000 2.96875000000 -0.00875000000 0.69178938397 -2.05374973367
-1.00000000000 0.00000000000 2.96875000000 -0.00750000000 0.69197200111 -2.05429187829
-1.00000000000 0.00000000000 2.96875000000 -0.00625000000 0.69215889822 -2.05484672909
-1.00000000000 0.00000000000 2.96875000000 -0.00500000000 0.69235008018 -2.05541430054
-1.00000000000 0.00000000000 2.96875000000 -0.00375000000 0.69254555195 -2.05599460735
-1.00000000000 0.00000000000 2.96875000000 -0.00250000000 0.69274531858 -2.05658766455
-1.00000000000 0.00000000000 2.96875000000 -0.00125000000 0.69294938523 -2.05719348741
-1.00000000000 0.00000000000 2.96875000000 0.00000000000 0.69315775715 -2.05781209153
-1.00000000000 0.00000000000 2.96875000000 0.00125000000 0.69337043966 -2.05844349275
-1.00000000000 0.00000000000 2.96875000000 0.00250000000 0.69358743822 -2.05908770721
-1.00000000000 0.00000000000 2.96875000000 0.00375000000 0.69380875835 -2.05974475134
-1.00000000000 0.00000000000 2.96875000000 0.00500000000 0.69403440568 -2.06041464186
-1.00000000000 0.00000000000 2.96875000000 0.00625000000 0.69426438594 -2.06109739575
-1.00000000000 0.00000000000 2.96875000000 0.00750000000 0.69449870494 -2.06179303030
-1.00000000000 0.00000000000 2.96875000000 0.00875000000 0.69473736862 -2.06250156309
-1.00000000000 0.00000000000 2.98437500000 -0.01000000000 0.69161964214 -2.06405236952
-1.00000000000 0.00000000000 2.98437500000 -0.00875000000 0.69179693259 -2.06458147071
-1.00000000000 0.00000000000 2.98437500000 -0.00750000000 0.69197849159 -2.06512331085
-1.00000000000 0.00000000000 2.98437500000 -0.00625000000 0.69216432388 -2.06567790408
-1.00000000000 0.00000000000 2.98437500000 -0.00500000000 0.69235443430 -2.06624526485
-1.00000000000 0.00000000000 2.98437500000 -0.00375000000 0.69254882776 -2.06682540785
-1.00000000000 0.00000000000 2.98437500000 -0.00250000000 0.69274750930 -2.06741834806
-1.00000000000 0.00000000000 2.98437500000 -0.00125000000 0.69295048402 -2.06802410075
-1.00000000000 0.00000000000 2.98437500000 0.00000000000 0.69315775715 -2.06864268148
-1.00000000000 0.00000000000 2.98437500000 0.00125000000 0.69336933397 -2.06927410608
-1.00000000000 0.00000000000 2.98437500000 0.00250000000 0.69358521991 -2.06991839066
-1.00000000000 0.00000000000 2.98437500000 0.00375000000 0.69380542044 -2.07057555162
-1.00000000000 0.00000000000 2.98437500000 0.00500000000 0.69402994116 -2.07124560565
-1.00000000000 0.00000000000 2.98437500000 0.00625000000 0.69425878776 -2.07192856973
-1.00000000000 0.00000000000 2.98437500000 0.00750000000 0.69449196603 -2.07262446112
-1.00000000000 0.00000000000 2.98437500000 0.00875000000 0.69472948184 -2.07333329737
