-1.00000000000 0.00000000000 2.00000000000 -0.01000000000 0.69148269797 -1.38296539595
-1.00000000000 0.00000000000 2.00000000000 -0.00875000000 0.69175809319 -1.38351618638
-1.00000000000 0.00000000000 2.00000000000 -0.00750000000 0.69203840796 -1.38407681593
-1.00000000000 0.00000000000 2.00000000000 -0.00625000000 0.69232365061 -1.38464730122
-1.00000000000 0.00000000000 2.00000000000 -0.00500000000 0.69261382958 -1.38522765917
-1.00000000000 0.00000000000 2.00000000000 -0.00375000000 0.69290895345 -1.38581790691
-1.00000000000 0.00000000000 2.00000000000 -0.00250000000 0.69320903092 -1.38641806184
-1.00000000000 0.00000000000 2.00000000000 -0.00125000000 0.69351407082 -1.38702814163
-1.00000000000 0.00000000000 2.00000000000 0.00000000000 0.69382408210 -1.38764816421
-1.00000000000 0.00000000000 2.00000000000 0.00125000000 0.69413907387 -1.38827814774
-1.00000000000 0.00000000000 2.00000000000 0.00250000000 0.69445905534 -1.38891811067
-1.00000000000 0.00000000000 2.00000000000 0.00375000000 0.69478403585 -1.38956807171
-1.00000000000 0.00000000000 2.00000000000 0.00500000000 0.69511402491 -1.39022804981
-1.00000000000 0.00000000000 2.00000000000 0.00625000000 0.69544903211 -1.39089806423
-1.00000000000 0.00000000000 2.00000000000 0.00750000000 0.69578906722 -1.39157813444
-1.00000000000 0.00000000000 2.00000000000 0.00875000000 0.69613414011 -1.39226828022
-1.00000000000 0.00000000000 2.01562500000 -0.01000000000 0.69150155374 -1.39380781925
-1.00000000000 0.00000000000 2.01562500000 -0.00875000000 0.69177464852 -1.39435827593
-1.00000000000 0.00000000000 2.01562500000 -0.00750000000 0.69205264690 -1.39491861641
-1.00000000000 0.00000000000 2.01562500000 -0.00625000000 0.69233555709 -1.39548885727
-1.00000000000 0.00000000000 2.01562500000 -0.00500000000 0.69262338746 -1.39606901535
-1.00000000000 0.00000000000 2.01562500000 -0.00375000000 0.69291614647 -1.39665910773
-1.00000000000 0.00000000000 2.01562500000 -0.00250000000 0.69321384274 -1.39725915177
-1.00000000000 0.00000000000 2.01562500000 -0.00125000000 0.69351648500 -1.39786916507
-1.00000000000 0.00000000000 2.01562500000 0.00000000000 0.69382408210 -1.39848916549
-1.00000000000 0.00000000000 2.01562500000 0.00125000000 0.69413664305 -1.39911917115
-1.00000000000 0.00000000000 2.01562500000 0.00250000000 0.69445417697 -1.39975920045
-1.00000000000 0.00000000000 2.01562500000 0.00375000000 0.69477669310 -1.40040927202
-1.00000000000 0.00000000000 2.01562500000 0.00500000000 0.69510420082 -1.40106940478
-1.00000000000 0.00000000000 2.01562500000 0.00625000000 0.69543670966 -1.40173961791
-1.00000000000 0.00000000000 2.01562500000 0.00750000000 0.69577422925 -1.40241993084
-1.00000000000 0.00000000000 2.01562500000 0.00875000000 0.69611676938 -1.40311036328
-1.00000000000 0.00000000000 2.03125000000 -0.01000000000 0.69152012047 -1.40465024470
-1.00000000000 0.00000000000 2.03125000000 -0.00875000000 0.69179094997 -1.40520036713
-1.00000000000 0.00000000000 2.03125000000 -0.00750000000 0.69206666738 -1.40576041811
-1.00000000000 0.00000000000 2.03125000000 -0.00625000000 0.69234728082 -1.40633041416
-1.00000000000 0.00000000000 2.03125000000 -0.00500000000 0.69263279856 -1.40691037207
-1.00000000000 0.00000000000 2.03125000000 -0.00375000000 0.69292322898 -1.40750030887
-1.00000000000 0.00000000000 2.03125000000 -0.00250000000 0.69321858060 -1.40810024184
-1.00000000000 0.00000000000 2.03125000000 -0.00125000000 0.69351886205 -1.40871018854
-1.00000000000 0.00000000000 2.03125000000 0.00000000000 0.69382408210 -1.40933016677
-1.00000000000 0.00000000000 2.03125000000 0.00125000000 0.69413424965 -1.40996019461
-1.00000000000 0.00000000000 2.03125000000 0.00250000000 0.69444937372 -1.41060029037
-1.00000000000 0.00000000000 2.03125000000 0.00375000000 0.69476946346 -1.41125047266
-1.00000000000 0.00000000000 2.03125000000 0.00500000000 0.69509452816 -1.41191076032
-1.00000000000 0.00000000000 2.03125000000 0.00625000000 0.69542457722 -1.41258117248
-1.00000000000 0.00000000000 2.03125000000 0.00750000000 0.69575962020 -1.41326172852
-1.00000000000 0.00000000000 2.03125000000 0.00875000000 0.69609966676 -1.41395244811
-1.00000000000 0.00000000000 2.04687500000 -0.01000000000 0.69153840477 -1.41549267227
-1.00000000000 0.00000000000 2.04687500000 -0.00875000000 0.69180700334 -1.41604245996
-1.00000000000 0.00000000000 2.04687500000 -0.00750000000 0.69208047439 -1.41660222101
-1.00000000000 0.00000000000 2.04687500000 -0.00625000000 0.69235882596 -1.41717197190
-1.00000000000 0.00000000000 2.04687500000 -0.00500000000 0.69264206624 -1.41775172934
-1.00000000000 0.00000000000 2.04687500000 -0.00375000000 0.69293020351 -1.41834151031
-1.00000000000 0.00000000000 2.04687500000 -0.00250000000 0.69322324619 -1.41894133205
-1.00000000000 0.00000000000 2.04687500000 -0.00125000000 0.69352120283 -1.41955121204
-1.00000000000 0.00000000000 2.04687500000 0.00000000000 0.69382408210 -1.42017116806
-1.00000000000 0.00000000000 2.04687500000 0.00125000000 0.69413189281 -1.42080121809
-1.00000000000 0.00000000000 2.04687500000 0.00250000000 0.69444464387 -1.42144138043
-1.00000000000 0.00000000000 2.04687500000 0.00375000000 0.69476234435 -1.42209167360
-1.00000000000 0.00000000000 2.04687500000 0.00500000000 0.69508500344 -1.42275211641
-1.00000000000 0.00000000000 2.04687500000 0.00625000000 0.69541263044 -1.42342272792
-1.00000000000 0.00000000000 2.04687500000 0.00750000000 0.69574523480 -1.42410352747
-1.00000000000 0.00000000000 2.04687500000 0.00875000000 0.69608282609 -1.42479453466
-1.00000000000 0.00000000000 2.06250000000 -0.01000000000 0.69155641304 -1.42633510189
-1.00000000000 0.00000000000 2.06250000000 -0.00875000000 0.69182281424 -1.42688455437
-1.00000000000 0.00000000000 2.06250000000 -0.00750000000 0.69209407277 -1.42744402508
-1.00000000000 0.00000000000 2.06250000000 -0.00625000000 0.69237019658 -1.42801353044
-1.00000000000 0.00000000000 2.06250000000 -0.00500000000 0.69265119376 -1.42859308712
-1.00000000000 0.00000000000 2.06250000000 -0.00375000000 0.69293707251 -1.42918271204
-1.00000000000 0.00000000000 2.06250000000 -0.00250000000 0.69322784115 -1.42978242238
-1.00000000000 0.00000000000 2.06250000000 -0.00125000000 0.69352350816 -1.43039223558
-1.00000000000 0.00000000000 2.06250000000 0.00000000000 0.69382408210 -1.43101216934
-1.00000000000 0.00000000000 2.06250000000 0.00125000000 0.69412957169 -1.43164224161
-1.00000000000 0.00000000000 2.06250000000 0.00250000000 0.69443998576 -1.43228247062
-1.00000000000 0.00000000000 2.06250000000 0.00375000000 0.69475533326 -1.43293287485
-1.00000000000 0.00000000000 2.06250000000 0.00500000000 0.69507562330 -1.43359347305
-1.00000000000 0.00000000000 2.06250000000 0.00625000000 0.69540086508 -1.43426428422
-1.00000000000 0.00000000000 2.06250000000 0.00750000000 0.69573106796 -1.43494532766
-1.00000000000 0.00000000000 2.06250000000 0.00875000000 0.69606624141 -1.43563662290
-1.00000000000 0.00000000000 2.07812500000 -0.01000000000 0.69157415147 -1.43717753352
-1.00000000000 0.00000000000 2.07812500000 -0.00875000000 0.69183838813 -1.43772665032
-1.00000000000 0.00000000000 2.07812500000 -0.00750000000 0.69210746721 -1.43828583029
-1.00000000000 0.00000000000 2.07812500000 -0.00625000000 0.69238139659 -1.43885508979
-1.00000000000 0.00000000000 2.07812500000 -0.00500000000 0.69266018426 -1.43943444542
-1.00000000000 0.00000000000 2.07812500000 -0.00375000000 0.69294383835 -1.44002391407
-1.00000000000 0.00000000000 2.07812500000 -0.00250000000 0.69323236708 -1.44062351285
-1.00000000000 0.00000000000 2.07812500000 -0.00125000000 0.69352577884 -1.44123325915
-1.00000000000 0.00000000000 2.07812500000 0.00000000000 0.69382408210 -1.44185317062
-1.00000000000 0.00000000000 2.07812500000 0.00125000000 0.69412728549 -1.44248326516
-1.00000000000 0.00000000000 2.07812500000 0.00250000000 0.69443539775 -1.44312356095
-1.00000000000 0.00000000000 2.07812500000 0.00375000000 0.69474842774 -1.44377407640
-1.00000000000 0.00000000000 2.07812500000 0.00500000000 0.69506638446 -1.44443483021
-1.00000000000 0.00000000000 2.07812500000 0.00625000000 0.69538927704 -1.44510584136
-1.00000000000 0.00000000000 2.07812500000 0.00750000000 0.69571711473 -1.44578712905
-1.00000000000 0.00000000000 2.07812500000 0.00875000000 0.69604990691 -1.44647871279
-1.00000000000 0.00000000000 2.09375000000 -0.01000000000 0.69159162609 -1.44801996713
-1.00000000000 0.00000000000 2.09375000000 -0.00875000000 0.69185373029 -1.44856874779
-1.00000000000 0.00000000000 2.09375000000 -0.00750000000 0.69212066227 -1.44912763662
-1.00000000000 0.00000000000 2.09375000000 -0.00625000000 0.69239242981 -1.44969664991
-1.00000000000 0.00000000000 2.09375000000 -0.00500000000 0.69266904082 -1.45027580422
-1.00000000000 0.00000000000 2.09375000000 -0.00375000000 0.69295050334 -1.45086511637
-1.00000000000 0.00000000000 2.09375000000 -0.00250000000 0.69323682552 -1.45146460344
-1.00000000000 0.00000000000 2.09375000000 -0.00125000000 0.69352801564 -1.45207428275
-1.00000000000 0.00000000000 2.09375000000 0.00000000000 0.69382408210 -1.45269417190
-1.00000000000 0.00000000000 2.09375000000 0.00125000000 0.69412503343 -1.45332428875
-1.00000000000 0.00000000000 2.09375000000 0.00250000000 0.69443087828 -1.45396465140
-1.00000000000 0.00000000000 2.09375000000 0.00375000000 0.69474162543 -1.45461527824
-1.00000000000 0.00000000000 2.09375000000 0.00500000000 0.69505728377 -1.45527618790
-1.00000000000 0.00000000000 2.09375000000 0.00625000000 0.69537786235 -1.45594739931
-1.00000000000 0.00000000000 2.09375000000 0.00750000000 0.69570337033 -1.45662893162
-1.00000000000 0.00000000000 2.09375000000 0.00875000000 0.69603381698 -1.45732080430
-1.00000000000 0.00000000000 2.10937500000 -0.01000000000 0.69160884274 -1.45886240266
-1.00000000000 0.00000000000 2.10937500000 -0.00875000000 0.69186884586 -1.45941084675
-1.00000000000 0.00000000000 2.10937500000 -0.00750000000 0.69213366236 -1.45996944404
-1.00000000000 0.00000000000 2.10937500000 -0.00625000000 0.69240329993 -1.46053821079
-1.00000000000 0.00000000000 2.10937500000 -0.00500000000 0.69267776641 -1.46111716351
-1.00000000000 0.00000000000 2.10937500000 -0.00375000000 0.69295706973 -1.46170631896
-1.00000000000 0.00000000000 2.10937500000 -0.00250000000 0.69324121797 -1.46230569416
-1.00000000000 0.00000000000 2.10937500000 -0.00125000000 0.69353021932 -1.46291530639
-1.00000000000 0.00000000000 2.10937500000 0.00000000000 0.69382408210 -1.46353517319
-1.00000000000 0.00000000000 2.10937500000 0.00125000000 0.69412281475 -1.46416531236
-1.00000000000 0.00000000000 2.10937500000 0.00250000000 0.69442642583 -1.46480574198
-1.00000000000 0.00000000000 2.10937500000 0.00375000000 0.69473492402 -1.46545648036
-1.00000000000 0.00000000000 2.10937500000 0.00500000000 0.69504831815 -1.46611754610
-1.00000000000 0.00000000000 2.10937500000 0.00625000000 0.69536661715 -1.46678895805
-1.00000000000 0.00000000000 2.10937500000 0.00750000000 0.69568983009 -1.46747073535
-1.00000000000 0.00000000000 2.10937500000 0.00875000000 0.69601796616 -1.46816289738
-1.00000000000 0.00000000000 2.12500000000 -0.01000000000 0.69162580709 -1.46970484007
-1.00000000000 0.00000000000 2.12500000000 -0.00875000000 0.69188373983 -1.47025294714
-1.00000000000 0.00000000000 2.12500000000 -0.00750000000 0.69214647178 -1.47081125253
-1.00000000000 0.00000000000 2.12500000000 -0.00625000000 0.69241401055 -1.47137977242
-1.00000000000 0.00000000000 2.12500000000 -0.00500000000 0.69268636390 -1.47195852328
-1.00000000000 0.00000000000 2.12500000000 -0.00375000000 0.69296353968 -1.47254752181
-1.00000000000 0.00000000000 2.12500000000 -0.00250000000 0.69324554588 -1.47314678499
-1.00000000000 0.00000000000 2.12500000000 -0.00125000000 0.69353239061 -1.47375633005
-1.00000000000 0.00000000000 2.12500000000 0.00000000000 0.69382408210 -1.47437617447
-1.00000000000 0.00000000000 2.12500000000 0.00125000000 0.69412062871 -1.47500633601
-1.00000000000 0.00000000000 2.12500000000 0.00250000000 0.69442203891 -1.47564683268
-1.00000000000 0.00000000000 2.12500000000 0.00375000000 0.69472832130 -1.47629768276
-1.00000000000 0.00000000000 2.12500000000 0.00500000000 0.69503948461 -1.47695890479
-1.00000000000 0.00000000000 2.12500000000 0.00625000000 0.69535553768 -1.47763051758
-1.00000000000 0.00000000000 2.12500000000 0.00750000000 0.69567648951 -1.47831254020
-1.00000000000 0.00000000000 2.12500000000 0.00875000000 0.69600234918 -1.47900499200
-1.00000000000 0.00000000000 2.14062500000 -0.01000000000 0.69164252464 -1.48054727932
-1.00000000000 0.00000000000 2.14062500000 -0.00875000000 0.69189841703 -1.48109504896
-1.00000000000 0.00000000000 2.14062500000 -0.00750000000 0.69215909469 -1.48165306206
-1.00000000000 0.00000000000 2.14062500000 -0.00625000000 0.69242456515 -1.48222133478
-1.00000000000 0.00000000000 2.14062500000 -0.00500000000 0.69269483610 -1.48279988352
-1.00000000000 0.00000000000 2.14062500000 -0.00375000000 0.69296991530 -1.48338872493
-1.00000000000 0.00000000000 2.14062500000 -0.00250000000 0.69324981066 -1.48398787595
-1.00000000000 0.00000000000 2.14062500000 -0.00125000000 0.69353453021 -1.48459735374
-1.00000000000 0.00000000000 2.14062500000 0.00000000000 0.69382408210 -1.48521717575
-1.00000000000 0.00000000000 2.14062500000 0.00125000000 0.69411847460 -1.48584735968
-1.00000000000 0.00000000000 2.14062500000 0.00250000000 0.69441771609 -1.48648792350
-1.00000000000 0.00000000000 2.14062500000 0.00375000000 0.69472181509 -1.48713888543
-1.00000000000 0.00000000000 2.14062500000 0.00500000000 0.69503078025 -1.48780026397
-1.00000000000 0.00000000000 2.14062500000 0.00625000000 0.69534462032 -1.48847207786
-1.00000000000 0.00000000000 2.14062500000 0.00750000000 0.69566334419 -1.48915434616
-1.00000000000 0.00000000000 2.14062500000 0.00875000000 0.69598696088 -1.48984708813
-1.00000000000 0.00000000000 2.15625000000 -0.01000000000 0.69165900075 -1.49138972037
-1.00000000000 0.00000000000 2.15625000000 -0.00875000000 0.69191288216 -1.49193715216
-1.00000000000 0.00000000000 2.15625000000 -0.00750000000 0.69217153513 -1.49249487262
-1.00000000000 0.00000000000 2.15625000000 -0.00625000000 0.69243496712 -1.49306289785
-1.00000000000 0.00000000000 2.15625000000 -0.00500000000 0.69270318572 -1.49364124421
-1.00000000000 0.00000000000 2.15625000000 -0.00375000000 0.69297619864 -1.49422992831
-1.00000000000 0.00000000000 2.15625000000 -0.00250000000 0.69325401369 -1.49482896702
-1.00000000000 0.00000000000 2.15625000000 -0.00125000000 0.69353663882 -1.49543837746
-1.00000000000 0.00000000000 2.15625000000 0.00000000000 0.69382408210 -1.49605817704
-1.00000000000 0.00000000000 2.15625000000 0.00125000000 0.69411635172 -1.49668838339
-1.00000000000 0.00000000000 2.15625000000 0.00250000000 0.69441345597 -1.49732901444
-1.00000000000 0.00000000000 2.15625000000 0.00375000000 0.69471540330 -1.49798008837
-1.00000000000 0.00000000000 2.15625000000 0.00500000000 0.69502220226 -1.49864162362
-1.00000000000 0.00000000000 2.15625000000 0.00625000000 0.69533386152 -1.49931363890
-1.00000000000 0.00000000000 2.15625000000 0.00750000000 0.69565038989 -1.49999615319
-1.00000000000 0.00000000000 2.15625000000 0.00875000000 0.69597179629 -1.50068918574
-1.00000000000 0.00000000000 2.17187500000 -0.01000000000 0.69167524060 -1.50223216319
-1.00000000000 0.00000000000 2.17187500000 -0.00875000000 0.69192713978 -1.50277925671
-1.00000000000 0.00000000000 2.17187500000 -0.00750000000 0.69218379703 -1.50333668418
-1.00000000000 0.00000000000 2.17187500000 -0.00625000000 0.69244521974 -1.50390446162
-1.00000000000 0.00000000000 2.17187500000 -0.00500000000 0.69271141542 -1.50448260536
-1.00000000000 0.00000000000 2.17187500000 -0.00375000000 0.69298239169 -1.50507113194
-1.00000000000 0.00000000000 2.17187500000 -0.00250000000 0.69325815629 -1.50567005820
-1.00000000000 0.00000000000 2.17187500000 -0.00125000000 0.69353871710 -1.50627940121
-1.00000000000 0.00000000000 2.17187500000 0.00000000000 0.69382408210 -1.50689917832
-1.00000000000 0.00000000000 2.17187500000 0.00125000000 0.69411425940 -1.50752940712
-1.00000000000 0.00000000000 2.17187500000 0.00250000000 0.69440925721 -1.50817010550
-1.00000000000 0.00000000000 2.17187500000 0.00375000000 0.69470908389 -1.50882129157
-1.00000000000 0.00000000000 2.17187500000 0.00500000000 0.69501374791 -1.50948298374
-1.00000000000 0.00000000000 2.17187500000 0.00625000000 0.69532325786 -1.51015520066
-1.00000000000 0.00000000000 2.17187500000 0.00750000000 0.69563762246 -1.51083796128
-1.00000000000 0.00000000000 2.17187500000 0.00875000000 0.69595685055 -1.51153128479
-1.00000000000 0.00000000000 2.18750000000 -0.01000000000 0.69169124925 -1.51307460773
-1.00000000000 0.00000000000 2.18750000000 -0.00875000000 0.69194119433 -1.51362136260
-1.00000000000 0.00000000000 2.18750000000 -0.00750000000 0.69219588421 -1.51417849671
-1.00000000000 0.00000000000 2.18750000000 -0.00625000000 0.69245532621 -1.51474602608
-1.00000000000 0.00000000000 2.18750000000 -0.00500000000 0.69271952775 -1.51532396694
-1.00000000000 0.00000000000 2.18750000000 -0.00375000000 0.69298849638 -1.51591233582
-1.00000000000 0.00000000000 2.18750000000 -0.00250000000 0.69326223977 -1.51651114950
-1.00000000000 0.00000000000 2.18750000000 -0.00125000000 0.69354076571 -1.51712042499
-1.00000000000 0.00000000000 2.18750000000 0.00000000000 0.69382408210 -1.51774017960
-1.00000000000 0.00000000000 2.18750000000 0.00125000000 0.69411219698 -1.51837043089
-1.00000000000 0.00000000000 2.18750000000 0.00250000000 0.69440511848 -1.51901119666
-1.00000000000 0.00000000000 2.18750000000 0.00375000000 0.69470285487 -1.51966249502
-1.00000000000 0.00000000000 2.18750000000 0.00500000000 0.69500541454 -1.52032434431
-1.00000000000 0.00000000000 2.18750000000 0.00625000000 0.69531280601 -1.52099676314
-1.00000000000 0.00000000000 2.18750000000 0.00750000000 0.69562503790 -1.52167977040
-1.00000000000 0.00000000000 2.18750000000 0.00875000000 0.69594211897 -1.52237338525
-1.00000000000 0.00000000000 2.20312500000 -0.01000000000 0.69170703158 -1.52391705395
-1.00000000000 0.00000000000 2.20312500000 -0.00875000000 0.69195505011 -1.52446346977
-1.00000000000 0.00000000000 2.20312500000 -0.00750000000 0.69220780038 -1.52502031021
-1.00000000000 0.00000000000 2.20312500000 -0.00625000000 0.69246528962 -1.52558759120
-1.00000000000 0.00000000000 2.20312500000 -0.00500000000 0.69272752520 -1.52616532896
-1.00000000000 0.00000000000 2.20312500000 -0.00375000000 0.69299451459 -1.52675353995
-1.00000000000 0.00000000000 2.20312500000 -0.00250000000 0.69326626537 -1.52735224090
-1.00000000000 0.00000000000 2.20312500000 -0.00125000000 0.69354278527 -1.52796144880
-1.00000000000 0.00000000000 2.20312500000 0.00000000000 0.69382408210 -1.52858118088
-1.00000000000 0.00000000000 2.20312500000 0.00125000000 0.69411016382 -1.52921145468
-1.00000000000 0.00000000000 2.20312500000 0.00250000000 0.69440103850 -1.52985228794
-1.00000000000 0.00000000000 2.20312500000 0.00375000000 0.69469671432 -1.53050369873
-1.00000000000 0.00000000000 2.20312500000 0.00500000000 0.69499719958 -1.53116570533
-1.00000000000 0.00000000000 2.20312500000 0.00625000000 0.69530250273 -1.53183832632
-1.00000000000 0.00000000000 2.20312500000 0.00750000000 0.69561263230 -1.53252158054
-1.00000000000 0.00000000000 2.20312500000 0.00875000000 0.69592759698 -1.53321548710
-1.00000000000 0.00000000000 2.21875000000 -0.01000000000 0.69172259238 -1.53475950183
-1.00000000000 0.00000000000 2.21875000000 -0.00875000000 0.69196871131 -1.53530557823
-1.00000000000 0.00000000000 2.21875000000 -0.00750000000 0.69221954913 -1.53586212464
-1.00000000000 0.00000000000 2.21875000000 -0.00625000000 0.69247511300 -1.53642915697
-1.00000000000 0.00000000000 2.21875000000 -0.00500000000 0.69273541020 -1.53700669139
-1.00000000000 0.00000000000 2.21875000000 -0.00375000000 0.69300044814 -1.53759474431
-1.00000000000 0.00000000000 2.21875000000 -0.00250000000 0.69327023432 -1.53819333241
-1.00000000000 0.00000000000 2.21875000000 -0.00125000000 0.69354477640 -1.53880247263
-1.00000000000 0.00000000000 2.21875000000 0.00000000000 0.69382408210 -1.53942218217
-1.00000000000 0.00000000000 2.21875000000 0.00125000000 0.69410815932 -1.54005247849
-1.00000000000 0.00000000000 2.21875000000 0.00250000000 0.69439701604 -1.54069337933
-1.00000000000 0.00000000000 2.21875000000 0.00375000000 0.69469066036 -1.54134490267
-1.00000000000 0.00000000000 2.21875000000 0.00500000000 0.69498910052 -1.54200706678
-1.00000000000 0.00000000000 2.21875000000 0.00625000000 0.69529234487 -1.54267989018
-1.00000000000 0.00000000000 2.21875000000 0.00750000000 0.69560040188 -1.54336339166
-1.00000000000 0.00000000000 2.21875000000 0.00875000000 0.69591328013 -1.54405759029
-1.00000000000 0.00000000000 2.23437500000 -0.01000000000 0.69173793626 -1.54560195133
-1.00000000000 0.00000000000 2.23437500000 -0.00875000000 0.69198218201 -1.54614768792
-1.00000000000 0.00000000000 2.23437500000 -0.00750000000 0.69223113398 -1.54670393999
-1.00000000000 0.00000000000 2.23437500000 -0.00625000000 0.69248479928 -1.54727072339
-1.00000000000 0.00000000000 2.23437500000 -0.00500000000 0.69274318511 -1.54784805423
-1.00000000000 0.00000000000 2.23437500000 -0.00375000000 0.69300629881 -1.54843594890
-1.00000000000 0.00000000000 2.23437500000 -0.00250000000 0.69327414781 -1.54903442402
-1.00000000000 0.00000000000 2.23437500000 -0.00125000000 0.69354673969 -1.54964349648
-1.00000000000 0.00000000000 2.23437500000 0.00000000000 0.69382408210 -1.55026318345
-1.00000000000 0.00000000000 2.23437500000 0.00125000000 0.69410618286 -1.55089350233
-1.00000000000 0.00000000000 2.23437500000 0.00250000000 0.69439304988 -1.55153447082
-1.00000000000 0.00000000000 2.23437500000 0.00375000000 0.69468469118 -1.55218610686
-1.00000000000 0.00000000000 2.23437500000 0.00500000000 0.69498111492 -1.55284842866
-1.00000000000 0.00000000000 2.23437500000 0.00625000000 0.69528232938 -1.55352145471
-1.00000000000 0.00000000000 2.23437500000 0.00750000000 0.69558834294 -1.55420520375
-1.00000000000 0.00000000000 2.23437500000 0.00875000000 0.69589916411 -1.55489969482
-1.00000000000 0.00000000000 2.25000000000 -0.01000000000 0.69175306774 -1.55644440242
-1.00000000000 0.00000000000 2.25000000000 -0.00875000000 0.69199546615 -1.55698979883
-1.00000000000 0.00000000000 2.25000000000 -0.00750000000 0.69224255833 -1.55754575624
-1.00000000000 0.00000000000 2.25000000000 -0.00625000000 0.69249435130 -1.55811229043
-1.00000000000 0.00000000000 2.25000000000 -0.00500000000 0.69275085221 -1.55868941748
-1.00000000000 0.00000000000 2.25000000000 -0.00375000000 0.69301206832 -1.55927715372
-1.00000000000 0.00000000000 2.25000000000 -0.00250000000 0.69327800699 -1.55987551573
-1.00000000000 0.00000000000 2.25000000000 -0.00125000000 0.69354867572 -1.56048452037
-1.00000000000 0.00000000000 2.25000000000 0.00000000000 0.69382408210 -1.56110418473
-1.00000000000 0.00000000000 2.25000000000 0.00125000000 0.69410423387 -1.56173452620
-1.00000000000 0.00000000000 2.25000000000 0.00250000000 0.69438913885 -1.56237556242
-1.00000000000 0.00000000000 2.25000000000 0.00375000000 0.69467880501 -1.56302731128
-1.00000000000 0.00000000000 2.25000000000 0.00500000000 0.69497324043 -1.56368979096
-1.00000000000 0.00000000000 2.25000000000 0.00625000000 0.69527245329 -1.56436301989
-1.00000000000 0.00000000000 2.25000000000 0.00750000000 0.69557645191 -1.56504701679
-1.00000000000 0.00000000000 2.25000000000 0.00875000000 0.69588524473 -1.56574180064
-1.00000000000 0.00000000000 2.26562500000 -0.01000000000 0.69176799119 -1.56728685505
-1.00000000000 0.00000000000 2.26562500000 -0.00875000000 0.69200856759 -1.56783191094
-1.00000000000 0.00000000000 2.26562500000 -0.00750000000 0.69225382549 -1.56838757336
-1.00000000000 0.00000000000 2.26562500000 -0.00625000000 0.69250377184 -1.56895385809
-1.00000000000 0.00000000000 2.26562500000 -0.00500000000 0.69275841374 -1.56953078113
-1.00000000000 0.00000000000 2.26562500000 -0.00375000000 0.69301775835 -1.57011835877
-1.00000000000 0.00000000000 2.26562500000 -0.00250000000 0.69328181299 -1.57071660755
-1.00000000000 0.00000000000 2.26562500000 -0.00125000000 0.69355058506 -1.57132554428
-1.00000000000 0.00000000000 2.26562500000 0.00000000000 0.69382408210 -1.57194518602
-1.00000000000 0.00000000000 2.26562500000 0.00125000000 0.69410231177 -1.57257555010
-1.00000000000 0.00000000000 2.26562500000 0.00250000000 0.69438528182 -1.57321665411
-1.00000000000 0.00000000000 2.26562500000 0.00375000000 0.69467300013 -1.57386851593
-1.00000000000 0.00000000000 2.26562500000 0.00500000000 0.69496547472 -1.57453115367
-1.00000000000 0.00000000000 2.26562500000 0.00625000000 0.69526271370 -1.57520458572
-1.00000000000 0.00000000000 2.26562500000 0.00750000000 0.69556472530 -1.57588883076
-1.00000000000 0.00000000000 2.26562500000 0.00875000000 0.69587151789 -1.57658390772
-1.00000000000 0.00000000000 2.28125000000 -0.01000000000 0.69178271088 -1.57812930920
-1.00000000000 0.00000000000 2.28125000000 -0.00875000000 0.69202149007 -1.57867402422
-1.00000000000 0.00000000000 2.28125000000 -0.00750000000 0.69226493868 -1.57922939136
-1.00000000000 0.00000000000 2.28125000000 -0.00625000000 0.69251306360 -1.57979542634
-1.00000000000 0.00000000000 2.28125000000 -0.00500000000 0.69276587185 -1.58037214516
-1.00000000000 0.00000000000 2.28125000000 -0.00375000000 0.69302337053 -1.58095956403
-1.00000000000 0.00000000000 2.28125000000 -0.00250000000 0.69328556689 -1.58155769946
-1.00000000000 0.00000000000 2.28125000000 -0.00125000000 0.69355246826 -1.58216656821
-1.00000000000 0.00000000000 2.28125000000 0.00000000000 0.69382408210 -1.58278618730
-1.00000000000 0.00000000000 2.28125000000 0.00125000000 0.69410041601 -1.58341657402
-1.00000000000 0.00000000000 2.28125000000 0.00250000000 0.69438147766 -1.58405774591
-1.00000000000 0.00000000000 2.28125000000 0.00375000000 0.69466727487 -1.58470972080
-1.00000000000 0.00000000000 2.28125000000 0.00500000000 0.69495781557 -1.58537251677
-1.00000000000 0.00000000000 2.28125000000 0.00625000000 0.69525310780 -1.58604615218
-1.00000000000 0.00000000000 2.28125000000 0.00750000000 0.69555315973 -1.58673064564
-1.00000000000 0.00000000000 2.28125000000 0.00875000000 0.69585797964 -1.58742601606
-1.00000000000 0.00000000000 2.29687500000 -0.01000000000 0.69179723095 -1.58897176485
-1.00000000000 0.00000000000 2.29687500000 -0.00875000000 0.69203423723 -1.58951613864
-1.00000000000 0.00000000000 2.29687500000 -0.00750000000 0.69227590104 -1.59007121019
-1.00000000000 0.00000000000 2.29687500000 -0.00625000000 0.69252222920 -1.59063699519
-1.00000000000 0.00000000000 2.29687500000 -0.00500000000 0.69277322865 -1.59121350957
-1.00000000000 0.00000000000 2.29687500000 -0.00375000000 0.69302890645 -1.59180076951
-1.00000000000 0.00000000000 2.29687500000 -0.00250000000 0.69328926975 -1.59239879147
-1.00000000000 0.00000000000 2.29687500000 -0.00125000000 0.69355432584 -1.59300759217
-1.00000000000 0.00000000000 2.29687500000 0.00000000000 0.69382408210 -1.59362718858
-1.00000000000 0.00000000000 2.29687500000 0.00125000000 0.69409854605 -1.59425759796
-1.00000000000 0.00000000000 2.29687500000 0.00250000000 0.69437772530 -1.59489883780
-1.00000000000 0.00000000000 2.29687500000 0.00375000000 0.69466162760 -1.59555092589
-1.00000000000 0.00000000000 2.29687500000 0.00500000000 0.69495026080 -1.59621388027
-1.00000000000 0.00000000000 2.29687500000 0.00625000000 0.69524363287 -1.59688771925
-1.00000000000 0.00000000000 2.29687500000 0.00750000000 0.69554175191 -1.59757246141
-1.00000000000 0.00000000000 2.29687500000 0.00875000000 0.69584462612 -1.59826812561
-1.00000000000 0.00000000000 2.31250000000 -0.01000000000 0.69181155544 -1.59981422195
-1.00000000000 0.00000000000 2.31250000000 -0.00875000000 0.69204681262 -1.60035825418
-1.00000000000 0.00000000000 2.31250000000 -0.00750000000 0.69228671561 -1.60091302986
-1.00000000000 0.00000000000 2.31250000000 -0.00625000000 0.69253127119 -1.60147856462
-1.00000000000 0.00000000000 2.31250000000 -0.00500000000 0.69278048620 -1.60205487435
-1.00000000000 0.00000000000 2.31250000000 -0.00375000000 0.69303436765 -1.60264197519
-1.00000000000 0.00000000000 2.31250000000 -0.00250000000 0.69329292262 -1.60323988357
-1.00000000000 0.00000000000 2.31250000000 -0.00125000000 0.69355615833 -1.60384861615
-1.00000000000 0.00000000000 2.31250000000 0.00000000000 0.69382408210 -1.60446818986
-1.00000000000 0.00000000000 2.31250000000 0.00125000000 0.69409670137 -1.60509862192
-1.00000000000 0.00000000000 2.31250000000 0.00250000000 0.69437402369 -1.60573992979
-1.00000000000 0.00000000000 2.31250000000 0.00375000000 0.69465605674 -1.60639213120
-1.00000000000 0.00000000000 2.31250000000 0.00500000000 0.69494280828 -1.60705524416
-1.00000000000 0.00000000000 2.31250000000 0.00625000000 0.69523428624 -1.60772928693
-1.00000000000 0.00000000000 2.31250000000 0.00750000000 0.69553049862 -1.60841427806
-1.00000000000 0.00000000000 2.31250000000 0.00875000000 0.69583145356 -1.60911023635
-1.00000000000 0.00000000000 2.32812500000 -0.01000000000 0.69182568826 -1.61065668048
-1.00000000000 0.00000000000 2.32812500000 -0.00875000000 0.69205921968 -1.61120037082
-1.00000000000 0.00000000000 2.32812500000 -0.00750000000 0.69229738538 -1.61175485033
-1.00000000000 0.00000000000 2.32812500000 -0.00625000000 0.69254019205 -1.61232013461
-1.00000000000 0.00000000000 2.32812500000 -0.00500000000 0.69278764649 -1.61289623949
-1.00000000000 0.00000000000 2.32812500000 -0.00375000000 0.69303975563 -1.61348318108
-1.00000000000 0.00000000000 2.32812500000 -0.00250000000 0.69329652650 -1.61408097576
-1.00000000000 0.00000000000 2.32812500000 -0.00125000000 0.69355796624 -1.61468964015
-1.00000000000 0.00000000000 2.32812500000 0.00000000000 0.69382408210 -1.61530919115
-1.00000000000 0.00000000000 2.32812500000 0.00125000000 0.69409488147 -1.61593964591
-1.00000000000 0.00000000000 2.32812500000 0.00250000000 0.69437037181 -1.61658102187
-1.00000000000 0.00000000000 2.32812500000 0.00375000000 0.69465056074 -1.61723333672
-1.00000000000 0.00000000000 2.32812500000 0.00500000000 0.69493545597 -1.61789660842
-1.00000000000 0.00000000000 2.32812500000 0.00625000000 0.69522506532 -1.61857085520
-1.00000000000 0.00000000000 2.32812500000 0.00750000000 0.69551939675 -1.61925609556
-1.00000000000 0.00000000000 2.32812500000 0.00875000000 0.69581845832 -1.61995234827
-1.00000000000 0.00000000000 2.34375000000 -0.01000000000 0.69183963324 -1.62149914042
-1.00000000000 0.00000000000 2.34375000000 -0.00875000000 0.69207146178 -1.62204248854
-1.00000000000 0.00000000000 2.34375000000 -0.00750000000 0.69230791322 -1.62259667160
-1.00000000000 0.00000000000 2.34375000000 -0.00625000000 0.69254899420 -1.62316170515
-1.00000000000 0.00000000000 2.34375000000 -0.00500000000 0.69279471146 -1.62373760499
-1.00000000000 0.00000000000 2.34375000000 -0.00375000000 0.69304507186 -1.62432438718
-1.00000000000 0.00000000000 2.34375000000 -0.00250000000 0.69330008236 -1.62492206804
-1.00000000000 0.00000000000 2.34375000000 -0.00125000000 0.69355975005 -1.62553066418
-1.00000000000 0.00000000000 2.34375000000 0.00000000000 0.69382408210 -1.62615019243
-1.00000000000 0.00000000000 2.34375000000 0.00125000000 0.69409308584 -1.62678066993
-1.00000000000 0.00000000000 2.34375000000 0.00250000000 0.69436676866 -1.62742211405
-1.00000000000 0.00000000000 2.34375000000 0.00375000000 0.69464513811 -1.62807454245
-1.00000000000 0.00000000000 2.34375000000 0.00500000000 0.69492820184 -1.62873797305
-1.00000000000 0.00000000000 2.34375000000 0.00625000000 0.69521596759 -1.62941242405
-1.00000000000 0.00000000000 2.34375000000 0.00750000000 0.69550844326 -1.63009791389
-1.00000000000 0.00000000000 2.34375000000 0.00875000000 0.69580563683 -1.63079446133
-1.00000000000 0.00000000000 2.35937500000 -0.01000000000 0.69185339411 -1.63234160172
-1.00000000000 0.00000000000 2.35937500000 -0.00875000000 0.69208354217 -1.63288460732
-1.00000000000 0.00000000000 2.35937500000 -0.00750000000 0.69231830195 -1.63343849365
-1.00000000000 0.00000000000 2.35937500000 -0.00625000000 0.69255768000 -1.63400327624
-1.00000000000 0.00000000000 2.35937500000 -0.00500000000 0.69280168300 -1.63457897084
-1.00000000000 0.00000000000 2.35937500000 -0.00375000000 0.69305031776 -1.63516559347
-1.00000000000 0.00000000000 2.35937500000 -0.00250000000 0.69330359117 -1.63576316041
-1.00000000000 0.00000000000 2.35937500000 -0.00125000000 0.69356151024 -1.63637168822
-1.00000000000 0.00000000000 2.35937500000 0.00000000000 0.69382408210 -1.63699119371
-1.00000000000 0.00000000000 2.35937500000 0.00125000000 0.69409131400 -1.63762169396
-1.00000000000 0.00000000000 2.35937500000 0.00250000000 0.69436321327 -1.63826320631
-1.00000000000 0.00000000000 2.35937500000 0.00375000000 0.69463978739 -1.63891574838
-1.00000000000 0.00000000000 2.35937500000 0.00500000000 0.69492104394 -1.63957933804
-1.00000000000 0.00000000000 2.35937500000 0.00625000000 0.69520699061 -1.64025399346
-1.00000000000 0.00000000000 2.35937500000 0.00750000000 0.69549763520 -1.64093973305
-1.00000000000 0.00000000000 2.35937500000 0.00875000000 0.69579298565 -1.64163657551
-1.00000000000 0.00000000000 2.37500000000 -0.01000000000 0.69186697447 -1.64318406438
-1.00000000000 0.00000000000 2.37500000000 -0.00875000000 0.69209546405 -1.64372672713
-1.00000000000 0.00000000000 2.37500000000 -0.00750000000 0.69232855430 -1.64428031647
-1.00000000000 0.00000000000 2.37500000000 -0.00625000000 0.69256625173 -1.64484484786
-1.00000000000 0.00000000000 2.37500000000 -0.00500000000 0.69280856296 -1.64542033703
-1.00000000000 0.00000000000 2.37500000000 -0.00375000000 0.69305549472 -1.64600679995
-1.00000000000 0.00000000000 2.37500000000 -0.00250000000 0.69330705384 -1.64660425287
-1.00000000000 0.00000000000 2.37500000000 -0.00125000000 0.69356324728 -1.64721271229
-1.00000000000 0.00000000000 2.37500000000 0.00000000000 0.69382408210 -1.64783219500
-1.00000000000 0.00000000000 2.37500000000 0.00125000000 0.69408956548 -1.64846271802
-1.00000000000 0.00000000000 2.37500000000 0.00250000000 0.69435970470 -1.64910429866
-1.00000000000 0.00000000000 2.37500000000 0.00375000000 0.69463450716 -1.64975695451
-1.00000000000 0.00000000000 2.37500000000 0.00500000000 0.69491398038 -1.65042070339
-1.00000000000 0.00000000000 2.37500000000 0.00625000000 0.69519813197 -1.65109556343
-1.00000000000 0.00000000000 2.37500000000 0.00750000000 0.69548696969 -1.65178155301
-1.00000000000 0.00000000000 2.37500000000 0.00875000000 0.69578050139 -1.65247869079
-1.00000000000 0.00000000000 2.39062500000 -0.01000000000 0.69188037787 -1.65402652835
-1.00000000000 0.00000000000 2.39062500000 -0.00875000000 0.69210723052 -1.65456884795
-1.00000000000 0.00000000000 2.39062500000 -0.00750000000 0.69233867295 -1.65512214003
-1.00000000000 0.00000000000 2.39062500000 -0.00625000000 0.69257471164 -1.65568642001
-1.00000000000 0.00000000000 2.39062500000 -0.00500000000 0.69281535312 -1.65626170356
-1.00000000000 0.00000000000 2.39062500000 -0.00375000000 0.69306060408 -1.65684800663
-1.00000000000 0.00000000000 2.39062500000 -0.00250000000 0.69331047128 -1.65744534541
-1.00000000000 0.00000000000 2.39062500000 -0.00125000000 0.69356496162 -1.65805373638
-1.00000000000 0.00000000000 2.39062500000 0.00000000000 0.69382408210 -1.65867319628
-1.00000000000 0.00000000000 2.39062500000 0.00125000000 0.69408783983 -1.65930374209
-1.00000000000 0.00000000000 2.39062500000 0.00250000000 0.69435624203 -1.65994539110
-1.00000000000 0.00000000000 2.39062500000 0.00375000000 0.69462929603 -1.66059816083
-1.00000000000 0.00000000000 2.39062500000 0.00500000000 0.69490700929 -1.66126206909
-1.00000000000 0.00000000000 2.39062500000 0.00625000000 0.69518938937 -1.66193713395
-1.00000000000 0.00000000000 2.39062500000 0.00750000000 0.69547644393 -1.66262337377
-1.00000000000 0.00000000000 2.39062500000 0.00875000000 0.69576818077 -1.66332080716
-1.00000000000 0.00000000000 2.40625000000 -0.01000000000 0.69189360774 -1.66486899362
-1.00000000000 0.00000000000 2.40625000000 -0.00875000000 0.69211884458 -1.66541096977
-1.00000000000 0.00000000000 2.40625000000 -0.00750000000 0.69234866050 -1.66596396433
-1.00000000000 0.00000000000 2.40625000000 -0.00625000000 0.69258306189 -1.66652799266
-1.00000000000 0.00000000000 2.40625000000 -0.00500000000 0.69282205524 -1.66710307042
-1.00000000000 0.00000000000 2.40625000000 -0.00375000000 0.69306564716 -1.66768921348
-1.00000000000 0.00000000000 2.40625000000 -0.00250000000 0.69331384438 -1.66828643803
-1.00000000000 0.00000000000 2.40625000000 -0.00125000000 0.69356665371 -1.66889476050
-1.00000000000 0.00000000000 2.40625000000 0.00000000000 0.69382408210 -1.66951419756
-1.00000000000 0.00000000000 2.40625000000 0.00125000000 0.69408613660 -1.67014476619
-1.00000000000 0.00000000000 2.40625000000 0.00250000000 0.69435282436 -1.67078648362
-1.00000000000 0.00000000000 2.40625000000 0.00375000000 0.69462415266 -1.67143936734
-1.00000000000 0.00000000000 2.40625000000 0.00500000000 0.69490012888 -1.67210343512
-1.00000000000 0.00000000000 2.40625000000 0.00625000000 0.69518076052 -1.67277870501
-1.00000000000 0.00000000000 2.40625000000 0.00750000000 0.69546605519 -1.67346519530
-1.00000000000 0.00000000000 2.40625000000 0.00875000000 0.69575602060 -1.67416292458
-1.00000000000 0.00000000000 2.42187500000 -0.01000000000 0.69190666742 -1.67571146015
-1.00000000000 0.00000000000 2.42187500000 -0.00875000000 0.69213030919 -1.67625309257
-1.00000000000 0.00000000000 2.42187500000 -0.00750000000 0.69235851947 -1.67680578935
-1.00000000000 0.00000000000 2.42187500000 -0.00625000000 0.69259130460 -1.67736956582
-1.00000000000 0.00000000000 2.42187500000 -0.00500000000 0.69282867101 -1.67794443760
-1.00000000000 0.00000000000 2.42187500000 -0.00375000000 0.69307062525 -1.67853042053
-1.00000000000 0.00000000000 2.42187500000 -0.00250000000 0.69331717398 -1.67912753074
-1.00000000000 0.00000000000 2.42187500000 -0.00125000000 0.69356832398 -1.67973578463
-1.00000000000 0.00000000000 2.42187500000 0.00000000000 0.69382408210 -1.68035519884
-1.00000000000 0.00000000000 2.42187500000 0.00125000000 0.69408445536 -1.68098579031
-1.00000000000 0.00000000000 2.42187500000 0.00250000000 0.69434945083 -1.68162757623
-1.00000000000 0.00000000000 2.42187500000 0.00375000000 0.69461907573 -1.68228057404
-1.00000000000 0.00000000000 2.42187500000 0.00500000000 0.69489333739 -1.68294480150
-1.00000000000 0.00000000000 2.42187500000 0.00625000000 0.69517224323 -1.68362027658
-1.00000000000 0.00000000000 2.42187500000 0.00750000000 0.69545580081 -1.68430701758
-1.00000000000 0.00000000000 2.42187500000 0.00875000000 0.69574401777 -1.68500504304
-1.00000000000 0.00000000000 2.43750000000 -0.01000000000 0.69191956018 -1.68655392794
-1.00000000000 0.00000000000 2.43750000000 -0.00875000000 0.69214162721 -1.68709521632
-1.00000000000 0.00000000000 2.43750000000 -0.00750000000 0.69236825234 -1.68764761507
-1.00000000000 0.00000000000 2.43750000000 -0.00625000000 0.69259944184 -1.68821113948
-1.00000000000 0.00000000000 2.43750000000 -0.00500000000 0.69283520209 -1.68878580509
-1.00000000000 0.00000000000 2.43750000000 -0.00375000000 0.69307553959 -1.68937162775
-1.00000000000 0.00000000000 2.43750000000 -0.00250000000 0.69332046093 -1.68996862353
-1.00000000000 0.00000000000 2.43750000000 -0.00125000000 0.69356997283 -1.69057680878
-1.00000000000 0.00000000000 2.43750000000 0.00000000000 0.69382408210 -1.69119620013
-1.00000000000 0.00000000000 2.43750000000 0.00125000000 0.69408279567 -1.69182681445
-1.00000000000 0.00000000000 2.43750000000 0.00250000000 0.69434612058 -1.69246866891
-1.00000000000 0.00000000000 2.43750000000 0.00375000000 0.69461406397 -1.69312178093
-1.00000000000 0.00000000000 2.43750000000 0.00500000000 0.69488663311 -1.69378616819
-1.00000000000 0.00000000000 2.43750000000 0.00625000000 0.69516383535 -1.69446184868
-1.00000000000 0.00000000000 2.43750000000 0.00750000000 0.69544567820 -1.69514884061
-1.00000000000 0.00000000000 2.43750000000 0.00875000000 0.69573216924 -1.69584716251
-1.00000000000 0.00000000000 2.45312500000 -0.01000000000 0.69193228920 -1.69739639694
-1.00000000000 0.00000000000 2.45312500000 -0.00875000000 0.69215280143 -1.69793734102
-1.00000000000 0.00000000000 2.45312500000 -0.00750000000 0.69237786150 -1.69848944149
-1.00000000000 0.00000000000 2.45312500000 -0.00625000000 0.69260747561 -1.69905271361
-1.00000000000 0.00000000000 2.45312500000 -0.00500000000 0.69284165010 -1.69962717290
-1.00000000000 0.00000000000 2.45312500000 -0.00375000000 0.69308039140 -1.70021283514
-1.00000000000 0.00000000000 2.45312500000 -0.00250000000 0.69332370604 -1.70080971639
-1.00000000000 0.00000000000 2.45312500000 -0.00125000000 0.69357160069 -1.70141783295
-1.00000000000 0.00000000000 2.45312500000 0.00000000000 0.69382408210 -1.70203720141
-1.00000000000 0.00000000000 2.45312500000 0.00125000000 0.69408115714 -1.70266783861
-1.00000000000 0.00000000000 2.45312500000 0.00250000000 0.69434283279 -1.70330976168
-1.00000000000 0.00000000000 2.45312500000 0.00375000000 0.69460911612 -1.70396298799
-1.00000000000 0.00000000000 2.45312500000 0.00500000000 0.69488001436 -1.70462753521
-1.00000000000 0.00000000000 2.45312500000 0.00625000000 0.69515553479 -1.70530342127
-1.00000000000 0.00000000000 2.45312500000 0.00750000000 0.69543568484 -1.70599066437
-1.00000000000 0.00000000000 2.45312500000 0.00875000000 0.69572047205 -1.70668928299
-1.00000000000 0.00000000000 2.46875000000 -0.01000000000 0.69194485758 -1.70823886714
-1.00000000000 0.00000000000 2.46875000000 -0.00875000000 0.69216383459 -1.70877946663
-1.00000000000 0.00000000000 2.46875000000 -0.00750000000 0.69238734930 -1.70933126859
-1.00000000000 0.00000000000 2.46875000000 -0.00625000000 0.69261540789 -1.70989428822
-1.00000000000 0.00000000000 2.46875000000 -0.00500000000 0.69284801661 -1.71046854101
-1.00000000000 0.00000000000 2.46875000000 -0.00375000000 0.69308518186 -1.71105404271
-1.00000000000 0.00000000000 2.46875000000 -0.00250000000 0.69332691011 -1.71165080933
-1.00000000000 0.00000000000 2.46875000000 -0.00125000000 0.69357320796 -1.71225885714
-1.00000000000 0.00000000000 2.46875000000 0.00000000000 0.69382408210 -1.71287820269
-1.00000000000 0.00000000000 2.46875000000 0.00125000000 0.69407953936 -1.71350886279
-1.00000000000 0.00000000000 2.46875000000 0.00250000000 0.69433958664 -1.71415085452
-1.00000000000 0.00000000000 2.46875000000 0.00375000000 0.69460423098 -1.71480419523
-1.00000000000 0.00000000000 2.46875000000 0.00500000000 0.69487347951 -1.71546890255
-1.00000000000 0.00000000000 2.46875000000 0.00625000000 0.69514733949 -1.71614499437
-1.00000000000 0.00000000000 2.46875000000 0.00750000000 0.69542581827 -1.71683248885
-1.00000000000 0.00000000000 2.46875000000 0.00875000000 0.69570892332 -1.71753140444
-1.00000000000 0.00000000000 2.48437500000 -0.01000000000 0.69195726833 -1.71908133852
-1.00000000000 0.00000000000 2.48437500000 -0.00875000000 0.69217472932 -1.71962159315
-1.00000000000 0.00000000000 2.48437500000 -0.00750000000 0.69239671803 -1.72017309635
-1.00000000000 0.00000000000 2.48437500000 -0.00625000000 0.69262324057 -1.72073586329
-1.00000000000 0.00000000000 2.48437500000 -0.00500000000 0.69285430316 -1.72130990942
-1.00000000000 0.00000000000 2.48437500000 -0.00375000000 0.69308991213 -1.72189525045
-1.00000000000 0.00000000000 2.48437500000 -0.00250000000 0.69333007390 -1.72249190235
-1.00000000000 0.00000000000 2.48437500000 -0.00125000000 0.69357479501 -1.72309988135
-1.00000000000 0.00000000000 2.48437500000 0.00000000000 0.69382408210 -1.72371920398
-1.00000000000 0.00000000000 2.48437500000 0.00125000000 0.69407794193 -1.72434988699
-1.00000000000 0.00000000000 2.48437500000 0.00250000000 0.69433638136 -1.72499194744
-1.00000000000 0.00000000000 2.48437500000 0.00375000000 0.69459940736 -1.72564540265
-1.00000000000 0.00000000000 2.48437500000 0.00500000000 0.69486702700 -1.72631027020
-1.00000000000 0.00000000000 2.48437500000 0.00625000000 0.69513924748 -1.72698656795
-1.00000000000 0.00000000000 2.48437500000 0.00750000000 0.69541607609 -1.72767431403
-1.00000000000 0.00000000000 2.48437500000 0.00875000000 0.69569752025 -1.72837352686
-1.00000000000 0.00000000000 2.50000000000 -0.01000000000 0.69196952442 -1.72992381105
-1.00000000000 0.00000000000 2.50000000000 -0.00875000000 0.69218548822 -1.73046372056
-1.00000000000 0.00000000000 2.50000000000 -0.00750000000 0.69240596991 -1.73101492477
-1.00000000000 0.00000000000 2.50000000000 -0.00625000000 0.69263097553 -1.73157743882
-1.00000000000 0.00000000000 2.50000000000 -0.00500000000 0.69286051125 -1.73215127813
-1.00000000000 0.00000000000 2.50000000000 -0.00375000000 0.69309458334 -1.73273645835
-1.00000000000 0.00000000000 2.50000000000 -0.00250000000 0.69333319818 -1.73333299544
-1.00000000000 0.00000000000 2.50000000000 -0.00125000000 0.69357636223 -1.73394090558
-1.00000000000 0.00000000000 2.50000000000 0.00000000000 0.69382408210 -1.73456020526
-1.00000000000 0.00000000000 2.50000000000 0.00125000000 0.69407636448 -1.73519091121
-1.00000000000 0.00000000000 2.50000000000 0.00250000000 0.69433321618 -1.73583304044
-1.00000000000 0.00000000000 2.50000000000 0.00375000000 0.69459464409 -1.73648661023
-1.00000000000 0.00000000000 2.50000000000 0.00500000000 0.69486065526 -1.73715163815
-1.00000000000 0.00000000000 2.50000000000 0.00625000000 0.69513125680 -1.73782814200
-1.00000000000 0.00000000000 2.50000000000 0.00750000000 0.69540645596 -1.73851613990
-1.00000000000 0.00000000000 2.50000000000 0.00875000000 0.69568626009 -1.73921565022
-1.00000000000 0.00000000000 2.51562500000 -0.01000000000 0.69198162871 -1.74076628471
-1.00000000000 0.00000000000 2.51562500000 -0.00875000000 0.69219611382 -1.74130584883
-1.00000000000 0.00000000000 2.51562500000 -0.00750000000 0.69241510711 -1.74185675383
-1.00000000000 0.00000000000 2.51562500000 -0.00625000000 0.69263861458 -1.74241901480
-1.00000000000 0.00000000000 2.51562500000 -0.00500000000 0.69286664233 -1.74299264712
-1.00000000000 0.00000000000 2.51562500000 -0.00375000000 0.69309919659 -1.74357766642
-1.00000000000 0.00000000000 2.51562500000 -0.00250000000 0.69333628367 -1.74417408860
-1.00000000000 0.00000000000 2.51562500000 -0.00125000000 0.69357790999 -1.74478192983
-1.00000000000 0.00000000000 2.51562500000 0.00000000000 0.69382408210 -1.74540120654
-1.00000000000 0.00000000000 2.51562500000 0.00125000000 0.69407480664 -1.74603193544
-1.00000000000 0.00000000000 2.51562500000 0.00250000000 0.69433009034 -1.74667413351
-1.00000000000 0.00000000000 2.51562500000 0.00375000000 0.69458994007 -1.74732781799
-1.00000000000 0.00000000000 2.51562500000 0.00500000000 0.69485436279 -1.74799300639
-1.00000000000 0.00000000000 2.51562500000 0.00625000000 0.69512336558 -1.74866971652
-1.00000000000 0.00000000000 2.51562500000 0.00750000000 0.69539695561 -1.74935796645
-1.00000000000 0.00000000000 2.51562500000 0.00875000000 0.69567514017 -1.75005777450
-1.00000000000 0.00000000000 2.53125000000 -0.01000000000 0.69199358399 -1.75160875949
-1.00000000000 0.00000000000 2.53125000000 -0.00875000000 0.69220660858 -1.75214797796
-1.00000000000 0.00000000000 2.53125000000 -0.00750000000 0.69242413176 -1.75269858352
-1.00000000000 0.00000000000 2.53125000000 -0.00625000000 0.69264615949 -1.75326059122
-1.00000000000 0.00000000000 2.53125000000 -0.00500000000 0.69287269784 -1.75383401640
-1.00000000000 0.00000000000 2.53125000000 -0.00375000000 0.69310375295 -1.75441887465
-1.00000000000 0.00000000000 2.53125000000 -0.00250000000 0.69333933110 -1.75501518184
-1.00000000000 0.00000000000 2.53125000000 -0.00125000000 0.69357943865 -1.75562295409
-1.00000000000 0.00000000000 2.53125000000 0.00000000000 0.69382408210 -1.75624220782
-1.00000000000 0.00000000000 2.53125000000 0.00125000000 0.69407326803 -1.75687295970
-1.00000000000 0.00000000000 2.53125000000 0.00250000000 0.69432700312 -1.75751522665
-1.00000000000 0.00000000000 2.53125000000 0.00375000000 0.69458529418 -1.75816902590
-1.00000000000 0.00000000000 2.53125000000 0.00500000000 0.69484814812 -1.75883437493
-1.00000000000 0.00000000000 2.53125000000 0.00625000000 0.69511557195 -1.75951129151
-1.00000000000 0.00000000000 2.53125000000 0.00750000000 0.69538757280 -1.76019979366
-1.00000000000 0.00000000000 2.53125000000 0.00875000000 0.69566415790 -1.76089989969
-1.00000000000 0.00000000000 2.54687500000 -0.01000000000 0.69200539302 -1.76245123535
-1.00000000000 0.00000000000 2.54687500000 -0.00875000000 0.69221697489 -1.76299010793
-1.00000000000 0.00000000000 2.54687500000 -0.00750000000 0.69243304592 -1.76354041383
-1.00000000000 0.00000000000 2.54687500000 -0.00625000000 0.69265361200 -1.76410216807
-1.00000000000 0.00000000000 2.54687500000 -0.00500000000 0.69287867915 -1.76467538595
-1.00000000000 0.00000000000 2.54687500000 -0.00375000000 0.69310825346 -1.76526008303
-1.00000000000 0.00000000000 2.54687500000 -0.00250000000 0.69334234116 -1.76585627514
-1.00000000000 0.00000000000 2.54687500000 -0.00125000000 0.69358094857 -1.76646397838
-1.00000000000 0.00000000000 2.54687500000 0.00000000000 0.69382408210 -1.76708320911
-1.00000000000 0.00000000000 2.54687500000 0.00125000000 0.69407174831 -1.76771398397
-1.00000000000 0.00000000000 2.54687500000 0.00250000000 0.69432395381 -1.76835631986
-1.00000000000 0.00000000000 2.54687500000 0.00375000000 0.69458070537 -1.76901023398
-1.00000000000 0.00000000000 2.54687500000 0.00500000000 0.69484200982 -1.76967574376
-1.00000000000 0.00000000000 2.54687500000 0.00625000000 0.69510787414 -1.77035286694
-1.00000000000 0.00000000000 2.54687500000 0.00750000000 0.69537830538 -1.77104162152
-1.00000000000 0.00000000000 2.54687500000 0.00875000000 0.69565331073 -1.77174202577
-1.00000000000 0.00000000000 2.56250000000 -0.01000000000 0.69201705845 -1.77329371229
-1.00000000000 0.00000000000 2.56250000000 -0.00875000000 0.69222721511 -1.77383223873
-1.00000000000 0.00000000000 2.56250000000 -0.00750000000 0.69244185161 -1.77438224475
-1.00000000000 0.00000000000 2.56250000000 -0.00625000000 0.69266097379 -1.77494374534
-1.00000000000 0.00000000000 2.56250000000 -0.00500000000 0.69288458762 -1.77551675577
-1.00000000000 0.00000000000 2.56250000000 -0.00375000000 0.69311269915 -1.77610129157
-1.00000000000 0.00000000000 2.56250000000 -0.00250000000 0.69334531454 -1.77669736851
-1.00000000000 0.00000000000 2.56250000000 -0.00125000000 0.69358244007 -1.77730500268
-1.00000000000 0.00000000000 2.56250000000 0.00000000000 0.69382408210 -1.77792421039
-1.00000000000 0.00000000000 2.56250000000 0.00125000000 0.69407024712 -1.77855500826
-1.00000000000 0.00000000000 2.56250000000 0.00250000000 0.69432094172 -1.77919741315
-1.00000000000 0.00000000000 2.56250000000 0.00375000000 0.69457617257 -1.77985144221
-1.00000000000 0.00000000000 2.56250000000 0.00500000000 0.69483594649 -1.78051711287
-1.00000000000 0.00000000000 2.56250000000 0.00625000000 0.69510027037 -1.78119444282
-1.00000000000 0.00000000000 2.56250000000 0.00750000000 0.69536915123 -1.78188345002
-1.00000000000 0.00000000000 2.56250000000 0.00875000000 0.69564259619 -1.78258415273
-1.00000000000 0.00000000000 2.57812500000 -0.01000000000 0.69202858289 -1.78413619027
-1.00000000000 0.00000000000 2.57812500000 -0.00875000000 0.69223733152 -1.78467437033
-1.00000000000 0.00000000000 2.57812500000 -0.00750000000 0.69245055079 -1.78522407626
-1.00000000000 0.00000000000 2.57812500000 -0.00625000000 0.69266824651 -1.78578532303
-1.00000000000 0.00000000000 2.57812500000 -0.00500000000 0.69289042458 -1.78635812587
-1.00000000000 0.00000000000 2.57812500000 -0.00375000000 0.69311709101 -1.78694250025
-1.00000000000 0.00000000000 2.57812500000 -0.00250000000 0.69334825191 -1.78753846195
-1.00000000000 0.00000000000 2.57812500000 -0.00125000000 0.69358391350 -1.78814602699
-1.00000000000 0.00000000000 2.57812500000 0.00000000000 0.69382408210 -1.78876521167
-1.00000000000 0.00000000000 2.57812500000 0.00125000000 0.69406876415 -1.78939603256
-1.00000000000 0.00000000000 2.57812500000 0.00250000000 0.69431796616 -1.79003850650
-1.00000000000 0.00000000000 2.57812500000 0.00375000000 0.69457169478 -1.79069265060
-1.00000000000 0.00000000000 2.57812500000 0.00500000000 0.69482995675 -1.79135848226
-1.00000000000 0.00000000000 2.57812500000 0.00625000000 0.69509275893 -1.79203601913
-1.00000000000 0.00000000000 2.57812500000 0.00750000000 0.69536010828 -1.79272527915
-1.00000000000 0.00000000000 2.57812500000 0.00875000000 0.69563201185 -1.79342628054
-1.00000000000 0.00000000000 2.59375000000 -0.01000000000 0.69203996888 -1.79497866930
-1.00000000000 0.00000000000 2.59375000000 -0.00875000000 0.69224732635 -1.79551650272
-1.00000000000 0.00000000000 2.59375000000 -0.00750000000 0.69245914539 -1.79606590836
-1.00000000000 0.00000000000 2.59375000000 -0.00625000000 0.69267543176 -1.79662690113
-1.00000000000 0.00000000000 2.59375000000 -0.00500000000 0.69289619131 -1.79719949622
-1.00000000000 0.00000000000 2.59375000000 -0.00375000000 0.69312143001 -1.79778370909
-1.00000000000 0.00000000000 2.59375000000 -0.00250000000 0.69335115391 -1.79837955546
-1.00000000000 0.00000000000 2.59375000000 -0.00125000000 0.69358536919 -1.79898705133
-1.00000000000 0.00000000000 2.59375000000 0.00000000000 0.69382408210 -1.79960621296
-1.00000000000 0.00000000000 2.59375000000 0.00125000000 0.69406729904 -1.80023705688
-1.00000000000 0.00000000000 2.59375000000 0.00250000000 0.69431502647 -1.80087959992
-1.00000000000 0.00000000000 2.59375000000 0.00375000000 0.69456727100 -1.80153385914
-1.00000000000 0.00000000000 2.59375000000 0.00500000000 0.69482403929 -1.80219985191
-1.00000000000 0.00000000000 2.59375000000 0.00625000000 0.69508533816 -1.80287759586
-1.00000000000 0.00000000000 2.59375000000 0.00750000000 0.69535117451 -1.80356710890
-1.00000000000 0.00000000000 2.59375000000 0.00875000000 0.69562155535 -1.80426840920
-1.00000000000 0.00000000000 2.60937500000 -0.01000000000 0.69205121890 -1.80582114933
-1.00000000000 0.00000000000 2.60937500000 -0.00875000000 0.69225720178 -1.80635863590
-1.00000000000 0.00000000000 2.60937500000 -0.00750000000 0.69246763728 -1.80690774104
-1.00000000000 0.00000000000 2.60937500000 -0.00625000000 0.69268253112 -1.80746847963
-1.00000000000 0.00000000000 2.60937500000 -0.00500000000 0.69290188909 -1.80804086684
-1.00000000000 0.00000000000 2.60937500000 -0.00375000000 0.69312571711 -1.80862491807
-1.00000000000 0.00000000000 2.60937500000 -0.00250000000 0.69335402119 -1.80922064903
-1.00000000000 0.00000000000 2.60937500000 -0.00125000000 0.69358680744 -1.80982807568
-1.00000000000 0.00000000000 2.60937500000 0.00000000000 0.69382408210 -1.81044721424
-1.00000000000 0.00000000000 2.60937500000 0.00125000000 0.69406585149 -1.81107808122
-1.00000000000 0.00000000000 2.60937500000 0.00250000000 0.69431212202 -1.81172069340
-1.00000000000 0.00000000000 2.60937500000 0.00375000000 0.69456290025 -1.81237506784
-1.00000000000 0.00000000000 2.60937500000 0.00500000000 0.69481819280 -1.81304122184
-1.00000000000 0.00000000000 2.60937500000 0.00625000000 0.69507800643 -1.81371917302
-1.00000000000 0.00000000000 2.60937500000 0.00750000000 0.69534234798 -1.81440893925
-1.00000000000 0.00000000000 2.60937500000 0.00875000000 0.69561122441 -1.81511053869
-1.00000000000 0.00000000000 2.62500000000 -0.01000000000 0.69206233538 -1.81666363036
-1.00000000000 0.00000000000 2.62500000000 -0.00875000000 0.69226695994 -1.81720076984
-1.00000000000 0.00000000000 2.62500000000 -0.00750000000 0.69247602830 -1.81774957428
-1.00000000000 0.00000000000 2.62500000000 -0.00625000000 0.69268954610 -1.81831005853
-1.00000000000 0.00000000000 2.62500000000 -0.00500000000 0.69290751912 -1.81888223770
-1.00000000000 0.00000000000 2.62500000000 -0.00375000000 0.69312995322 -1.81946612720
-1.00000000000 0.00000000000 2.62500000000 -0.00250000000 0.69335685435 -1.82006174267
-1.00000000000 0.00000000000 2.62500000000 -0.00125000000 0.69358822859 -1.82066910004
-1.00000000000 0.00000000000 2.62500000000 0.00000000000 0.69382408210 -1.82128821552
-1.00000000000 0.00000000000 2.62500000000 0.00125000000 0.69406442117 -1.82191910558
-1.00000000000 0.00000000000 2.62500000000 0.00250000000 0.69430925217 -1.82256178696
-1.00000000000 0.00000000000 2.62500000000 0.00375000000 0.69455858159 -1.82321627667
-1.00000000000 0.00000000000 2.62500000000 0.00500000000 0.69481241601 -1.82388259203
-1.00000000000 0.00000000000 2.62500000000 0.00625000000 0.69507076213 -1.82456075059
-1.00000000000 0.00000000000 2.62500000000 0.00750000000 0.69533362674 -1.82525077020
-1.00000000000 0.00000000000 2.62500000000 0.00875000000 0.69560101676 -1.82595266899
-1.00000000000 0.00000000000 2.64062500000 -0.01000000000 0.69207332066 -1.82750611237
-1.00000000000 0.00000000000 2.64062500000 -0.00875000000 0.69227660290 -1.82804290453
-1.00000000000 0.00000000000 2.64062500000 -0.00750000000 0.69248432022 -1.82859140807
-1.00000000000 0.00000000000 2.64062500000 -0.00625000000 0.69269647822 -1.82915163781
-1.00000000000 0.00000000000 2.64062500000 -0.00500000000 0.69291308263 -1.82972360882
-1.00000000000 0.00000000000 2.64062500000 -0.00375000000 0.69313413925 -1.83030733646
-1.00000000000 0.00000000000 2.64062500000 -0.00250000000 0.69335965401 -1.83090283636
-1.00000000000 0.00000000000 2.64062500000 -0.00125000000 0.69358963292 -1.83151012442
-1.00000000000 0.00000000000 2.64062500000 0.00000000000 0.69382408210 -1.83212921680
-1.00000000000 0.00000000000 2.64062500000 0.00125000000 0.69406300779 -1.83276012995
-1.00000000000 0.00000000000 2.64062500000 0.00250000000 0.69430641631 -1.83340288057
-1.00000000000 0.00000000000 2.64062500000 0.00375000000 0.69455431409 -1.83405748566
-1.00000000000 0.00000000000 2.64062500000 0.00500000000 0.69480670768 -1.83472396247
-1.00000000000 0.00000000000 2.64062500000 0.00625000000 0.69506360371 -1.83540232856
-1.00000000000 0.00000000000 2.64062500000 0.00750000000 0.69532500894 -1.83609260173
-1.00000000000 0.00000000000 2.64062500000 0.00875000000 0.69559093021 -1.83679480009
-1.00000000000 0.00000000000 2.65625000000 -0.01000000000 0.69208417707 -1.83834859534
-1.00000000000 0.00000000000 2.65625000000 -0.00875000000 0.69228613269 -1.83888503997
-1.00000000000 0.00000000000 2.65625000000 -0.00750000000 0.69249251479 -1.83943324242
-1.00000000000 0.00000000000 2.65625000000 -0.00625000000 0.69270332893 -1.83999321747
-1.00000000000 0.00000000000 2.65625000000 -0.00500000000 0.69291858077 -1.84056498018
-1.00000000000 0.00000000000 2.65625000000 -0.00375000000 0.69313827609 -1.84114854586
-1.00000000000 0.00000000000 2.65625000000 -0.00250000000 0.69336242075 -1.84174393012
-1.00000000000 0.00000000000 2.65625000000 -0.00125000000 0.69359102073 -1.84235114882
-1.00000000000 0.00000000000 2.65625000000 0.00000000000 0.69382408210 -1.84297021809
-1.00000000000 0.00000000000 2.65625000000 0.00125000000 0.69406161104 -1.84360115434
-1.00000000000 0.00000000000 2.65625000000 0.00250000000 0.69430361383 -1.84424397425
-1.00000000000 0.00000000000 2.65625000000 0.00375000000 0.69455009686 -1.84489869478
-1.00000000000 0.00000000000 2.65625000000 0.00500000000 0.69480106660 -1.84556533317
-1.00000000000 0.00000000000 2.65625000000 0.00625000000 0.69505652967 -1.84624390692
-1.00000000000 0.00000000000 2.65625000000 0.00750000000 0.69531649274 -1.84693443383
-1.00000000000 0.00000000000 2.65625000000 0.00875000000 0.69558096262 -1.84763693197
-1.00000000000 0.00000000000 2.67187500000 -0.01000000000 0.69209490686 -1.84919107925
-1.00000000000 0.00000000000 2.67187500000 -0.00875000000 0.69229555130 -1.84972717613
-1.00000000000 0.00000000000 2.67187500000 -0.00750000000 0.69250061372 -1.85027507729
-1.00000000000 0.00000000000 2.67187500000 -0.00625000000 0.69271009965 -1.85083479750
-1.00000000000 0.00000000000 2.67187500000 -0.00500000000 0.69292401470 -1.85140635178
-1.00000000000 0.00000000000 2.67187500000 -0.00375000000 0.69314236460 -1.85198975540
-1.00000000000 0.00000000000 2.67187500000 -0.00250000000 0.69336515516 -1.85258502394
-1.00000000000 0.00000000000 2.67187500000 -0.00125000000 0.69359239232 -1.85319217323
-1.00000000000 0.00000000000 2.67187500000 0.00000000000 0.69382408210 -1.85381121937
-1.00000000000 0.00000000000 2.67187500000 0.00125000000 0.69406023064 -1.85444217874
-1.00000000000 0.00000000000 2.67187500000 0.00250000000 0.69430084416 -1.85508506799
-1.00000000000 0.00000000000 2.67187500000 0.00375000000 0.69454592900 -1.85573990404
-1.00000000000 0.00000000000 2.67187500000 0.00500000000 0.69479549160 -1.85640670411
-1.00000000000 0.00000000000 2.67187500000 0.00625000000 0.69504953850 -1.85708548568
-1.00000000000 0.00000000000 2.67187500000 0.00750000000 0.69530807635 -1.85777626650
-1.00000000000 0.00000000000 2.67187500000 0.00875000000 0.69557111191 -1.85847906462
-1.00000000000 0.00000000000 2.68750000000 -0.01000000000 0.69210551222 -1.86003356410
-1.00000000000 0.00000000000 2.68750000000 -0.00875000000 0.69230486065 -1.86056931300
-1.00000000000 0.00000000000 2.68750000000 -0.00750000000 0.69250861868 -1.86111691269
-1.00000000000 0.00000000000 2.68750000000 -0.00625000000 0.69271679178 -1.86167637790
-1.00000000000 0.00000000000 2.68750000000 -0.00500000000 0.69292938553 -1.86224772361
-1.00000000000 0.00000000000 2.68750000000 -0.00375000000 0.69314640561 -1.86283096508
-1.00000000000 0.00000000000 2.68750000000 -0.00250000000 0.69336785780 -1.86342611782
-1.00000000000 0.00000000000 2.68750000000 -0.00125000000 0.69359374797 -1.86403319766
-1.00000000000 0.00000000000 2.68750000000 0.00000000000 0.69382408210 -1.86465222065
-1.00000000000 0.00000000000 2.68750000000 0.00125000000 0.69405886629 -1.86528320315
-1.00000000000 0.00000000000 2.68750000000 0.00250000000 0.69429810671 -1.86592616178
-1.00000000000 0.00000000000 2.68750000000 0.00375000000 0.69454180965 -1.86658111344
-1.00000000000 0.00000000000 2.68750000000 0.00500000000 0.69478998151 -1.86724807530
-1.00000000000 0.00000000000 2.68750000000 0.00625000000 0.69504262877 -1.86792706482
-1.00000000000 0.00000000000 2.68750000000 0.00750000000 0.69529975804 -1.86861809973
-1.00000000000 0.00000000000 2.68750000000 0.00875000000 0.69556137601 -1.86932119804
-1.00000000000 0.00000000000 2.70312500000 -0.01000000000 0.69211599532 -1.87087604985
-1.00000000000 0.00000000000 2.70312500000 -0.00875000000 0.69231406264 -1.87141145057
-1.00000000000 0.00000000000 2.70312500000 -0.00750000000 0.69251653128 -1.87195874862
-1.00000000000 0.00000000000 2.70312500000 -0.00625000000 0.69272340667 -1.87251795867
-1.00000000000 0.00000000000 2.70312500000 -0.00500000000 0.69293469436 -1.87308909568
-1.00000000000 0.00000000000 2.70312500000 -0.00375000000 0.69315039996 -1.87367217488
-1.00000000000 0.00000000000 2.70312500000 -0.00250000000 0.69337052921 -1.87426721176
-1.00000000000 0.00000000000 2.70312500000 -0.00125000000 0.69359508794 -1.87487422210
-1.00000000000 0.00000000000 2.70312500000 0.00000000000 0.69382408210 -1.87549322194
-1.00000000000 0.00000000000 2.70312500000 0.00125000000 0.69405751772 -1.87612422759
-1.00000000000 0.00000000000 2.70312500000 0.00250000000 0.69429540093 -1.87676725564
-1.00000000000 0.00000000000 2.70312500000 0.00375000000 0.69453773798 -1.87742232298
-1.00000000000 0.00000000000 2.70312500000 0.00500000000 0.69478453521 -1.87808944673
-1.00000000000 0.00000000000 2.70312500000 0.00625000000 0.69503579906 -1.87876864434
-1.00000000000 0.00000000000 2.70312500000 0.00750000000 0.69529153609 -1.87945993350
-1.00000000000 0.00000000000 2.70312500000 0.00875000000 0.69555175295 -1.88016333219
-1.00000000000 0.00000000000 2.71875000000 -0.01000000000 0.69212635825 -1.88171853650
-1.00000000000 0.00000000000 2.71875000000 -0.00875000000 0.69232315911 -1.88225358883
-1.00000000000 0.00000000000 2.71875000000 -0.00750000000 0.69252435312 -1.88280058504
-1.00000000000 0.00000000000 2.71875000000 -0.00625000000 0.69272994567 -1.88335953978
-1.00000000000 0.00000000000 2.71875000000 -0.00500000000 0.69293994224 -1.88393046797
-1.00000000000 0.00000000000 2.71875000000 -0.00375000000 0.69315434844 -1.88451338481
-1.00000000000 0.00000000000 2.71875000000 -0.00250000000 0.69337316993 -1.88510830576
-1.00000000000 0.00000000000 2.71875000000 -0.00125000000 0.69359641253 -1.88571524656
-1.00000000000 0.00000000000 2.71875000000 0.00000000000 0.69382408210 -1.88633422322
-1.00000000000 0.00000000000 2.71875000000 0.00125000000 0.69405618466 -1.88696525203
-1.00000000000 0.00000000000 2.71875000000 0.00250000000 0.69429272627 -1.88760834956
-1.00000000000 0.00000000000 2.71875000000 0.00375000000 0.69453371316 -1.88826353264
-1.00000000000 0.00000000000 2.71875000000 0.00500000000 0.69477915160 -1.88893081840
-1.00000000000 0.00000000000 2.71875000000 0.00625000000 0.69502904799 -1.88961022423
-1.00000000000 0.00000000000 2.71875000000 0.00750000000 0.69528340885 -1.89030176780
-1.00000000000 0.00000000000 2.71875000000 0.00875000000 0.69554224076 -1.89100546708
-1.00000000000 0.00000000000 2.73437500000 -0.01000000000 0.69213660307 -1.89256102403
-1.00000000000 0.00000000000 2.73437500000 -0.00875000000 0.69233215187 -1.89309572777
-1.00000000000 0.00000000000 2.73437500000 -0.00750000000 0.69253208575 -1.89364242197
-1.00000000000 0.00000000000 2.73437500000 -0.00625000000 0.69273641006 -1.89420112125
-1.00000000000 0.00000000000 2.73437500000 -0.00500000000 0.69294513024 -1.89477184049
-1.00000000000 0.00000000000 2.73437500000 -0.00375000000 0.69315825184 -1.89535459487
-1.00000000000 0.00000000000 2.73437500000 -0.00250000000 0.69337578050 -1.89594939981
-1.00000000000 0.00000000000 2.73437500000 -0.00125000000 0.69359772198 -1.89655627103
-1.00000000000 0.00000000000 2.73437500000 0.00000000000 0.69382408210 -1.89717522450
-1.00000000000 0.00000000000 2.73437500000 0.00125000000 0.69405486683 -1.89780627649
-1.00000000000 0.00000000000 2.73437500000 0.00250000000 0.69429008221 -1.89844944353
-1.00000000000 0.00000000000 2.73437500000 0.00375000000 0.69452973438 -1.89910474244
-1.00000000000 0.00000000000 2.73437500000 0.00500000000 0.69477382959 -1.89977219030
-1.00000000000 0.00000000000 2.73437500000 0.00625000000 0.69502237421 -1.90045180448
-1.00000000000 0.00000000000 2.73437500000 0.00750000000 0.69527537468 -1.90114360263
-1.00000000000 0.00000000000 2.73437500000 0.00875000000 0.69553283755 -1.90184760269
-1.00000000000 0.00000000000 2.75000000000 -0.01000000000 0.69214673179 -1.90340351243
-1.00000000000 0.00000000000 2.75000000000 -0.00875000000 0.69234104268 -1.90393786738
-1.00000000000 0.00000000000 2.75000000000 -0.00750000000 0.69253973069 -1.90448425939
-1.00000000000 0.00000000000 2.75000000000 -0.00625000000 0.69274280111 -1.90504270306
-1.00000000000 0.00000000000 2.75000000000 -0.00500000000 0.69295025936 -1.90561321323
-1.00000000000 0.00000000000 2.75000000000 -0.00375000000 0.69316211093 -1.90619580505
-1.00000000000 0.00000000000 2.75000000000 -0.00250000000 0.69337836142 -1.90679049392
-1.00000000000 0.00000000000 2.75000000000 -0.00125000000 0.69359901655 -1.90739729551
-1.00000000000 0.00000000000 2.75000000000 0.00000000000 0.69382408210 -1.90801622578
-1.00000000000 0.00000000000 2.75000000000 0.00125000000 0.69405356399 -1.90864730097
-1.00000000000 0.00000000000 2.75000000000 0.00250000000 0.69428746821 -1.90929053757
-1.00000000000 0.00000000000 2.75000000000 0.00375000000 0.69452580086 -1.90994595236
-1.00000000000 0.00000000000 2.75000000000 0.00500000000 0.69476856815 -1.91061356242
-1.00000000000 0.00000000000 2.75000000000 0.00625000000 0.69501577639 -1.91129338509
-1.00000000000 0.00000000000 2.75000000000 0.00750000000 0.69526743199 -1.91198543798
-1.00000000000 0.00000000000 2.75000000000 0.00875000000 0.69552354145 -1.91268973900
-1.00000000000 0.00000000000 2.76562500000 -0.01000000000 0.69215674637 -1.91424600168
-1.00000000000 0.00000000000 2.76562500000 -0.00875000000 0.69234983327 -1.91478000764
-1.00000000000 0.00000000000 2.76562500000 -0.00750000000 0.69254728942 -1.91532609729
-1.00000000000 0.00000000000 2.76562500000 -0.00625000000 0.69274912007 -1.91588428520
-1.00000000000 0.00000000000 2.76562500000 -0.00500000000 0.69295533060 -1.91645458619
-1.00000000000 0.00000000000 2.76562500000 -0.00375000000 0.69316592646 -1.91703701536
-1.00000000000 0.00000000000 2.76562500000 -0.00250000000 0.69338091320 -1.91763158808
-1.00000000000 0.00000000000 2.76562500000 -0.00125000000 0.69360029650 -1.91823832001
-1.00000000000 0.00000000000 2.76562500000 0.00000000000 0.69382408210 -1.91885722707
-1.00000000000 0.00000000000 2.76562500000 0.00125000000 0.69405227587 -1.91948832546
-1.00000000000 0.00000000000 2.76562500000 0.00250000000 0.69428488376 -1.92013163165
-1.00000000000 0.00000000000 2.76562500000 0.00375000000 0.69452191183 -1.92078716241
-1.00000000000 0.00000000000 2.76562500000 0.00500000000 0.69476336624 -1.92145493477
-1.00000000000 0.00000000000 2.76562500000 0.00625000000 0.69500925326 -1.92213496605
-1.00000000000 0.00000000000 2.76562500000 0.00750000000 0.69525957924 -1.92282727383
-1.00000000000 0.00000000000 2.76562500000 0.00875000000 0.69551435065 -1.92353187601
-1.00000000000 0.00000000000 2.78125000000 -0.01000000000 0.69216664872 -1.92508849176
-1.00000000000 0.00000000000 2.78125000000 -0.00875000000 0.69235852532 -1.92562214854
-1.00000000000 0.00000000000 2.78125000000 -0.00750000000 0.69255476339 -1.92616793567
-1.00000000000 0.00000000000 2.78125000000 -0.00625000000 0.69275536815 -1.92672586768
-1.00000000000 0.00000000000 2.78125000000 -0.00500000000 0.69296034494 -1.92729595936
-1.00000000000 0.00000000000 2.78125000000 -0.00375000000 0.69316969916 -1.92787822578
-1.00000000000 0.00000000000 2.78125000000 -0.00250000000 0.69338343633 -1.92847268230
-1.00000000000 0.00000000000 2.78125000000 -0.00125000000 0.69360156207 -1.92907934452
-1.00000000000 0.00000000000 2.78125000000 0.00000000000 0.69382408210 -1.92969822835
-1.00000000000 0.00000000000 2.78125000000 0.00125000000 0.69405100223 -1.93032934996
-1.00000000000 0.00000000000 2.78125000000 0.00250000000 0.69428232837 -1.93097272579
-1.00000000000 0.00000000000 2.78125000000 0.00375000000 0.69451806655 -1.93162837258
-1.00000000000 0.00000000000 2.78125000000 0.00500000000 0.69475822286 -1.93229630734
-1.00000000000 0.00000000000 2.78125000000 0.00625000000 0.69500280354 -1.93297654735
-1.00000000000 0.00000000000 2.78125000000 0.00750000000 0.69525181490 -1.93366911018
-1.00000000000 0.00000000000 2.78125000000 0.00875000000 0.69550526335 -1.93437401370
-1.00000000000 0.00000000000 2.79687500000 -0.01000000000 0.69217644073 -1.93593098267
-1.00000000000 0.00000000000 2.79687500000 -0.00875000000 0.69236712047 -1.93646429008
-1.00000000000 0.00000000000 2.79687500000 -0.00750000000 0.69256215402 -1.93700977452
-1.00000000000 0.00000000000 2.79687500000 -0.00625000000 0.69276154654 -1.93756745048
-1.00000000000 0.00000000000 2.79687500000 -0.00500000000 0.69296530332 -1.93813733273
-1.00000000000 0.00000000000 2.79687500000 -0.00375000000 0.69317342975 -1.93871943633
-1.00000000000 0.00000000000 2.79687500000 -0.00250000000 0.69338593129 -1.93931377656
-1.00000000000 0.00000000000 2.79687500000 -0.00125000000 0.69360281351 -1.93992036905
-1.00000000000 0.00000000000 2.79687500000 0.00000000000 0.69382408210 -1.94053922963
-1.00000000000 0.00000000000 2.79687500000 0.00125000000 0.69404974283 -1.94117037447
-1.00000000000 0.00000000000 2.79687500000 0.00250000000 0.69427980156 -1.94181381999
-1.00000000000 0.00000000000 2.79687500000 0.00375000000 0.69451426427 -1.94246958288
-1.00000000000 0.00000000000 2.79687500000 0.00500000000 0.69475313703 -1.94313768013
-1.00000000000 0.00000000000 2.79687500000 0.00625000000 0.69499642601 -1.94381812899
-1.00000000000 0.00000000000 2.79687500000 0.00750000000 0.69524413749 -1.94451094703
-1.00000000000 0.00000000000 2.79687500000 0.00875000000 0.69549627783 -1.94521615206
-1.00000000000 0.00000000000 2.81250000000 -0.01000000000 0.69218612423 -1.94677347439
-1.00000000000 0.00000000000 2.81250000000 -0.00875000000 0.69237562035 -1.94730643224
-1.00000000000 0.00000000000 2.81250000000 -0.00750000000 0.69256946269 -1.94785161382
-1.00000000000 0.00000000000 2.81250000000 -0.00625000000 0.69276765639 -1.94840903360
-1.00000000000 0.00000000000 2.81250000000 -0.00500000000 0.69297020669 -1.94897870632
-1.00000000000 0.00000000000 2.81250000000 -0.00375000000 0.69317711893 -1.94956064698
-1.00000000000 0.00000000000 2.81250000000 -0.00250000000 0.69338839854 -1.95015487089
-1.00000000000 0.00000000000 2.81250000000 -0.00125000000 0.69360405105 -1.95076139358
-1.00000000000 0.00000000000 2.81250000000 0.00000000000 0.69382408210 -1.95138023092
-1.00000000000 0.00000000000 2.81250000000 0.00125000000 0.69404849742 -1.95201139900
-1.00000000000 0.00000000000 2.81250000000 0.00250000000 0.69427730284 -1.95265491423
-1.00000000000 0.00000000000 2.81250000000 0.00375000000 0.69451050428 -1.95331079329
-1.00000000000 0.00000000000 2.81250000000 0.00500000000 0.69474810778 -1.95397905312
-1.00000000000 0.00000000000 2.81250000000 0.00625000000 0.69499011946 -1.95465971097
-1.00000000000 0.00000000000 2.81250000000 0.00750000000 0.69523654555 -1.95535278436
-1.00000000000 0.00000000000 2.81250000000 0.00875000000 0.69548739238 -1.95605829108
-1.00000000000 0.00000000000 2.82812500000 -0.01000000000 0.69219570100 -1.95761596690
-1.00000000000 0.00000000000 2.82812500000 -0.00875000000 0.69238402652 -1.95814857501
-1.00000000000 0.00000000000 2.82812500000 -0.00750000000 0.69257669077 -1.95869345357
-1.00000000000 0.00000000000 2.82812500000 -0.00625000000 0.69277369884 -1.95925061704
-1.00000000000 0.00000000000 2.82812500000 -0.00500000000 0.69297505595 -1.95982008010
-1.00000000000 0.00000000000 2.82812500000 -0.00375000000 0.69318076738 -1.96040185776
-1.00000000000 0.00000000000 2.82812500000 -0.00250000000 0.69339083854 -1.96099596526
-1.00000000000 0.00000000000 2.82812500000 -0.00125000000 0.69360527492 -1.96160241813
-1.00000000000 0.00000000000 2.82812500000 0.00000000000 0.69382408210 -1.96222123220
-1.00000000000 0.00000000000 2.82812500000 0.00125000000 0.69404726578 -1.96285242354
-1.00000000000 0.00000000000 2.82812500000 0.00250000000 0.69427483175 -1.96349600853
-1.00000000000 0.00000000000 2.82812500000 0.00375000000 0.69450678588 -1.96415200382
-1.00000000000 0.00000000000 2.82812500000 0.00500000000 0.69474313417 -1.96482042633
-1.00000000000 0.00000000000 2.82812500000 0.00625000000 0.69498388271 -1.96550129328
-1.00000000000 0.00000000000 2.82812500000 0.00750000000 0.69522903767 -1.96619462216
-1.00000000000 0.00000000000 2.82812500000 0.00875000000 0.69547860535 -1.96690043075
-1.00000000000 0.00000000000 2.84375000000 -0.01000000000 0.69220517282 -1.96845846020
-1.00000000000 0.00000000000 2.84375000000 -0.00875000000 0.69239234053 -1.96899071838
-1.00000000000 0.00000000000 2.84375000000 -0.00750000000 0.69258383957 -1.96953529377
-1.00000000000 0.00000000000 2.84375000000 -0.00625000000 0.69277967500 -1.97009220078
-1.00000000000 0.00000000000 2.84375000000 -0.00500000000 0.69297985199 -1.97066145409
-1.00000000000 0.00000000000 2.84375000000 -0.00375000000 0.69318437579 -1.97124306864
-1.00000000000 0.00000000000 2.84375000000 -0.00250000000 0.69339325176 -1.97183705968
-1.00000000000 0.00000000000 2.84375000000 -0.00125000000 0.69360648534 -1.97244344270
-1.00000000000 0.00000000000 2.84375000000 0.00000000000 0.69382408210 -1.97306223348
-1.00000000000 0.00000000000 2.84375000000 0.00125000000 0.69404604768 -1.97369344810
-1.00000000000 0.00000000000 2.84375000000 0.00250000000 0.69427238783 -1.97433710288
-1.00000000000 0.00000000000 2.84375000000 0.00375000000 0.69450310838 -1.97499321447
-1.00000000000 0.00000000000 2.84375000000 0.00500000000 0.69473821530 -1.97566179975
-1.00000000000 0.00000000000 2.84375000000 0.00625000000 0.69497771461 -1.97634287591
-1.00000000000 0.00000000000 2.84375000000 0.00750000000 0.69522161246 -1.97703646043
-1.00000000000 0.00000000000 2.84375000000 0.00875000000 0.69546991510 -1.97774257106
-1.00000000000 0.00000000000 2.85937500000 -0.01000000000 0.69221454138 -1.97930095427
-1.00000000000 0.00000000000 2.85937500000 -0.00875000000 0.69240056388 -1.97983286234
-1.00000000000 0.00000000000 2.85937500000 -0.00750000000 0.69259091039 -1.98037713441
-1.00000000000 0.00000000000 2.85937500000 -0.00625000000 0.69278558595 -1.98093378483
-1.00000000000 0.00000000000 2.85937500000 -0.00500000000 0.69298459568 -1.98150282827
-1.00000000000 0.00000000000 2.85937500000 -0.00375000000 0.69318794479 -1.98208427964
-1.00000000000 0.00000000000 2.85937500000 -0.00250000000 0.69339563861 -1.98267815415
-1.00000000000 0.00000000000 2.85937500000 -0.00125000000 0.69360768254 -1.98328446727
-1.00000000000 0.00000000000 2.85937500000 0.00000000000 0.69382408210 -1.98390323476
-1.00000000000 0.00000000000 2.85937500000 0.00125000000 0.69404484290 -1.98453447266
-1.00000000000 0.00000000000 2.85937500000 0.00250000000 0.69426997064 -1.98517819728
-1.00000000000 0.00000000000 2.85937500000 0.00375000000 0.69449947112 -1.98583442522
-1.00000000000 0.00000000000 2.85937500000 0.00500000000 0.69473335025 -1.98650317336
-1.00000000000 0.00000000000 2.85937500000 0.00625000000 0.69497161403 -1.98718445886
-1.00000000000 0.00000000000 2.85937500000 0.00750000000 0.69521426856 -1.98787829916
-1.00000000000 0.00000000000 2.85937500000 0.00875000000 0.69546132004 -1.98858471199
-1.00000000000 0.00000000000 2.87500000000 -0.01000000000 0.69222380838 -1.99014344909
-1.00000000000 0.00000000000 2.87500000000 -0.00875000000 0.69240869805 -1.99067500689
-1.00000000000 0.00000000000 2.87500000000 -0.00750000000 0.69259790451 -1.99121897547
-1.00000000000 0.00000000000 2.87500000000 -0.00625000000 0.69279143276 -1.99177536918
-1.00000000000 0.00000000000 2.87500000000 -0.00500000000 0.69298928788 -1.99234420264
-1.00000000000 0.00000000000 2.87500000000 -0.00375000000 0.69319147504 -1.99292549075
-1.00000000000 0.00000000000 2.87500000000 -0.00250000000 0.69339799954 -1.99351924867
-1.00000000000 0.00000000000 2.87500000000 -0.00125000000 0.69360886673 -1.99412549186
-1.00000000000 0.00000000000 2.87500000000 0.00000000000 0.69382408210 -1.99474423605
-1.00000000000 0.00000000000 2.87500000000 0.00125000000 0.69404365121 -1.99537549724
-1.00000000000 0.00000000000 2.87500000000 0.00250000000 0.69426757973 -1.99601929173
-1.00000000000 0.00000000000 2.87500000000 0.00375000000 0.69449587342 -1.99667563609
-1.00000000000 0.00000000000 2.87500000000 0.00500000000 0.69472853815 -1.99734454718
-1.00000000000 0.00000000000 2.87500000000 0.00625000000 0.69496557987 -1.99802604212
-1.00000000000 0.00000000000 2.87500000000 0.00750000000 0.69520700464 -1.99872013834
-1.00000000000 0.00000000000 2.87500000000 0.00875000000 0.69545281863 -1.99942685355
-1.00000000000 0.00000000000 2.89062500000 -0.01000000000 0.69223297545 -2.00098594466
-1.00000000000 0.00000000000 2.89062500000 -0.00875000000 0.69241674448 -2.00151715201
-1.00000000000 0.00000000000 2.89062500000 -0.00750000000 0.69260482316 -2.00206081696
-1.00000000000 0.00000000000 2.89062500000 -0.00625000000 0.69279721646 -2.00261695383
-1.00000000000 0.00000000000 2.89062500000 -0.00500000000 0.69299392941 -2.00318557721
-1.00000000000 0.00000000000 2.89062500000 -0.00375000000 0.69319496716 -2.00376670196
-1.00000000000 0.00000000000 2.89062500000 -0.00250000000 0.69340033496 -2.00436034324
-1.00000000000 0.00000000000 2.89062500000 -0.00125000000 0.69361003813 -2.00496651646
-1.00000000000 0.00000000000 2.89062500000 0.00000000000 0.69382408210 -2.00558523733
-1.00000000000 0.00000000000 2.89062500000 0.00125000000 0.69404247242 -2.00621652183
-1.00000000000 0.00000000000 2.89062500000 0.00250000000 0.69426521470 -2.00686038623
-1.00000000000 0.00000000000 2.89062500000 0.00375000000 0.69449231466 -2.00751684707
-1.00000000000 0.00000000000 2.89062500000 0.00500000000 0.69472377814 -2.00818592119
-1.00000000000 0.00000000000 2.89062500000 0.00625000000 0.69495961105 -2.00886762569
-1.00000000000 0.00000000000 2.89062500000 0.00750000000 0.69519981940 -2.00956197797
-1.00000000000 0.00000000000 2.89062500000 0.00875000000 0.69544440933 -2.01026899571
-1.00000000000 0.00000000000 2.90625000000 -0.01000000000 0.69224204420 -2.01182844096
-1.00000000000 0.00000000000 2.90625000000 -0.00875000000 0.69242470458 -2.01235929769
-1.00000000000 0.00000000000 2.90625000000 -0.00750000000 0.69261166757 -2.01290265886
-1.00000000000 0.00000000000 2.90625000000 -0.00625000000 0.69280293807 -2.01345853876
-1.00000000000 0.00000000000 2.90625000000 -0.00500000000 0.69299852110 -2.01402695195
-1.00000000000 0.00000000000 2.90625000000 -0.00375000000 0.69319842177 -2.01460791328
-1.00000000000 0.00000000000 2.90625000000 -0.00250000000 0.69340264528 -2.01520143785
-1.00000000000 0.00000000000 2.90625000000 -0.00125000000 0.69361119693 -2.01580754107
-1.00000000000 0.00000000000 2.90625000000 0.00000000000 0.69382408210 -2.01642623861
-1.00000000000 0.00000000000 2.90625000000 0.00125000000 0.69404130630 -2.01705754644
-1.00000000000 0.00000000000 2.90625000000 0.00250000000 0.69426287511 -2.01770148078
-1.00000000000 0.00000000000 2.90625000000 0.00375000000 0.69448879421 -2.01835805816
-1.00000000000 0.00000000000 2.90625000000 0.00500000000 0.69471906938 -2.01902729539
-1.00000000000 0.00000000000 2.90625000000 0.00625000000 0.69495370651 -2.01970920956
-1.00000000000 0.00000000000 2.90625000000 0.00750000000 0.69519271158 -2.02040381803
-1.00000000000 0.00000000000 2.90625000000 0.00875000000 0.69543609066 -2.02111113847
-1.00000000000 0.00000000000 2.92187500000 -0.01000000000 0.69225101621 -2.02267093798
-1.00000000000 0.00000000000 2.92187500000 -0.00875000000 0.69243257974 -2.02320144393
-1.00000000000 0.00000000000 2.92187500000 -0.00750000000 0.69261843890 -2.02374450117
-1.00000000000 0.00000000000 2.92187500000 -0.00625000000 0.69280859858 -2.02430012398
-1.00000000000 0.00000000000 2.92187500000 -0.00500000000 0.69300306375 -2.02486832689
-1.00000000000 0.00000000000 2.92187500000 -0.00375000000 0.69320183947 -2.02544912470
-1.00000000000 0.00000000000 2.92187500000 -0.00250000000 0.69340493091 -2.02604253251
-1.00000000000 0.00000000000 2.92187500000 -0.00125000000 0.69361234334 -2.02664856569
-1.00000000000 0.00000000000 2.92187500000 0.00000000000 0.69382408210 -2.02726723990
-1.00000000000 0.00000000000 2.92187500000 0.00125000000 0.69404015266 -2.02789857105
-1.00000000000 0.00000000000 2.92187500000 0.00250000000 0.69426056056 -2.02854257537
-1.00000000000 0.00000000000 2.92187500000 0.00375000000 0.69448531144 -2.02919926936
-1.00000000000 0.00000000000 2.92187500000 0.00500000000 0.69471441105 -2.02986866978
-1.00000000000 0.00000000000 2.92187500000 0.00625000000 0.69494786523 -2.03055079372
-1.00000000000 0.00000000000 2.92187500000 0.00750000000 0.69518567992 -2.03124565852
-1.00000000000 0.00000000000 2.92187500000 0.00875000000 0.69542786116 -2.03195328182
-1.00000000000 0.00000000000 2.93750000000 -0.01000000000 0.69225989301 -2.03351343572
-1.00000000000 0.00000000000 2.93750000000 -0.00875000000 0.69244037131 -2.03404359071
-1.00000000000 0.00000000000 2.93750000000 -0.00750000000 0.69262513835 -2.03458634389
-1.00000000000 0.00000000000 2.93750000000 -0.00625000000 0.69281419897 -2.03514170948
-1.00000000000 0.00000000000 2.93750000000 -0.00500000000 0.69300755813 -2.03570970200
-1.00000000000 0.00000000000 2.93750000000 -0.00375000000 0.69320522084 -2.03629033622
-1.00000000000 0.00000000000 2.93750000000 -0.00250000000 0.69340719224 -2.03688362722
-1.00000000000 0.00000000000 2.93750000000 -0.00125000000 0.69361347756 -2.03748959033
-1.00000000000 0.00000000000 2.93750000000 0.00000000000 0.69382408210 -2.03810824118
-1.00000000000 0.00000000000 2.93750000000 0.00125000000 0.69403901129 -2.03873959568
-1.00000000000 0.00000000000 2.93750000000 0.00250000000 0.69425827064 -2.03938367001
-1.00000000000 0.00000000000 2.93750000000 0.00375000000 0.69448186575 -2.04004048066
-1.00000000000 0.00000000000 2.93750000000 0.00500000000 0.69470980234 -2.04071004436
-1.00000000000 0.00000000000 2.93750000000 0.00625000000 0.69494208619 -2.04139237818
-1.00000000000 0.00000000000 2.93750000000 0.00750000000 0.69517872321 -2.04208749944
-1.00000000000 0.00000000000 2.93750000000 0.00875000000 0.69541971940 -2.04279542575
-1.00000000000 0.00000000000 2.95312500000 -0.01000000000 0.69226867611 -2.04435593415
-1.00000000000 0.00000000000 2.95312500000 -0.00875000000 0.69244808060 -2.04488573803
-1.00000000000 0.00000000000 2.95312500000 -0.00750000000 0.69263176703 -2.04542818700
-1.00000000000 0.00000000000 2.95312500000 -0.00625000000 0.69281974019 -2.04598329526
-1.00000000000 0.00000000000 2.95312500000 -0.00500000000 0.69301200501 -2.04655107729
-1.00000000000 0.00000000000 2.95312500000 -0.00375000000 0.69320856647 -2.04713154785
-1.00000000000 0.00000000000 2.95312500000 -0.00250000000 0.69340942966 -2.04772472197
-1.00000000000 0.00000000000 2.95312500000 -0.00125000000 0.69361459978 -2.04833061497
-1.00000000000 0.00000000000 2.95312500000 0.00000000000 0.69382408210 -2.04894924246
-1.00000000000 0.00000000000 2.95312500000 0.00125000000 0.69403788201 -2.04958062031
-1.00000000000 0.00000000000 2.95312500000 0.00250000000 0.69425600498 -2.05022476470
-1.00000000000 0.00000000000 2.95312500000 0.00375000000 0.69447845657 -2.05088169206
-1.00000000000 0.00000000000 2.95312500000 0.00500000000 0.69470524246 -2.05155141913
-1.00000000000 0.00000000000 2.95312500000 0.00625000000 0.69493636840 -2.05223396293
-1.00000000000 0.00000000000 2.95312500000 0.00750000000 0.69517184026 -2.05292934077
-1.00000000000 0.00000000000 2.95312500000 0.00875000000 0.69541166400 -2.05363757024
-1.00000000000 0.00000000000 2.96875000000 -0.01000000000 0.69227736700 -2.05519843327
-1.00000000000 0.00000000000 2.96875000000 -0.00875000000 0.69245570893 -2.05572788588
-1.00000000000 0.00000000000 2.96875000000 -0.00750000000 0.69263832606 -2.05627003050
-1.00000000000 0.00000000000 2.96875000000 -0.00625000000 0.69282522318 -2.05682488131
-1.00000000000 0.00000000000 2.96875000000 -0.00500000000 0.69301640514 -2.05739245276
-1.00000000000 0.00000000000 2.96875000000 -0.00375000000 0.69321187691 -2.05797275957
-1.00000000000 0.00000000000 2.96875000000 -0.00250000000 0.69341164354 -2.05856581676
-1.00000000000 0.00000000000 2.96875000000 -0.00125000000 0.69361571019 -2.05917163963
-1.00000000000 0.00000000000 2.96875000000 0.00000000000 0.69382408210 -2.05979024374
-1.00000000000 0.00000000000 2.96875000000 0.00125000000 0.69403676462 -2.06042164496
-1.00000000000 0.00000000000 2.96875000000 0.00250000000 0.69425376318 -2.06106585943
-1.00000000000 0.00000000000 2.96875000000 0.00375000000 0.69447508330 -2.06172290356
-1.00000000000 0.00000000000 2.96875000000 0.00500000000 0.69470073064 -2.06239279407
-1.00000000000 0.00000000000 2.96875000000 0.00625000000 0.69493071089 -2.06307554796
-1.00000000000 0.00000000000 2.96875000000 0.00750000000 0.69516502990 -2.06377118252
-1.00000000000 0.00000000000 2.96875000000 0.00875000000 0.69540369358 -2.06447971530
-1.00000000000 0.00000000000 2.98437500000 -0.01000000000 0.69228596710 -2.06604093307
-1.00000000000 0.00000000000 2.98437500000 -0.00875000000 0.69246325755 -2.06657003425
-1.00000000000 0.00000000000 2.98437500000 -0.00750000000 0.69264481655 -2.06711187439
-1.00000000000 0.00000000000 2.98437500000 -0.00625000000 0.69283064884 -2.06766646763
-1.00000000000 0.00000000000 2.98437500000 -0.00500000000 0.69302075925 -2.06823382839
-1.00000000000 0.00000000000 2.98437500000 -0.00375000000 0.69321515272 -2.06881397139
-1.00000000000 0.00000000000 2.98437500000 -0.00250000000 0.69341383425 -2.06940691160
-1.00000000000 0.00000000000 2.98437500000 -0.00125000000 0.69361680898 -2.07001266430
-1.00000000000 0.00000000000 2.98437500000 0.00000000000 0.69382408210 -2.07063124503
-1.00000000000 0.00000000000 2.98437500000 0.00125000000 0.69403565893 -2.07126266962
-1.00000000000 0.00000000000 2.98437500000 0.00250000000 0.69425154486 -2.07190695420
-1.00000000000 0.00000000000 2.98437500000 0.00375000000 0.69447174539 -2.07256411516
-1.00000000000 0.00000000000 2.98437500000 0.00500000000 0.69469626612 -2.07323416920
-1.00000000000 0.00000000000 2.98437500000 0.00625000000 0.69492511272 -2.07391713327
-1.00000000000 0.00000000000 2.98437500000 0.00750000000 0.69515829099 -2.07461302466
-1.00000000000 0.00000000000 2.98437500000 0.00875000000 0.69539580680 -2.07532186091
