-1.00000000000 0.00000000000 2.00000000000 -0.01000000000 0.69080579708 -1.38161159415
-1.00000000000 0.00000000000 2.00000000000 -0.00875000000 0.69108119229 -1.38216238458
-1.00000000000 0.00000000000 2.00000000000 -0.00750000000 0.69136150706 -1.38272301413
-1.00000000000 0.00000000000 2.00000000000 -0.00625000000 0.69164674971 -1.38329349943
-1.00000000000 0.00000000000 2.00000000000 -0.00500000000 0.69193692869 -1.38387385737
-1.00000000000 0.00000000000 2.00000000000 -0.00375000000 0.69223205256 -1.38446410511
-1.00000000000 0.00000000000 2.00000000000 -0.00250000000 0.69253213002 -1.38506426005
-1.00000000000 0.00000000000 2.00000000000 -0.00125000000 0.69283716992 -1.38567433984
-1.00000000000 0.00000000000 2.00000000000 0.00000000000 0.69314718121 -1.38629436241
-1.00000000000 0.00000000000 2.00000000000 0.00125000000 0.69346217297 -1.38692434594
-1.00000000000 0.00000000000 2.00000000000 0.00250000000 0.69378215444 -1.38756430887
-1.00000000000 0.00000000000 2.00000000000 0.00375000000 0.69410713496 -1.38821426991
-1.00000000000 0.00000000000 2.00000000000 0.00500000000 0.69443712401 -1.38887424802
-1.00000000000 0.00000000000 2.00000000000 0.00625000000 0.69477213122 -1.38954426243
-1.00000000000 0.00000000000 2.00000000000 0.00750000000 0.69511216632 -1.39022433264
-1.00000000000 0.00000000000 2.00000000000 0.00875000000 0.69545723921 -1.39091447843
-1.00000000000 0.00000000000 2.01562500000 -0.01000000000 0.69082465284 -1.39244344087
-1.00000000000 0.00000000000 2.01562500000 -0.00875000000 0.69109774762 -1.39299389755
-1.00000000000 0.00000000000 2.01562500000 -0.00750000000 0.69137574600 -1.39355423803
-1.00000000000 0.00000000000 2.01562500000 -0.00625000000 0.69165865620 -1.39412447890
-1.00000000000 0.00000000000 2.01562500000 -0.00500000000 0.69194648656 -1.39470463697
-1.00000000000 0.00000000000 2.01562500000 -0.00375000000 0.69223924557 -1.39529472936
-1.00000000000 0.00000000000 2.01562500000 -0.00250000000 0.69253694184 -1.39589477340
-1.00000000000 0.00000000000 2.01562500000 -0.00125000000 0.69283958410 -1.39650478670
-1.00000000000 0.00000000000 2.01562500000 0.00000000000 0.69314718121 -1.39712478712
-1.00000000000 0.00000000000 2.01562500000 0.00125000000 0.69345974216 -1.39775479278
-1.00000000000 0.00000000000 2.01562500000 0.00250000000 0.69377727607 -1.39839482208
-1.00000000000 0.00000000000 2.01562500000 0.00375000000 0.69409979220 -1.39904489365
-1.00000000000 0.00000000000 2.01562500000 0.00500000000 0.69442729992 -1.39970502641
-1.00000000000 0.00000000000 2.01562500000 0.00625000000 0.69475980876 -1.40037523953
-1.00000000000 0.00000000000 2.01562500000 0.00750000000 0.69509732835 -1.40105555246
-1.00000000000 0.00000000000 2.01562500000 0.00875000000 0.69543986848 -1.40174598491
-1.00000000000 0.00000000000 2.03125000000 -0.01000000000 0.69084321957 -1.40327528975
-1.00000000000 0.00000000000 2.03125000000 -0.00875000000 0.69111404907 -1.40382541218
-1.00000000000 0.00000000000 2.03125000000 -0.00750000000 0.69138976648 -1.40438546316
-1.00000000000 0.00000000000 2.03125000000 -0.00625000000 0.69167037992 -1.40495545922
-1.00000000000 0.00000000000 2.03125000000 -0.00500000000 0.69195589766 -1.40553541712
-1.00000000000 0.00000000000 2.03125000000 -0.00375000000 0.69224632808 -1.40612535392
-1.00000000000 0.00000000000 2.03125000000 -0.00250000000 0.69254167970 -1.40672528689
-1.00000000000 0.00000000000 2.03125000000 -0.00125000000 0.69284196115 -1.40733523359
-1.00000000000 0.00000000000 2.03125000000 0.00000000000 0.69314718121 -1.40795521182
-1.00000000000 0.00000000000 2.03125000000 0.00125000000 0.69345734875 -1.40858523966
-1.00000000000 0.00000000000 2.03125000000 0.00250000000 0.69377247282 -1.40922533542
-1.00000000000 0.00000000000 2.03125000000 0.00375000000 0.69409256256 -1.40987551771
-1.00000000000 0.00000000000 2.03125000000 0.00500000000 0.69441762726 -1.41053580537
-1.00000000000 0.00000000000 2.03125000000 0.00625000000 0.69474767632 -1.41120621753
-1.00000000000 0.00000000000 2.03125000000 0.00750000000 0.69508271930 -1.41188677357
-1.00000000000 0.00000000000 2.03125000000 0.00875000000 0.69542276586 -1.41257749316
-1.00000000000 0.00000000000 2.04687500000 -0.01000000000 0.69086150387 -1.41410714074
-1.00000000000 0.00000000000 2.04687500000 -0.00875000000 0.69113010244 -1.41465692843
-1.00000000000 0.00000000000 2.04687500000 -0.00750000000 0.69140357349 -1.41521668948
-1.00000000000 0.00000000000 2.04687500000 -0.00625000000 0.69168192507 -1.41578644037
-1.00000000000 0.00000000000 2.04687500000 -0.00500000000 0.69196516534 -1.41636619781
-1.00000000000 0.00000000000 2.04687500000 -0.00375000000 0.69225330261 -1.41695597878
-1.00000000000 0.00000000000 2.04687500000 -0.00250000000 0.69254634529 -1.41755580052
-1.00000000000 0.00000000000 2.04687500000 -0.00125000000 0.69284430193 -1.41816568052
-1.00000000000 0.00000000000 2.04687500000 0.00000000000 0.69314718121 -1.41878563653
-1.00000000000 0.00000000000 2.04687500000 0.00125000000 0.69345499191 -1.41941568657
-1.00000000000 0.00000000000 2.04687500000 0.00250000000 0.69376774298 -1.42005584890
-1.00000000000 0.00000000000 2.04687500000 0.00375000000 0.69408544346 -1.42070614208
-1.00000000000 0.00000000000 2.04687500000 0.00500000000 0.69440810254 -1.42136658489
-1.00000000000 0.00000000000 2.04687500000 0.00625000000 0.69473572954 -1.42203719640
-1.00000000000 0.00000000000 2.04687500000 0.00750000000 0.69506833390 -1.42271799595
-1.00000000000 0.00000000000 2.04687500000 0.00875000000 0.69540592520 -1.42340900313
-1.00000000000 0.00000000000 2.06250000000 -0.01000000000 0.69087951214 -1.42493899379
-1.00000000000 0.00000000000 2.06250000000 -0.00875000000 0.69114591334 -1.42548844626
-1.00000000000 0.00000000000 2.06250000000 -0.00750000000 0.69141717187 -1.42604791698
-1.00000000000 0.00000000000 2.06250000000 -0.00625000000 0.69169329568 -1.42661742234
-1.00000000000 0.00000000000 2.06250000000 -0.00500000000 0.69197429286 -1.42719697902
-1.00000000000 0.00000000000 2.06250000000 -0.00375000000 0.69226017161 -1.42778660394
-1.00000000000 0.00000000000 2.06250000000 -0.00250000000 0.69255094026 -1.42838631428
-1.00000000000 0.00000000000 2.06250000000 -0.00125000000 0.69284660726 -1.42899612748
-1.00000000000 0.00000000000 2.06250000000 0.00000000000 0.69314718121 -1.42961606124
-1.00000000000 0.00000000000 2.06250000000 0.00125000000 0.69345267079 -1.43024613351
-1.00000000000 0.00000000000 2.06250000000 0.00250000000 0.69376308486 -1.43088636252
-1.00000000000 0.00000000000 2.06250000000 0.00375000000 0.69407843236 -1.43153676675
-1.00000000000 0.00000000000 2.06250000000 0.00500000000 0.69439872240 -1.43219736494
-1.00000000000 0.00000000000 2.06250000000 0.00625000000 0.69472396418 -1.43286817612
-1.00000000000 0.00000000000 2.06250000000 0.00750000000 0.69505416706 -1.43354921956
-1.00000000000 0.00000000000 2.06250000000 0.00875000000 0.69538934051 -1.43424051480
-1.00000000000 0.00000000000 2.07812500000 -0.01000000000 0.69089725057 -1.43577084885
-1.00000000000 0.00000000000 2.07812500000 -0.00875000000 0.69116148723 -1.43631996564
-1.00000000000 0.00000000000 2.07812500000 -0.00750000000 0.69143056631 -1.43687914561
-1.00000000000 0.00000000000 2.07812500000 -0.00625000000 0.69170449569 -1.43744840511
-1.00000000000 0.00000000000 2.07812500000 -0.00500000000 0.69198328336 -1.43802776074
-1.00000000000 0.00000000000 2.07812500000 -0.00375000000 0.69226693745 -1.43861722939
-1.00000000000 0.00000000000 2.07812500000 -0.00250000000 0.69255546619 -1.43921682817
-1.00000000000 0.00000000000 2.07812500000 -0.00125000000 0.69284887794 -1.43982657447
-1.00000000000 0.00000000000 2.07812500000 0.00000000000 0.69314718121 -1.44044648594
-1.00000000000 0.00000000000 2.07812500000 0.00125000000 0.69345038459 -1.44107658048
-1.00000000000 0.00000000000 2.07812500000 0.00250000000 0.69375849685 -1.44171687627
-1.00000000000 0.00000000000 2.07812500000 0.00375000000 0.69407152684 -1.44236739172
-1.00000000000 0.00000000000 2.07812500000 0.00500000000 0.69438948357 -1.44302814554
-1.00000000000 0.00000000000 2.07812500000 0.00625000000 0.69471237615 -1.44369915668
-1.00000000000 0.00000000000 2.07812500000 0.00750000000 0.69504021383 -1.44438044437
-1.00000000000 0.00000000000 2.07812500000 0.00875000000 0.69537300601 -1.44507202811
-1.00000000000 0.00000000000 2.09375000000 -0.01000000000 0.69091472519 -1.44660270587
-1.00000000000 0.00000000000 2.09375000000 -0.00875000000 0.69117682939 -1.44715148654
-1.00000000000 0.00000000000 2.09375000000 -0.00750000000 0.69144376137 -1.44771037536
-1.00000000000 0.00000000000 2.09375000000 -0.00625000000 0.69171552891 -1.44827938865
-1.00000000000 0.00000000000 2.09375000000 -0.00500000000 0.69199213992 -1.44885854297
-1.00000000000 0.00000000000 2.09375000000 -0.00375000000 0.69227360244 -1.44944785512
-1.00000000000 0.00000000000 2.09375000000 -0.00250000000 0.69255992463 -1.45004734219
-1.00000000000 0.00000000000 2.09375000000 -0.00125000000 0.69285111475 -1.45065702150
-1.00000000000 0.00000000000 2.09375000000 0.00000000000 0.69314718121 -1.45127691065
-1.00000000000 0.00000000000 2.09375000000 0.00125000000 0.69344813253 -1.45190702749
-1.00000000000 0.00000000000 2.09375000000 0.00250000000 0.69375397738 -1.45254739014
-1.00000000000 0.00000000000 2.09375000000 0.00375000000 0.69406472453 -1.45319801698
-1.00000000000 0.00000000000 2.09375000000 0.00500000000 0.69438038288 -1.45385892665
-1.00000000000 0.00000000000 2.09375000000 0.00625000000 0.69470096146 -1.45453013805
-1.00000000000 0.00000000000 2.09375000000 0.00750000000 0.69502646943 -1.45521167037
-1.00000000000 0.00000000000 2.09375000000 0.00875000000 0.69535691608 -1.45590354304
-1.00000000000 0.00000000000 2.10937500000 -0.01000000000 0.69093194184 -1.45743456482
-1.00000000000 0.00000000000 2.10937500000 -0.00875000000 0.69119194497 -1.45798300891
-1.00000000000 0.00000000000 2.10937500000 -0.00750000000 0.69145676146 -1.45854160621
-1.00000000000 0.00000000000 2.10937500000 -0.00625000000 0.69172639903 -1.45911037296
-1.00000000000 0.00000000000 2.10937500000 -0.00500000000 0.69200086551 -1.45968932568
-1.00000000000 0.00000000000 2.10937500000 -0.00375000000 0.69228016883 -1.46027848113
-1.00000000000 0.00000000000 2.10937500000 -0.00250000000 0.69256431707 -1.46087785632
-1.00000000000 0.00000000000 2.10937500000 -0.00125000000 0.69285331843 -1.46148746855
-1.00000000000 0.00000000000 2.10937500000 0.00000000000 0.69314718121 -1.46210733536
-1.00000000000 0.00000000000 2.10937500000 0.00125000000 0.69344591385 -1.46273747453
-1.00000000000 0.00000000000 2.10937500000 0.00250000000 0.69374952493 -1.46337790415
-1.00000000000 0.00000000000 2.10937500000 0.00375000000 0.69405802312 -1.46402864253
-1.00000000000 0.00000000000 2.10937500000 0.00500000000 0.69437141725 -1.46468970826
-1.00000000000 0.00000000000 2.10937500000 0.00625000000 0.69468971625 -1.46536112022
-1.00000000000 0.00000000000 2.10937500000 0.00750000000 0.69501292919 -1.46604289752
-1.00000000000 0.00000000000 2.10937500000 0.00875000000 0.69534106527 -1.46673505955
-1.00000000000 0.00000000000 2.12500000000 -0.01000000000 0.69094890619 -1.46826642566
-1.00000000000 0.00000000000 2.12500000000 -0.00875000000 0.69120683893 -1.46881453274
-1.00000000000 0.00000000000 2.12500000000 -0.00750000000 0.69146957088 -1.46937283812
-1.00000000000 0.00000000000 2.12500000000 -0.00625000000 0.69173710965 -1.46994135802
-1.00000000000 0.00000000000 2.12500000000 -0.00500000000 0.69200946300 -1.47052010887
-1.00000000000 0.00000000000 2.12500000000 -0.00375000000 0.69228663878 -1.47110910741
-1.00000000000 0.00000000000 2.12500000000 -0.00250000000 0.69256864498 -1.47170837058
-1.00000000000 0.00000000000 2.12500000000 -0.00125000000 0.69285548971 -1.47231791564
-1.00000000000 0.00000000000 2.12500000000 0.00000000000 0.69314718121 -1.47293776006
-1.00000000000 0.00000000000 2.12500000000 0.00125000000 0.69344372781 -1.47356792160
-1.00000000000 0.00000000000 2.12500000000 0.00250000000 0.69374513801 -1.47420841827
-1.00000000000 0.00000000000 2.12500000000 0.00375000000 0.69405142040 -1.47485926835
-1.00000000000 0.00000000000 2.12500000000 0.00500000000 0.69436258371 -1.47552049038
-1.00000000000 0.00000000000 2.12500000000 0.00625000000 0.69467863679 -1.47619210317
-1.00000000000 0.00000000000 2.12500000000 0.00750000000 0.69499958861 -1.47687412579
-1.00000000000 0.00000000000 2.12500000000 0.00875000000 0.69532544828 -1.47756657759
-1.00000000000 0.00000000000 2.14062500000 -0.01000000000 0.69096562375 -1.47909828833
-1.00000000000 0.00000000000 2.14062500000 -0.00875000000 0.69122151613 -1.47964605797
-1.00000000000 0.00000000000 2.14062500000 -0.00750000000 0.69148219379 -1.48020407108
-1.00000000000 0.00000000000 2.14062500000 -0.00625000000 0.69174766426 -1.48077234380
-1.00000000000 0.00000000000 2.14062500000 -0.00500000000 0.69201793520 -1.48135089253
-1.00000000000 0.00000000000 2.14062500000 -0.00375000000 0.69229301440 -1.48193973395
-1.00000000000 0.00000000000 2.14062500000 -0.00250000000 0.69257290976 -1.48253888496
-1.00000000000 0.00000000000 2.14062500000 -0.00125000000 0.69285762932 -1.48314836276
-1.00000000000 0.00000000000 2.14062500000 0.00000000000 0.69314718121 -1.48376818477
-1.00000000000 0.00000000000 2.14062500000 0.00125000000 0.69344157370 -1.48439836870
-1.00000000000 0.00000000000 2.14062500000 0.00250000000 0.69374081519 -1.48503893252
-1.00000000000 0.00000000000 2.14062500000 0.00375000000 0.69404491419 -1.48568989445
-1.00000000000 0.00000000000 2.14062500000 0.00500000000 0.69435387935 -1.48635127298
-1.00000000000 0.00000000000 2.14062500000 0.00625000000 0.69466771942 -1.48702308688
-1.00000000000 0.00000000000 2.14062500000 0.00750000000 0.69498644329 -1.48770535517
-1.00000000000 0.00000000000 2.14062500000 0.00875000000 0.69531005998 -1.48839809715
-1.00000000000 0.00000000000 2.15625000000 -0.01000000000 0.69098209985 -1.48993015281
-1.00000000000 0.00000000000 2.15625000000 -0.00875000000 0.69123598126 -1.49047758460
-1.00000000000 0.00000000000 2.15625000000 -0.00750000000 0.69149463423 -1.49103530506
-1.00000000000 0.00000000000 2.15625000000 -0.00625000000 0.69175806622 -1.49160333029
-1.00000000000 0.00000000000 2.15625000000 -0.00500000000 0.69202628482 -1.49218167665
-1.00000000000 0.00000000000 2.15625000000 -0.00375000000 0.69229929774 -1.49277036075
-1.00000000000 0.00000000000 2.15625000000 -0.00250000000 0.69257711279 -1.49336939946
-1.00000000000 0.00000000000 2.15625000000 -0.00125000000 0.69285973793 -1.49397880990
-1.00000000000 0.00000000000 2.15625000000 0.00000000000 0.69314718121 -1.49459860947
-1.00000000000 0.00000000000 2.15625000000 0.00125000000 0.69343945082 -1.49522881583
-1.00000000000 0.00000000000 2.15625000000 0.00250000000 0.69373655508 -1.49586944688
-1.00000000000 0.00000000000 2.15625000000 0.00375000000 0.69403850240 -1.49652052081
-1.00000000000 0.00000000000 2.15625000000 0.00500000000 0.69434530136 -1.49718205606
-1.00000000000 0.00000000000 2.15625000000 0.00625000000 0.69465696062 -1.49785407134
-1.00000000000 0.00000000000 2.15625000000 0.00750000000 0.69497348899 -1.49853658563
-1.00000000000 0.00000000000 2.15625000000 0.00875000000 0.69529489539 -1.49922961818
-1.00000000000 0.00000000000 2.17187500000 -0.01000000000 0.69099833971 -1.50076201905
-1.00000000000 0.00000000000 2.17187500000 -0.00875000000 0.69125023888 -1.50130911258
-1.00000000000 0.00000000000 2.17187500000 -0.00750000000 0.69150689613 -1.50186654004
-1.00000000000 0.00000000000 2.17187500000 -0.00625000000 0.69176831884 -1.50243431749
-1.00000000000 0.00000000000 2.17187500000 -0.00500000000 0.69203451452 -1.50301246122
-1.00000000000 0.00000000000 2.17187500000 -0.00375000000 0.69230549079 -1.50360098781
-1.00000000000 0.00000000000 2.17187500000 -0.00250000000 0.69258125540 -1.50419991406
-1.00000000000 0.00000000000 2.17187500000 -0.00125000000 0.69286181621 -1.50480925707
-1.00000000000 0.00000000000 2.17187500000 0.00000000000 0.69314718121 -1.50542903418
-1.00000000000 0.00000000000 2.17187500000 0.00125000000 0.69343735850 -1.50605926299
-1.00000000000 0.00000000000 2.17187500000 0.00250000000 0.69373235631 -1.50669996136
-1.00000000000 0.00000000000 2.17187500000 0.00375000000 0.69403218299 -1.50735114743
-1.00000000000 0.00000000000 2.17187500000 0.00500000000 0.69433684701 -1.50801283960
-1.00000000000 0.00000000000 2.17187500000 0.00625000000 0.69464635696 -1.50868505652
-1.00000000000 0.00000000000 2.17187500000 0.00750000000 0.69496072156 -1.50936781714
-1.00000000000 0.00000000000 2.17187500000 0.00875000000 0.69527994965 -1.51006114065
-1.00000000000 0.00000000000 2.18750000000 -0.01000000000 0.69101434835 -1.51159388701
-1.00000000000 0.00000000000 2.18750000000 -0.00875000000 0.69126429343 -1.51214064188
-1.00000000000 0.00000000000 2.18750000000 -0.00750000000 0.69151898331 -1.51269777600
-1.00000000000 0.00000000000 2.18750000000 -0.00625000000 0.69177842531 -1.51326530536
-1.00000000000 0.00000000000 2.18750000000 -0.00500000000 0.69204262685 -1.51384324623
-1.00000000000 0.00000000000 2.18750000000 -0.00375000000 0.69231159548 -1.51443161511
-1.00000000000 0.00000000000 2.18750000000 -0.00250000000 0.69258533887 -1.51503042878
-1.00000000000 0.00000000000 2.18750000000 -0.00125000000 0.69286386481 -1.51563970428
-1.00000000000 0.00000000000 2.18750000000 0.00000000000 0.69314718121 -1.51625945889
-1.00000000000 0.00000000000 2.18750000000 0.00125000000 0.69343529608 -1.51688971017
-1.00000000000 0.00000000000 2.18750000000 0.00250000000 0.69372821758 -1.51753047595
-1.00000000000 0.00000000000 2.18750000000 0.00375000000 0.69402595397 -1.51818177431
-1.00000000000 0.00000000000 2.18750000000 0.00500000000 0.69432851364 -1.51884362359
-1.00000000000 0.00000000000 2.18750000000 0.00625000000 0.69463590511 -1.51951604243
-1.00000000000 0.00000000000 2.18750000000 0.00750000000 0.69494813700 -1.52019904969
-1.00000000000 0.00000000000 2.18750000000 0.00875000000 0.69526521807 -1.52089266454
-1.00000000000 0.00000000000 2.20312500000 -0.01000000000 0.69103013068 -1.52242575666
-1.00000000000 0.00000000000 2.20312500000 -0.00875000000 0.69127814921 -1.52297217248
-1.00000000000 0.00000000000 2.20312500000 -0.00750000000 0.69153089948 -1.52352901292
-1.00000000000 0.00000000000 2.20312500000 -0.00625000000 0.69178838872 -1.52409629391
-1.00000000000 0.00000000000 2.20312500000 -0.00500000000 0.69205062430 -1.52467403166
-1.00000000000 0.00000000000 2.20312500000 -0.00375000000 0.69231761369 -1.52526224266
-1.00000000000 0.00000000000 2.20312500000 -0.00250000000 0.69258936447 -1.52586094361
-1.00000000000 0.00000000000 2.20312500000 -0.00125000000 0.69286588437 -1.52647015150
-1.00000000000 0.00000000000 2.20312500000 0.00000000000 0.69314718121 -1.52708988359
-1.00000000000 0.00000000000 2.20312500000 0.00125000000 0.69343326293 -1.52772015738
-1.00000000000 0.00000000000 2.20312500000 0.00250000000 0.69372413760 -1.52836099065
-1.00000000000 0.00000000000 2.20312500000 0.00375000000 0.69401981342 -1.52901240143
-1.00000000000 0.00000000000 2.20312500000 0.00500000000 0.69432029868 -1.52967440804
-1.00000000000 0.00000000000 2.20312500000 0.00625000000 0.69462560183 -1.53034702903
-1.00000000000 0.00000000000 2.20312500000 0.00750000000 0.69493573140 -1.53103028325
-1.00000000000 0.00000000000 2.20312500000 0.00875000000 0.69525069608 -1.53172418981
-1.00000000000 0.00000000000 2.21875000000 -0.01000000000 0.69104569148 -1.53325762797
-1.00000000000 0.00000000000 2.21875000000 -0.00875000000 0.69129181041 -1.53380370436
-1.00000000000 0.00000000000 2.21875000000 -0.00750000000 0.69154264823 -1.53436025077
-1.00000000000 0.00000000000 2.21875000000 -0.00625000000 0.69179821210 -1.53492728310
-1.00000000000 0.00000000000 2.21875000000 -0.00500000000 0.69205850931 -1.53550481752
-1.00000000000 0.00000000000 2.21875000000 -0.00375000000 0.69232354724 -1.53609287044
-1.00000000000 0.00000000000 2.21875000000 -0.00250000000 0.69259333343 -1.53669145854
-1.00000000000 0.00000000000 2.21875000000 -0.00125000000 0.69286787550 -1.53730059876
-1.00000000000 0.00000000000 2.21875000000 0.00000000000 0.69314718121 -1.53792030830
-1.00000000000 0.00000000000 2.21875000000 0.00125000000 0.69343125842 -1.53855060462
-1.00000000000 0.00000000000 2.21875000000 0.00250000000 0.69372011514 -1.53919150546
-1.00000000000 0.00000000000 2.21875000000 0.00375000000 0.69401375946 -1.53984302881
-1.00000000000 0.00000000000 2.21875000000 0.00500000000 0.69431219962 -1.54050519291
-1.00000000000 0.00000000000 2.21875000000 0.00625000000 0.69461544397 -1.54117801631
-1.00000000000 0.00000000000 2.21875000000 0.00750000000 0.69492350098 -1.54186151779
-1.00000000000 0.00000000000 2.21875000000 0.00875000000 0.69523637923 -1.54255571643
-1.00000000000 0.00000000000 2.23437500000 -0.01000000000 0.69106103536 -1.54408950089
-1.00000000000 0.00000000000 2.23437500000 -0.00875000000 0.69130528111 -1.54463523748
-1.00000000000 0.00000000000 2.23437500000 -0.00750000000 0.69155423308 -1.54519148954
-1.00000000000 0.00000000000 2.23437500000 -0.00625000000 0.69180789838 -1.54575827294
-1.00000000000 0.00000000000 2.23437500000 -0.00500000000 0.69206628421 -1.54633560379
-1.00000000000 0.00000000000 2.23437500000 -0.00375000000 0.69232939791 -1.54692349846
-1.00000000000 0.00000000000 2.23437500000 -0.00250000000 0.69259724692 -1.54752197358
-1.00000000000 0.00000000000 2.23437500000 -0.00125000000 0.69286983879 -1.54813104604
-1.00000000000 0.00000000000 2.23437500000 0.00000000000 0.69314718121 -1.54875073301
-1.00000000000 0.00000000000 2.23437500000 0.00125000000 0.69342928197 -1.54938105189
-1.00000000000 0.00000000000 2.23437500000 0.00250000000 0.69371614898 -1.55002202038
-1.00000000000 0.00000000000 2.23437500000 0.00375000000 0.69400779028 -1.55067365641
-1.00000000000 0.00000000000 2.23437500000 0.00500000000 0.69430421403 -1.55133597822
-1.00000000000 0.00000000000 2.23437500000 0.00625000000 0.69460542848 -1.55200900426
-1.00000000000 0.00000000000 2.23437500000 0.00750000000 0.69491144204 -1.55269275331
-1.00000000000 0.00000000000 2.23437500000 0.00875000000 0.69522226322 -1.55338724437
-1.00000000000 0.00000000000 2.25000000000 -0.01000000000 0.69107616684 -1.55492137539
-1.00000000000 0.00000000000 2.25000000000 -0.00875000000 0.69131856525 -1.55546677181
-1.00000000000 0.00000000000 2.25000000000 -0.00750000000 0.69156565743 -1.55602272922
-1.00000000000 0.00000000000 2.25000000000 -0.00625000000 0.69181745040 -1.55658926341
-1.00000000000 0.00000000000 2.25000000000 -0.00500000000 0.69207395132 -1.55716639046
-1.00000000000 0.00000000000 2.25000000000 -0.00375000000 0.69233516742 -1.55775412670
-1.00000000000 0.00000000000 2.25000000000 -0.00250000000 0.69260110610 -1.55835248871
-1.00000000000 0.00000000000 2.25000000000 -0.00125000000 0.69287177482 -1.55896149335
-1.00000000000 0.00000000000 2.25000000000 0.00000000000 0.69314718121 -1.55958115771
-1.00000000000 0.00000000000 2.25000000000 0.00125000000 0.69342733297 -1.56021149918
-1.00000000000 0.00000000000 2.25000000000 0.00250000000 0.69371223795 -1.56085253540
-1.00000000000 0.00000000000 2.25000000000 0.00375000000 0.69400190411 -1.56150428426
-1.00000000000 0.00000000000 2.25000000000 0.00500000000 0.69429633953 -1.56216676394
-1.00000000000 0.00000000000 2.25000000000 0.00625000000 0.69459555239 -1.56283999287
-1.00000000000 0.00000000000 2.25000000000 0.00750000000 0.69489955101 -1.56352398977
-1.00000000000 0.00000000000 2.25000000000 0.00875000000 0.69520834383 -1.56421877362
-1.00000000000 0.00000000000 2.26562500000 -0.01000000000 0.69109109030 -1.56575325145
-1.00000000000 0.00000000000 2.26562500000 -0.00875000000 0.69133166669 -1.56629830734
-1.00000000000 0.00000000000 2.26562500000 -0.00750000000 0.69157692459 -1.56685396977
-1.00000000000 0.00000000000 2.26562500000 -0.00625000000 0.69182687095 -1.56742025449
-1.00000000000 0.00000000000 2.26562500000 -0.00500000000 0.69208151284 -1.56799717753
-1.00000000000 0.00000000000 2.26562500000 -0.00375000000 0.69234085745 -1.56858475517
-1.00000000000 0.00000000000 2.26562500000 -0.00250000000 0.69260491209 -1.56918300395
-1.00000000000 0.00000000000 2.26562500000 -0.00125000000 0.69287368416 -1.56979194068
-1.00000000000 0.00000000000 2.26562500000 0.00000000000 0.69314718121 -1.57041158242
-1.00000000000 0.00000000000 2.26562500000 0.00125000000 0.69342541087 -1.57104194650
-1.00000000000 0.00000000000 2.26562500000 0.00250000000 0.69370838092 -1.57168305052
-1.00000000000 0.00000000000 2.26562500000 0.00375000000 0.69399609924 -1.57233491233
-1.00000000000 0.00000000000 2.26562500000 0.00500000000 0.69428857382 -1.57299755007
-1.00000000000 0.00000000000 2.26562500000 0.00625000000 0.69458581280 -1.57367098213
-1.00000000000 0.00000000000 2.26562500000 0.00750000000 0.69488782440 -1.57435522717
-1.00000000000 0.00000000000 2.26562500000 0.00875000000 0.69519461699 -1.57505030413
-1.00000000000 0.00000000000 2.28125000000 -0.01000000000 0.69110580999 -1.57658512903
-1.00000000000 0.00000000000 2.28125000000 -0.00875000000 0.69134458917 -1.57712984404
-1.00000000000 0.00000000000 2.28125000000 -0.00750000000 0.69158803778 -1.57768521118
-1.00000000000 0.00000000000 2.28125000000 -0.00625000000 0.69183616271 -1.57825124617
-1.00000000000 0.00000000000 2.28125000000 -0.00500000000 0.69208897095 -1.57882796498
-1.00000000000 0.00000000000 2.28125000000 -0.00375000000 0.69234646964 -1.57941538386
-1.00000000000 0.00000000000 2.28125000000 -0.00250000000 0.69260866599 -1.58001351929
-1.00000000000 0.00000000000 2.28125000000 -0.00125000000 0.69287556736 -1.58062238804
-1.00000000000 0.00000000000 2.28125000000 0.00000000000 0.69314718121 -1.58124200713
-1.00000000000 0.00000000000 2.28125000000 0.00125000000 0.69342351511 -1.58187239384
-1.00000000000 0.00000000000 2.28125000000 0.00250000000 0.69370457676 -1.58251356574
-1.00000000000 0.00000000000 2.28125000000 0.00375000000 0.69399037397 -1.58316554063
-1.00000000000 0.00000000000 2.28125000000 0.00500000000 0.69428091467 -1.58382833660
-1.00000000000 0.00000000000 2.28125000000 0.00625000000 0.69457620691 -1.58450197201
-1.00000000000 0.00000000000 2.28125000000 0.00750000000 0.69487625884 -1.58518646547
-1.00000000000 0.00000000000 2.28125000000 0.00875000000 0.69518107874 -1.58588183588
-1.00000000000 0.00000000000 2.29687500000 -0.01000000000 0.69112033006 -1.58741700810
-1.00000000000 0.00000000000 2.29687500000 -0.00875000000 0.69135733633 -1.58796138189
-1.00000000000 0.00000000000 2.29687500000 -0.00750000000 0.69159900014 -1.58851645344
-1.00000000000 0.00000000000 2.29687500000 -0.00625000000 0.69184532830 -1.58908223844
-1.00000000000 0.00000000000 2.29687500000 -0.00500000000 0.69209632776 -1.58965875282
-1.00000000000 0.00000000000 2.29687500000 -0.00375000000 0.69235200555 -1.59024601276
-1.00000000000 0.00000000000 2.29687500000 -0.00250000000 0.69261236886 -1.59084403472
-1.00000000000 0.00000000000 2.29687500000 -0.00125000000 0.69287742494 -1.59145283542
-1.00000000000 0.00000000000 2.29687500000 0.00000000000 0.69314718121 -1.59207243183
-1.00000000000 0.00000000000 2.29687500000 0.00125000000 0.69342164515 -1.59270284121
-1.00000000000 0.00000000000 2.29687500000 0.00250000000 0.69370082440 -1.59334408105
-1.00000000000 0.00000000000 2.29687500000 0.00375000000 0.69398472670 -1.59399616914
-1.00000000000 0.00000000000 2.29687500000 0.00500000000 0.69427335990 -1.59465912352
-1.00000000000 0.00000000000 2.29687500000 0.00625000000 0.69456673197 -1.59533296250
-1.00000000000 0.00000000000 2.29687500000 0.00750000000 0.69486485101 -1.59601770466
-1.00000000000 0.00000000000 2.29687500000 0.00875000000 0.69516772522 -1.59671336886
-1.00000000000 0.00000000000 2.31250000000 -0.01000000000 0.69113465454 -1.59824888862
-1.00000000000 0.00000000000 2.31250000000 -0.00875000000 0.69136991172 -1.59879292085
-1.00000000000 0.00000000000 2.31250000000 -0.00750000000 0.69160981472 -1.59934769653
-1.00000000000 0.00000000000 2.31250000000 -0.00625000000 0.69185437029 -1.59991323129
-1.00000000000 0.00000000000 2.31250000000 -0.00500000000 0.69210358531 -1.60048954102
-1.00000000000 0.00000000000 2.31250000000 -0.00375000000 0.69235746675 -1.60107664187
-1.00000000000 0.00000000000 2.31250000000 -0.00250000000 0.69261602173 -1.60167455024
-1.00000000000 0.00000000000 2.31250000000 -0.00125000000 0.69287925744 -1.60228328282
-1.00000000000 0.00000000000 2.31250000000 0.00000000000 0.69314718121 -1.60290285654
-1.00000000000 0.00000000000 2.31250000000 0.00125000000 0.69341980047 -1.60353328860
-1.00000000000 0.00000000000 2.31250000000 0.00250000000 0.69369712280 -1.60417459647
-1.00000000000 0.00000000000 2.31250000000 0.00375000000 0.69397915584 -1.60482679788
-1.00000000000 0.00000000000 2.31250000000 0.00500000000 0.69426590739 -1.60548991083
-1.00000000000 0.00000000000 2.31250000000 0.00625000000 0.69455738534 -1.60616395360
-1.00000000000 0.00000000000 2.31250000000 0.00750000000 0.69485359772 -1.60684894473
-1.00000000000 0.00000000000 2.31250000000 0.00875000000 0.69515455266 -1.60754490303
-1.00000000000 0.00000000000 2.32812500000 -0.01000000000 0.69114878736 -1.60908077058
-1.00000000000 0.00000000000 2.32812500000 -0.00875000000 0.69138231878 -1.60962446092
-1.00000000000 0.00000000000 2.32812500000 -0.00750000000 0.69162048448 -1.61017894043
-1.00000000000 0.00000000000 2.32812500000 -0.00625000000 0.69186329115 -1.61074422470
-1.00000000000 0.00000000000 2.32812500000 -0.00500000000 0.69211074559 -1.61132032959
-1.00000000000 0.00000000000 2.32812500000 -0.00375000000 0.69236285474 -1.61190727118
-1.00000000000 0.00000000000 2.32812500000 -0.00250000000 0.69261962560 -1.61250506586
-1.00000000000 0.00000000000 2.32812500000 -0.00125000000 0.69288106534 -1.61311373025
-1.00000000000 0.00000000000 2.32812500000 0.00000000000 0.69314718121 -1.61373328124
-1.00000000000 0.00000000000 2.32812500000 0.00125000000 0.69341798057 -1.61436373601
-1.00000000000 0.00000000000 2.32812500000 0.00250000000 0.69369347091 -1.61500511197
-1.00000000000 0.00000000000 2.32812500000 0.00375000000 0.69397365984 -1.61565742682
-1.00000000000 0.00000000000 2.32812500000 0.00500000000 0.69425855507 -1.61632069852
-1.00000000000 0.00000000000 2.32812500000 0.00625000000 0.69454816442 -1.61699494529
-1.00000000000 0.00000000000 2.32812500000 0.00750000000 0.69484249585 -1.61768018565
-1.00000000000 0.00000000000 2.32812500000 0.00875000000 0.69514155742 -1.61837643836
-1.00000000000 0.00000000000 2.34375000000 -0.01000000000 0.69116273235 -1.61991265394
-1.00000000000 0.00000000000 2.34375000000 -0.00875000000 0.69139456088 -1.62045600206
-1.00000000000 0.00000000000 2.34375000000 -0.00750000000 0.69163101232 -1.62101018513
-1.00000000000 0.00000000000 2.34375000000 -0.00625000000 0.69187209330 -1.62157521867
-1.00000000000 0.00000000000 2.34375000000 -0.00500000000 0.69211781056 -1.62215111851
-1.00000000000 0.00000000000 2.34375000000 -0.00375000000 0.69236817096 -1.62273790070
-1.00000000000 0.00000000000 2.34375000000 -0.00250000000 0.69262318147 -1.62333558156
-1.00000000000 0.00000000000 2.34375000000 -0.00125000000 0.69288284915 -1.62394417770
-1.00000000000 0.00000000000 2.34375000000 0.00000000000 0.69314718121 -1.62456370595
-1.00000000000 0.00000000000 2.34375000000 0.00125000000 0.69341618494 -1.62519418345
-1.00000000000 0.00000000000 2.34375000000 0.00250000000 0.69368986776 -1.62583562757
-1.00000000000 0.00000000000 2.34375000000 0.00375000000 0.69396823721 -1.62648805597
-1.00000000000 0.00000000000 2.34375000000 0.00500000000 0.69425130094 -1.62715148657
-1.00000000000 0.00000000000 2.34375000000 0.00625000000 0.69453906669 -1.62782593757
-1.00000000000 0.00000000000 2.34375000000 0.00750000000 0.69483154236 -1.62851142741
-1.00000000000 0.00000000000 2.34375000000 0.00875000000 0.69512873593 -1.62920797485
-1.00000000000 0.00000000000 2.35937500000 -0.01000000000 0.69117649321 -1.63074453867
-1.00000000000 0.00000000000 2.35937500000 -0.00875000000 0.69140664128 -1.63128754426
-1.00000000000 0.00000000000 2.35937500000 -0.00750000000 0.69164140105 -1.63184143060
-1.00000000000 0.00000000000 2.35937500000 -0.00625000000 0.69188077910 -1.63240621319
-1.00000000000 0.00000000000 2.35937500000 -0.00500000000 0.69212478211 -1.63298190778
-1.00000000000 0.00000000000 2.35937500000 -0.00375000000 0.69237341686 -1.63356853041
-1.00000000000 0.00000000000 2.35937500000 -0.00250000000 0.69262669027 -1.63416609736
-1.00000000000 0.00000000000 2.35937500000 -0.00125000000 0.69288460934 -1.63477462517
-1.00000000000 0.00000000000 2.35937500000 0.00000000000 0.69314718121 -1.63539413066
-1.00000000000 0.00000000000 2.35937500000 0.00125000000 0.69341441310 -1.63602463090
-1.00000000000 0.00000000000 2.35937500000 0.00250000000 0.69368631237 -1.63666614326
-1.00000000000 0.00000000000 2.35937500000 0.00375000000 0.69396288649 -1.63731868532
-1.00000000000 0.00000000000 2.35937500000 0.00500000000 0.69424414304 -1.63798227499
-1.00000000000 0.00000000000 2.35937500000 0.00625000000 0.69453008971 -1.63865693041
-1.00000000000 0.00000000000 2.35937500000 0.00750000000 0.69482073430 -1.63934266999
-1.00000000000 0.00000000000 2.35937500000 0.00875000000 0.69511608475 -1.64003951245
-1.00000000000 0.00000000000 2.37500000000 -0.01000000000 0.69119007358 -1.64157642474
-1.00000000000 0.00000000000 2.37500000000 -0.00875000000 0.69141856316 -1.64211908749
-1.00000000000 0.00000000000 2.37500000000 -0.00750000000 0.69165165340 -1.64267267684
-1.00000000000 0.00000000000 2.37500000000 -0.00625000000 0.69188935083 -1.64323720823
-1.00000000000 0.00000000000 2.37500000000 -0.00500000000 0.69213166206 -1.64381269740
-1.00000000000 0.00000000000 2.37500000000 -0.00375000000 0.69237859382 -1.64439916032
-1.00000000000 0.00000000000 2.37500000000 -0.00250000000 0.69263015294 -1.64499661324
-1.00000000000 0.00000000000 2.37500000000 -0.00125000000 0.69288634638 -1.64560507266
-1.00000000000 0.00000000000 2.37500000000 0.00000000000 0.69314718121 -1.64622455536
-1.00000000000 0.00000000000 2.37500000000 0.00125000000 0.69341266458 -1.64685507838
-1.00000000000 0.00000000000 2.37500000000 0.00250000000 0.69368280380 -1.64749665903
-1.00000000000 0.00000000000 2.37500000000 0.00375000000 0.69395760626 -1.64814931487
-1.00000000000 0.00000000000 2.37500000000 0.00500000000 0.69423707948 -1.64881306376
-1.00000000000 0.00000000000 2.37500000000 0.00625000000 0.69452123107 -1.64948792380
-1.00000000000 0.00000000000 2.37500000000 0.00750000000 0.69481006879 -1.65017391338
-1.00000000000 0.00000000000 2.37500000000 0.00875000000 0.69510360049 -1.65087105116
-1.00000000000 0.00000000000 2.39062500000 -0.01000000000 0.69120347697 -1.65240831214
-1.00000000000 0.00000000000 2.39062500000 -0.00875000000 0.69143032962 -1.65295063174
-1.00000000000 0.00000000000 2.39062500000 -0.00750000000 0.69166177206 -1.65350392382
-1.00000000000 0.00000000000 2.39062500000 -0.00625000000 0.69189781074 -1.65406820380
-1.00000000000 0.00000000000 2.39062500000 -0.00500000000 0.69213845222 -1.65464348735
-1.00000000000 0.00000000000 2.39062500000 -0.00375000000 0.69238370318 -1.65522979042
-1.00000000000 0.00000000000 2.39062500000 -0.00250000000 0.69263357038 -1.65582712920
-1.00000000000 0.00000000000 2.39062500000 -0.00125000000 0.69288806073 -1.65643552017
-1.00000000000 0.00000000000 2.39062500000 0.00000000000 0.69314718121 -1.65705498007
-1.00000000000 0.00000000000 2.39062500000 0.00125000000 0.69341093893 -1.65768552589
-1.00000000000 0.00000000000 2.39062500000 0.00250000000 0.69367934113 -1.65832717489
-1.00000000000 0.00000000000 2.39062500000 0.00375000000 0.69395239514 -1.65897994462
-1.00000000000 0.00000000000 2.39062500000 0.00500000000 0.69423010839 -1.65964385288
-1.00000000000 0.00000000000 2.39062500000 0.00625000000 0.69451248847 -1.66031891774
-1.00000000000 0.00000000000 2.39062500000 0.00750000000 0.69479954303 -1.66100515756
-1.00000000000 0.00000000000 2.39062500000 0.00875000000 0.69509127987 -1.66170259095
-1.00000000000 0.00000000000 2.40625000000 -0.01000000000 0.69121670684 -1.66324020083
-1.00000000000 0.00000000000 2.40625000000 -0.00875000000 0.69144194368 -1.66378217699
-1.00000000000 0.00000000000 2.40625000000 -0.00750000000 0.69167175960 -1.66433517154
-1.00000000000 0.00000000000 2.40625000000 -0.00625000000 0.69190616099 -1.66489919988
-1.00000000000 0.00000000000 2.40625000000 -0.00500000000 0.69214515434 -1.66547427763
-1.00000000000 0.00000000000 2.40625000000 -0.00375000000 0.69238874626 -1.66606042070
-1.00000000000 0.00000000000 2.40625000000 -0.00250000000 0.69263694348 -1.66665764525
-1.00000000000 0.00000000000 2.40625000000 -0.00125000000 0.69288975281 -1.66726596771
-1.00000000000 0.00000000000 2.40625000000 0.00000000000 0.69314718121 -1.66788540478
-1.00000000000 0.00000000000 2.40625000000 0.00125000000 0.69340923570 -1.66851597341
-1.00000000000 0.00000000000 2.40625000000 0.00250000000 0.69367592346 -1.66915769084
-1.00000000000 0.00000000000 2.40625000000 0.00375000000 0.69394725176 -1.66981057456
-1.00000000000 0.00000000000 2.40625000000 0.00500000000 0.69422322798 -1.67047464234
-1.00000000000 0.00000000000 2.40625000000 0.00625000000 0.69450385962 -1.67114991222
-1.00000000000 0.00000000000 2.40625000000 0.00750000000 0.69478915429 -1.67183640251
-1.00000000000 0.00000000000 2.40625000000 0.00875000000 0.69507911971 -1.67253413179
-1.00000000000 0.00000000000 2.42187500000 -0.01000000000 0.69122976652 -1.67407209079
-1.00000000000 0.00000000000 2.42187500000 -0.00875000000 0.69145340829 -1.67461372321
-1.00000000000 0.00000000000 2.42187500000 -0.00750000000 0.69168161857 -1.67516641999
-1.00000000000 0.00000000000 2.42187500000 -0.00625000000 0.69191440370 -1.67573019646
-1.00000000000 0.00000000000 2.42187500000 -0.00500000000 0.69215177011 -1.67630506823
-1.00000000000 0.00000000000 2.42187500000 -0.00375000000 0.69239372435 -1.67689105116
-1.00000000000 0.00000000000 2.42187500000 -0.00250000000 0.69264027309 -1.67748816138
-1.00000000000 0.00000000000 2.42187500000 -0.00125000000 0.69289142308 -1.67809641527
-1.00000000000 0.00000000000 2.42187500000 0.00000000000 0.69314718121 -1.67871582948
-1.00000000000 0.00000000000 2.42187500000 0.00125000000 0.69340755446 -1.67934642095
-1.00000000000 0.00000000000 2.42187500000 0.00250000000 0.69367254993 -1.67998820686
-1.00000000000 0.00000000000 2.42187500000 0.00375000000 0.69394217484 -1.68064120468
-1.00000000000 0.00000000000 2.42187500000 0.00500000000 0.69421643649 -1.68130543213
-1.00000000000 0.00000000000 2.42187500000 0.00625000000 0.69449534234 -1.68198090722
-1.00000000000 0.00000000000 2.42187500000 0.00750000000 0.69477889991 -1.68266764822
-1.00000000000 0.00000000000 2.42187500000 0.00875000000 0.69506711687 -1.68336567368
-1.00000000000 0.00000000000 2.43750000000 -0.01000000000 0.69124265928 -1.68490398200
-1.00000000000 0.00000000000 2.43750000000 -0.00875000000 0.69146472631 -1.68544527039
-1.00000000000 0.00000000000 2.43750000000 -0.00750000000 0.69169135144 -1.68599766913
-1.00000000000 0.00000000000 2.43750000000 -0.00625000000 0.69192254094 -1.68656119354
-1.00000000000 0.00000000000 2.43750000000 -0.00500000000 0.69215830119 -1.68713585915
-1.00000000000 0.00000000000 2.43750000000 -0.00375000000 0.69239863869 -1.68772168181
-1.00000000000 0.00000000000 2.43750000000 -0.00250000000 0.69264356004 -1.68831867759
-1.00000000000 0.00000000000 2.43750000000 -0.00125000000 0.69289307193 -1.68892686284
-1.00000000000 0.00000000000 2.43750000000 0.00000000000 0.69314718121 -1.68954625419
-1.00000000000 0.00000000000 2.43750000000 0.00125000000 0.69340589478 -1.69017686851
-1.00000000000 0.00000000000 2.43750000000 0.00250000000 0.69366921968 -1.69081872297
-1.00000000000 0.00000000000 2.43750000000 0.00375000000 0.69393716307 -1.69147183499
-1.00000000000 0.00000000000 2.43750000000 0.00500000000 0.69420973221 -1.69213622226
-1.00000000000 0.00000000000 2.43750000000 0.00625000000 0.69448693446 -1.69281190274
-1.00000000000 0.00000000000 2.43750000000 0.00750000000 0.69476877730 -1.69349889467
-1.00000000000 0.00000000000 2.43750000000 0.00875000000 0.69505526834 -1.69419721658
-1.00000000000 0.00000000000 2.45312500000 -0.01000000000 0.69125538830 -1.69573587442
-1.00000000000 0.00000000000 2.45312500000 -0.00875000000 0.69147590054 -1.69627681850
-1.00000000000 0.00000000000 2.45312500000 -0.00750000000 0.69170096060 -1.69682891897
-1.00000000000 0.00000000000 2.45312500000 -0.00625000000 0.69193057471 -1.69739219109
-1.00000000000 0.00000000000 2.45312500000 -0.00500000000 0.69216474920 -1.69796665039
-1.00000000000 0.00000000000 2.45312500000 -0.00375000000 0.69240349050 -1.69855231263
-1.00000000000 0.00000000000 2.45312500000 -0.00250000000 0.69264680515 -1.69914919388
-1.00000000000 0.00000000000 2.45312500000 -0.00125000000 0.69289469980 -1.69975731044
-1.00000000000 0.00000000000 2.45312500000 0.00000000000 0.69314718121 -1.70037667889
-1.00000000000 0.00000000000 2.45312500000 0.00125000000 0.69340425624 -1.70100731610
-1.00000000000 0.00000000000 2.45312500000 0.00250000000 0.69366593189 -1.70164923916
-1.00000000000 0.00000000000 2.45312500000 0.00375000000 0.69393221523 -1.70230246548
-1.00000000000 0.00000000000 2.45312500000 0.00500000000 0.69420311346 -1.70296701270
-1.00000000000 0.00000000000 2.45312500000 0.00625000000 0.69447863389 -1.70364289876
-1.00000000000 0.00000000000 2.45312500000 0.00750000000 0.69475878394 -1.70433014186
-1.00000000000 0.00000000000 2.45312500000 0.00875000000 0.69504357115 -1.70502876047
-1.00000000000 0.00000000000 2.46875000000 -0.01000000000 0.69126795668 -1.70656776805
-1.00000000000 0.00000000000 2.46875000000 -0.00875000000 0.69148693369 -1.70710836754
-1.00000000000 0.00000000000 2.46875000000 -0.00750000000 0.69171044840 -1.70766016949
-1.00000000000 0.00000000000 2.46875000000 -0.00625000000 0.69193850699 -1.70822318913
-1.00000000000 0.00000000000 2.46875000000 -0.00500000000 0.69217111571 -1.70879744192
-1.00000000000 0.00000000000 2.46875000000 -0.00375000000 0.69240828096 -1.70938294362
-1.00000000000 0.00000000000 2.46875000000 -0.00250000000 0.69265000921 -1.70997971024
-1.00000000000 0.00000000000 2.46875000000 -0.00125000000 0.69289630706 -1.71058775805
-1.00000000000 0.00000000000 2.46875000000 0.00000000000 0.69314718121 -1.71120710360
-1.00000000000 0.00000000000 2.46875000000 0.00125000000 0.69340263846 -1.71183776370
-1.00000000000 0.00000000000 2.46875000000 0.00250000000 0.69366268574 -1.71247975543
-1.00000000000 0.00000000000 2.46875000000 0.00375000000 0.69392733008 -1.71313309614
-1.00000000000 0.00000000000 2.46875000000 0.00500000000 0.69419657862 -1.71379780346
-1.00000000000 0.00000000000 2.46875000000 0.00625000000 0.69447043859 -1.71447389528
-1.00000000000 0.00000000000 2.46875000000 0.00750000000 0.69474891737 -1.71516138976
-1.00000000000 0.00000000000 2.46875000000 0.00875000000 0.69503202242 -1.71586030535
-1.00000000000 0.00000000000 2.48437500000 -0.01000000000 0.69128036744 -1.71739966285
-1.00000000000 0.00000000000 2.48437500000 -0.00875000000 0.69149782842 -1.71793991748
-1.00000000000 0.00000000000 2.48437500000 -0.00750000000 0.69171981713 -1.71849142068
-1.00000000000 0.00000000000 2.48437500000 -0.00625000000 0.69194633967 -1.71905418762
-1.00000000000 0.00000000000 2.48437500000 -0.00500000000 0.69217740227 -1.71962823376
-1.00000000000 0.00000000000 2.48437500000 -0.00375000000 0.69241301123 -1.72021357478
-1.00000000000 0.00000000000 2.48437500000 -0.00250000000 0.69265317300 -1.72081022668
-1.00000000000 0.00000000000 2.48437500000 -0.00125000000 0.69289789411 -1.72141820569
-1.00000000000 0.00000000000 2.48437500000 0.00000000000 0.69314718121 -1.72203752831
-1.00000000000 0.00000000000 2.48437500000 0.00125000000 0.69340104104 -1.72266821132
-1.00000000000 0.00000000000 2.48437500000 0.00250000000 0.69365948046 -1.72331027177
-1.00000000000 0.00000000000 2.48437500000 0.00375000000 0.69392250646 -1.72396372698
-1.00000000000 0.00000000000 2.48437500000 0.00500000000 0.69419012610 -1.72462859453
-1.00000000000 0.00000000000 2.48437500000 0.00625000000 0.69446234658 -1.72530489228
-1.00000000000 0.00000000000 2.48437500000 0.00750000000 0.69473917519 -1.72599263836
-1.00000000000 0.00000000000 2.48437500000 0.00875000000 0.69502061935 -1.72669185119
-1.00000000000 0.00000000000 2.50000000000 -0.01000000000 0.69129262352 -1.72823155880
-1.00000000000 0.00000000000 2.50000000000 -0.00875000000 0.69150858732 -1.72877146831
-1.00000000000 0.00000000000 2.50000000000 -0.00750000000 0.69172906901 -1.72932267252
-1.00000000000 0.00000000000 2.50000000000 -0.00625000000 0.69195407463 -1.72988518658
-1.00000000000 0.00000000000 2.50000000000 -0.00500000000 0.69218361035 -1.73045902588
-1.00000000000 0.00000000000 2.50000000000 -0.00375000000 0.69241768244 -1.73104420611
-1.00000000000 0.00000000000 2.50000000000 -0.00250000000 0.69265629728 -1.73164074319
-1.00000000000 0.00000000000 2.50000000000 -0.00125000000 0.69289946133 -1.73224865334
-1.00000000000 0.00000000000 2.50000000000 0.00000000000 0.69314718121 -1.73286795301
-1.00000000000 0.00000000000 2.50000000000 0.00125000000 0.69339946358 -1.73349865896
-1.00000000000 0.00000000000 2.50000000000 0.00250000000 0.69365631528 -1.73414078819
-1.00000000000 0.00000000000 2.50000000000 0.00375000000 0.69391774320 -1.73479435799
-1.00000000000 0.00000000000 2.50000000000 0.00500000000 0.69418375436 -1.73545938590
-1.00000000000 0.00000000000 2.50000000000 0.00625000000 0.69445435590 -1.73613588976
-1.00000000000 0.00000000000 2.50000000000 0.00750000000 0.69472955506 -1.73682388765
-1.00000000000 0.00000000000 2.50000000000 0.00875000000 0.69500935919 -1.73752339797
-1.00000000000 0.00000000000 2.51562500000 -0.01000000000 0.69130472781 -1.73906345589
-1.00000000000 0.00000000000 2.51562500000 -0.00875000000 0.69151921292 -1.73960302001
-1.00000000000 0.00000000000 2.51562500000 -0.00750000000 0.69173820621 -1.74015392501
-1.00000000000 0.00000000000 2.51562500000 -0.00625000000 0.69196171368 -1.74071618598
-1.00000000000 0.00000000000 2.51562500000 -0.00500000000 0.69218974144 -1.74128981830
-1.00000000000 0.00000000000 2.51562500000 -0.00375000000 0.69242229569 -1.74187483760
-1.00000000000 0.00000000000 2.51562500000 -0.00250000000 0.69265938277 -1.74247125978
-1.00000000000 0.00000000000 2.51562500000 -0.00125000000 0.69290100910 -1.74307910101
-1.00000000000 0.00000000000 2.51562500000 0.00000000000 0.69314718121 -1.74369837772
-1.00000000000 0.00000000000 2.51562500000 0.00125000000 0.69339790574 -1.74432910662
-1.00000000000 0.00000000000 2.51562500000 0.00250000000 0.69365318944 -1.74497130469
-1.00000000000 0.00000000000 2.51562500000 0.00375000000 0.69391303917 -1.74562498916
-1.00000000000 0.00000000000 2.51562500000 0.00500000000 0.69417746189 -1.74629017757
-1.00000000000 0.00000000000 2.51562500000 0.00625000000 0.69444646468 -1.74696688770
-1.00000000000 0.00000000000 2.51562500000 0.00750000000 0.69472005471 -1.74765513762
-1.00000000000 0.00000000000 2.51562500000 0.00875000000 0.69499823928 -1.74835494568
-1.00000000000 0.00000000000 2.53125000000 -0.01000000000 0.69131668310 -1.74989535409
-1.00000000000 0.00000000000 2.53125000000 -0.00875000000 0.69152970768 -1.75043457257
-1.00000000000 0.00000000000 2.53125000000 -0.00750000000 0.69174723086 -1.75098517812
-1.00000000000 0.00000000000 2.53125000000 -0.00625000000 0.69196925860 -1.75154718582
-1.00000000000 0.00000000000 2.53125000000 -0.00500000000 0.69219579694 -1.75212061100
-1.00000000000 0.00000000000 2.53125000000 -0.00375000000 0.69242685205 -1.75270546925
-1.00000000000 0.00000000000 2.53125000000 -0.00250000000 0.69266243020 -1.75330177644
-1.00000000000 0.00000000000 2.53125000000 -0.00125000000 0.69290253776 -1.75390954870
-1.00000000000 0.00000000000 2.53125000000 0.00000000000 0.69314718121 -1.75452880243
-1.00000000000 0.00000000000 2.53125000000 0.00125000000 0.69339636713 -1.75515955430
-1.00000000000 0.00000000000 2.53125000000 0.00250000000 0.69365010222 -1.75580182125
-1.00000000000 0.00000000000 2.53125000000 0.00375000000 0.69390839329 -1.75645562050
-1.00000000000 0.00000000000 2.53125000000 0.00500000000 0.69417124722 -1.75712096954
-1.00000000000 0.00000000000 2.53125000000 0.00625000000 0.69443867106 -1.75779788611
-1.00000000000 0.00000000000 2.53125000000 0.00750000000 0.69471067190 -1.75848638826
-1.00000000000 0.00000000000 2.53125000000 0.00875000000 0.69498725700 -1.75918649429
-1.00000000000 0.00000000000 2.54687500000 -0.01000000000 0.69132849212 -1.76072725338
-1.00000000000 0.00000000000 2.54687500000 -0.00875000000 0.69154007400 -1.76126612596
-1.00000000000 0.00000000000 2.54687500000 -0.00750000000 0.69175614502 -1.76181643186
-1.00000000000 0.00000000000 2.54687500000 -0.00625000000 0.69197671111 -1.76237818610
-1.00000000000 0.00000000000 2.54687500000 -0.00500000000 0.69220177825 -1.76295140397
-1.00000000000 0.00000000000 2.54687500000 -0.00375000000 0.69243135256 -1.76353610106
-1.00000000000 0.00000000000 2.54687500000 -0.00250000000 0.69266544026 -1.76413229317
-1.00000000000 0.00000000000 2.54687500000 -0.00125000000 0.69290404767 -1.76473999640
-1.00000000000 0.00000000000 2.54687500000 0.00000000000 0.69314718121 -1.76535922713
-1.00000000000 0.00000000000 2.54687500000 0.00125000000 0.69339484741 -1.76599000199
-1.00000000000 0.00000000000 2.54687500000 0.00250000000 0.69364705291 -1.76663233789
-1.00000000000 0.00000000000 2.54687500000 0.00375000000 0.69390380447 -1.76728625200
-1.00000000000 0.00000000000 2.54687500000 0.00500000000 0.69416510892 -1.76795176179
-1.00000000000 0.00000000000 2.54687500000 0.00625000000 0.69443097324 -1.76862888497
-1.00000000000 0.00000000000 2.54687500000 0.00750000000 0.69470140448 -1.76931763954
-1.00000000000 0.00000000000 2.54687500000 0.00875000000 0.69497640983 -1.77001804380
-1.00000000000 0.00000000000 2.56250000000 -0.01000000000 0.69134015756 -1.77155915374
-1.00000000000 0.00000000000 2.56250000000 -0.00875000000 0.69155031421 -1.77209768018
-1.00000000000 0.00000000000 2.56250000000 -0.00750000000 0.69176495071 -1.77264768620
-1.00000000000 0.00000000000 2.56250000000 -0.00625000000 0.69198407289 -1.77320918679
-1.00000000000 0.00000000000 2.56250000000 -0.00500000000 0.69220768672 -1.77378219722
-1.00000000000 0.00000000000 2.56250000000 -0.00375000000 0.69243579825 -1.77436673302
-1.00000000000 0.00000000000 2.56250000000 -0.00250000000 0.69266841364 -1.77496280996
-1.00000000000 0.00000000000 2.56250000000 -0.00125000000 0.69290553917 -1.77557044413
-1.00000000000 0.00000000000 2.56250000000 0.00000000000 0.69314718121 -1.77618965184
-1.00000000000 0.00000000000 2.56250000000 0.00125000000 0.69339334623 -1.77682044970
-1.00000000000 0.00000000000 2.56250000000 0.00250000000 0.69364404082 -1.77746285460
-1.00000000000 0.00000000000 2.56250000000 0.00375000000 0.69389927167 -1.77811688366
-1.00000000000 0.00000000000 2.56250000000 0.00500000000 0.69415904559 -1.77878255432
-1.00000000000 0.00000000000 2.56250000000 0.00625000000 0.69442336947 -1.77945988427
-1.00000000000 0.00000000000 2.56250000000 0.00750000000 0.69469225033 -1.78014889147
-1.00000000000 0.00000000000 2.56250000000 0.00875000000 0.69496569529 -1.78084959418
-1.00000000000 0.00000000000 2.57812500000 -0.01000000000 0.69135168200 -1.78239105515
-1.00000000000 0.00000000000 2.57812500000 -0.00875000000 0.69156043062 -1.78292923520
-1.00000000000 0.00000000000 2.57812500000 -0.00750000000 0.69177364989 -1.78347894113
-1.00000000000 0.00000000000 2.57812500000 -0.00625000000 0.69199134561 -1.78404018791
-1.00000000000 0.00000000000 2.57812500000 -0.00500000000 0.69221352368 -1.78461299074
-1.00000000000 0.00000000000 2.57812500000 -0.00375000000 0.69244019011 -1.78519736513
-1.00000000000 0.00000000000 2.57812500000 -0.00250000000 0.69267135101 -1.78579332683
-1.00000000000 0.00000000000 2.57812500000 -0.00125000000 0.69290701260 -1.78640089187
-1.00000000000 0.00000000000 2.57812500000 0.00000000000 0.69314718121 -1.78702007655
-1.00000000000 0.00000000000 2.57812500000 0.00125000000 0.69339186325 -1.78765089743
-1.00000000000 0.00000000000 2.57812500000 0.00250000000 0.69364106526 -1.78829337137
-1.00000000000 0.00000000000 2.57812500000 0.00375000000 0.69389479388 -1.78894751547
-1.00000000000 0.00000000000 2.57812500000 0.00500000000 0.69415305586 -1.78961334713
-1.00000000000 0.00000000000 2.57812500000 0.00625000000 0.69441585804 -1.79029088400
-1.00000000000 0.00000000000 2.57812500000 0.00750000000 0.69468320738 -1.79098014402
-1.00000000000 0.00000000000 2.57812500000 0.00875000000 0.69495511095 -1.79168114542
-1.00000000000 0.00000000000 2.59375000000 -0.01000000000 0.69136306799 -1.79322295759
-1.00000000000 0.00000000000 2.59375000000 -0.00875000000 0.69157042545 -1.79376079102
-1.00000000000 0.00000000000 2.59375000000 -0.00750000000 0.69178224449 -1.79431019666
-1.00000000000 0.00000000000 2.59375000000 -0.00625000000 0.69199853086 -1.79487118943
-1.00000000000 0.00000000000 2.59375000000 -0.00500000000 0.69221929042 -1.79544378452
-1.00000000000 0.00000000000 2.59375000000 -0.00375000000 0.69244452911 -1.79602799739
-1.00000000000 0.00000000000 2.59375000000 -0.00250000000 0.69267425301 -1.79662384376
-1.00000000000 0.00000000000 2.59375000000 -0.00125000000 0.69290846829 -1.79723133962
-1.00000000000 0.00000000000 2.59375000000 0.00000000000 0.69314718121 -1.79785050125
-1.00000000000 0.00000000000 2.59375000000 0.00125000000 0.69339039814 -1.79848134518
-1.00000000000 0.00000000000 2.59375000000 0.00250000000 0.69363812558 -1.79912388822
-1.00000000000 0.00000000000 2.59375000000 0.00375000000 0.69389037010 -1.79977814744
-1.00000000000 0.00000000000 2.59375000000 0.00500000000 0.69414713839 -1.80044414021
-1.00000000000 0.00000000000 2.59375000000 0.00625000000 0.69440843727 -1.80112188416
-1.00000000000 0.00000000000 2.59375000000 0.00750000000 0.69467427362 -1.80181139719
-1.00000000000 0.00000000000 2.59375000000 0.00875000000 0.69494465446 -1.80251269750
-1.00000000000 0.00000000000 2.60937500000 -0.01000000000 0.69137431801 -1.80405486105
-1.00000000000 0.00000000000 2.60937500000 -0.00875000000 0.69158030088 -1.80459234762
-1.00000000000 0.00000000000 2.60937500000 -0.00750000000 0.69179073639 -1.80514145276
-1.00000000000 0.00000000000 2.60937500000 -0.00625000000 0.69200563022 -1.80570219135
-1.00000000000 0.00000000000 2.60937500000 -0.00500000000 0.69222498819 -1.80627457855
-1.00000000000 0.00000000000 2.60937500000 -0.00375000000 0.69244881621 -1.80685862979
-1.00000000000 0.00000000000 2.60937500000 -0.00250000000 0.69267712029 -1.80745436075
-1.00000000000 0.00000000000 2.60937500000 -0.00125000000 0.69290990655 -1.80806178740
-1.00000000000 0.00000000000 2.60937500000 0.00000000000 0.69314718121 -1.80868092596
-1.00000000000 0.00000000000 2.60937500000 0.00125000000 0.69338895059 -1.80931179294
-1.00000000000 0.00000000000 2.60937500000 0.00250000000 0.69363522113 -1.80995440512
-1.00000000000 0.00000000000 2.60937500000 0.00375000000 0.69388599935 -1.81060877955
-1.00000000000 0.00000000000 2.60937500000 0.00500000000 0.69414129190 -1.81127493356
-1.00000000000 0.00000000000 2.60937500000 0.00625000000 0.69440110553 -1.81195288474
-1.00000000000 0.00000000000 2.60937500000 0.00750000000 0.69466544708 -1.81264265097
-1.00000000000 0.00000000000 2.60937500000 0.00875000000 0.69493432351 -1.81334425041
-1.00000000000 0.00000000000 2.62500000000 -0.01000000000 0.69138543448 -1.81488676550
-1.00000000000 0.00000000000 2.62500000000 -0.00875000000 0.69159005904 -1.81542390498
-1.00000000000 0.00000000000 2.62500000000 -0.00750000000 0.69179912740 -1.81597270942
-1.00000000000 0.00000000000 2.62500000000 -0.00625000000 0.69201264521 -1.81653319367
-1.00000000000 0.00000000000 2.62500000000 -0.00500000000 0.69223061823 -1.81710537284
-1.00000000000 0.00000000000 2.62500000000 -0.00375000000 0.69245305232 -1.81768926234
-1.00000000000 0.00000000000 2.62500000000 -0.00250000000 0.69267995345 -1.81828487781
-1.00000000000 0.00000000000 2.62500000000 -0.00125000000 0.69291132769 -1.81889223518
-1.00000000000 0.00000000000 2.62500000000 0.00000000000 0.69314718121 -1.81951135066
-1.00000000000 0.00000000000 2.62500000000 0.00125000000 0.69338752027 -1.82014224072
-1.00000000000 0.00000000000 2.62500000000 0.00250000000 0.69363235128 -1.82078492210
-1.00000000000 0.00000000000 2.62500000000 0.00375000000 0.69388168069 -1.82143941182
-1.00000000000 0.00000000000 2.62500000000 0.00500000000 0.69413551511 -1.82210572717
-1.00000000000 0.00000000000 2.62500000000 0.00625000000 0.69439386123 -1.82278388573
-1.00000000000 0.00000000000 2.62500000000 0.00750000000 0.69465672584 -1.82347390534
-1.00000000000 0.00000000000 2.62500000000 0.00875000000 0.69492411586 -1.82417580413
-1.00000000000 0.00000000000 2.64062500000 -0.01000000000 0.69139641976 -1.82571867094
-1.00000000000 0.00000000000 2.64062500000 -0.00875000000 0.69159970200 -1.82625546310
-1.00000000000 0.00000000000 2.64062500000 -0.00750000000 0.69180741932 -1.82680396664
-1.00000000000 0.00000000000 2.64062500000 -0.00625000000 0.69201957732 -1.82736419637
-1.00000000000 0.00000000000 2.64062500000 -0.00500000000 0.69223618173 -1.82793616738
-1.00000000000 0.00000000000 2.64062500000 -0.00375000000 0.69245723835 -1.82851989503
-1.00000000000 0.00000000000 2.64062500000 -0.00250000000 0.69268275311 -1.82911539493
-1.00000000000 0.00000000000 2.64062500000 -0.00125000000 0.69291273202 -1.82972268299
-1.00000000000 0.00000000000 2.64062500000 0.00000000000 0.69314718121 -1.83034177537
-1.00000000000 0.00000000000 2.64062500000 0.00125000000 0.69338610689 -1.83097268852
-1.00000000000 0.00000000000 2.64062500000 0.00250000000 0.69362951541 -1.83161543914
-1.00000000000 0.00000000000 2.64062500000 0.00375000000 0.69387741320 -1.83227004422
-1.00000000000 0.00000000000 2.64062500000 0.00500000000 0.69412980678 -1.83293652104
-1.00000000000 0.00000000000 2.64062500000 0.00625000000 0.69438670282 -1.83361488712
-1.00000000000 0.00000000000 2.64062500000 0.00750000000 0.69464810804 -1.83430516030
-1.00000000000 0.00000000000 2.64062500000 0.00875000000 0.69491402931 -1.83500735865
-1.00000000000 0.00000000000 2.65625000000 -0.01000000000 0.69140727617 -1.83655057733
-1.00000000000 0.00000000000 2.65625000000 -0.00875000000 0.69160923180 -1.83708702196
-1.00000000000 0.00000000000 2.65625000000 -0.00750000000 0.69181561389 -1.83763522440
-1.00000000000 0.00000000000 2.65625000000 -0.00625000000 0.69202642803 -1.83819519946
-1.00000000000 0.00000000000 2.65625000000 -0.00500000000 0.69224167987 -1.83876696217
-1.00000000000 0.00000000000 2.65625000000 -0.00375000000 0.69246137519 -1.83935052785
-1.00000000000 0.00000000000 2.65625000000 -0.00250000000 0.69268551985 -1.83994591211
-1.00000000000 0.00000000000 2.65625000000 -0.00125000000 0.69291411983 -1.84055313081
-1.00000000000 0.00000000000 2.65625000000 0.00000000000 0.69314718121 -1.84117220008
-1.00000000000 0.00000000000 2.65625000000 0.00125000000 0.69338471015 -1.84180313632
-1.00000000000 0.00000000000 2.65625000000 0.00250000000 0.69362671294 -1.84244595624
-1.00000000000 0.00000000000 2.65625000000 0.00375000000 0.69387319596 -1.84310067677
-1.00000000000 0.00000000000 2.65625000000 0.00500000000 0.69412416571 -1.84376731516
-1.00000000000 0.00000000000 2.65625000000 0.00625000000 0.69437962877 -1.84444588891
-1.00000000000 0.00000000000 2.65625000000 0.00750000000 0.69463959184 -1.84513641582
-1.00000000000 0.00000000000 2.65625000000 0.00875000000 0.69490406173 -1.84583891396
-1.00000000000 0.00000000000 2.67187500000 -0.01000000000 0.69141800596 -1.84738248467
-1.00000000000 0.00000000000 2.67187500000 -0.00875000000 0.69161865040 -1.84791858154
-1.00000000000 0.00000000000 2.67187500000 -0.00750000000 0.69182371283 -1.84846648271
-1.00000000000 0.00000000000 2.67187500000 -0.00625000000 0.69203319875 -1.84902620291
-1.00000000000 0.00000000000 2.67187500000 -0.00500000000 0.69224711380 -1.84959775719
-1.00000000000 0.00000000000 2.67187500000 -0.00375000000 0.69246546370 -1.85018116082
-1.00000000000 0.00000000000 2.67187500000 -0.00250000000 0.69268825426 -1.85077642936
-1.00000000000 0.00000000000 2.67187500000 -0.00125000000 0.69291549142 -1.85138357865
-1.00000000000 0.00000000000 2.67187500000 0.00000000000 0.69314718121 -1.85200262478
-1.00000000000 0.00000000000 2.67187500000 0.00125000000 0.69338332974 -1.85263358415
-1.00000000000 0.00000000000 2.67187500000 0.00250000000 0.69362394326 -1.85327647340
-1.00000000000 0.00000000000 2.67187500000 0.00375000000 0.69386902810 -1.85393130946
-1.00000000000 0.00000000000 2.67187500000 0.00500000000 0.69411859070 -1.85459810953
-1.00000000000 0.00000000000 2.67187500000 0.00625000000 0.69437263760 -1.85527689109
-1.00000000000 0.00000000000 2.67187500000 0.00750000000 0.69463117545 -1.85596767192
-1.00000000000 0.00000000000 2.67187500000 0.00875000000 0.69489421101 -1.85667047004
-1.00000000000 0.00000000000 2.68750000000 -0.01000000000 0.69142861132 -1.85821439293
-1.00000000000 0.00000000000 2.68750000000 -0.00875000000 0.69162795975 -1.85875014183
-1.00000000000 0.00000000000 2.68750000000 -0.00750000000 0.69183171778 -1.85929774153
-1.00000000000 0.00000000000 2.68750000000 -0.00625000000 0.69203989088 -1.85985720674
-1.00000000000 0.00000000000 2.68750000000 -0.00500000000 0.69225248463 -1.86042855245
-1.00000000000 0.00000000000 2.68750000000 -0.00375000000 0.69246950471 -1.86101179391
-1.00000000000 0.00000000000 2.68750000000 -0.00250000000 0.69269095690 -1.86160694666
-1.00000000000 0.00000000000 2.68750000000 -0.00125000000 0.69291684707 -1.86221402650
-1.00000000000 0.00000000000 2.68750000000 0.00000000000 0.69314718121 -1.86283304949
-1.00000000000 0.00000000000 2.68750000000 0.00125000000 0.69338196539 -1.86346403199
-1.00000000000 0.00000000000 2.68750000000 0.00250000000 0.69362120581 -1.86410699062
-1.00000000000 0.00000000000 2.68750000000 0.00375000000 0.69386490876 -1.86476194228
-1.00000000000 0.00000000000 2.68750000000 0.00500000000 0.69411308061 -1.86542890414
-1.00000000000 0.00000000000 2.68750000000 0.00625000000 0.69436572787 -1.86610789366
-1.00000000000 0.00000000000 2.68750000000 0.00750000000 0.69462285714 -1.86679892857
-1.00000000000 0.00000000000 2.68750000000 0.00875000000 0.69488447512 -1.86750202687
-1.00000000000 0.00000000000 2.70312500000 -0.01000000000 0.69143909442 -1.86904630211
-1.00000000000 0.00000000000 2.70312500000 -0.00875000000 0.69163716174 -1.86958170283
-1.00000000000 0.00000000000 2.70312500000 -0.00750000000 0.69183963038 -1.87012900088
-1.00000000000 0.00000000000 2.70312500000 -0.00625000000 0.69204650578 -1.87068821093
-1.00000000000 0.00000000000 2.70312500000 -0.00500000000 0.69225779346 -1.87125934794
-1.00000000000 0.00000000000 2.70312500000 -0.00375000000 0.69247349906 -1.87184242714
-1.00000000000 0.00000000000 2.70312500000 -0.00250000000 0.69269362831 -1.87243746402
-1.00000000000 0.00000000000 2.70312500000 -0.00125000000 0.69291818705 -1.87304447436
-1.00000000000 0.00000000000 2.70312500000 0.00000000000 0.69314718121 -1.87366347420
-1.00000000000 0.00000000000 2.70312500000 0.00125000000 0.69338061682 -1.87429447985
-1.00000000000 0.00000000000 2.70312500000 0.00250000000 0.69361850003 -1.87493750790
-1.00000000000 0.00000000000 2.70312500000 0.00375000000 0.69386083708 -1.87559257524
-1.00000000000 0.00000000000 2.70312500000 0.00500000000 0.69410763431 -1.87625969899
-1.00000000000 0.00000000000 2.70312500000 0.00625000000 0.69435889816 -1.87693889660
-1.00000000000 0.00000000000 2.70312500000 0.00750000000 0.69461463519 -1.87763018576
-1.00000000000 0.00000000000 2.70312500000 0.00875000000 0.69487485205 -1.87833358445
-1.00000000000 0.00000000000 2.71875000000 -0.01000000000 0.69144945736 -1.87987821218
-1.00000000000 0.00000000000 2.71875000000 -0.00875000000 0.69164625821 -1.88041326452
-1.00000000000 0.00000000000 2.71875000000 -0.00750000000 0.69184745222 -1.88096026073
-1.00000000000 0.00000000000 2.71875000000 -0.00625000000 0.69205304477 -1.88151921547
-1.00000000000 0.00000000000 2.71875000000 -0.00500000000 0.69226304135 -1.88209014366
-1.00000000000 0.00000000000 2.71875000000 -0.00375000000 0.69247744754 -1.88267306049
-1.00000000000 0.00000000000 2.71875000000 -0.00250000000 0.69269626904 -1.88326798144
-1.00000000000 0.00000000000 2.71875000000 -0.00125000000 0.69291951163 -1.88387492224
-1.00000000000 0.00000000000 2.71875000000 0.00000000000 0.69314718121 -1.88449389890
-1.00000000000 0.00000000000 2.71875000000 0.00125000000 0.69337928376 -1.88512492772
-1.00000000000 0.00000000000 2.71875000000 0.00250000000 0.69361582538 -1.88576802524
-1.00000000000 0.00000000000 2.71875000000 0.00375000000 0.69385681226 -1.88642320833
-1.00000000000 0.00000000000 2.71875000000 0.00500000000 0.69410225070 -1.88709049408
-1.00000000000 0.00000000000 2.71875000000 0.00625000000 0.69435214709 -1.88776989991
-1.00000000000 0.00000000000 2.71875000000 0.00750000000 0.69460650795 -1.88846144348
-1.00000000000 0.00000000000 2.71875000000 0.00875000000 0.69486533987 -1.88916514276
-1.00000000000 0.00000000000 2.73437500000 -0.01000000000 0.69145970218 -1.89071012314
-1.00000000000 0.00000000000 2.73437500000 -0.00875000000 0.69165525097 -1.89124482688
-1.00000000000 0.00000000000 2.73437500000 -0.00750000000 0.69185518485 -1.89179152108
-1.00000000000 0.00000000000 2.73437500000 -0.00625000000 0.69205950916 -1.89235022036
-1.00000000000 0.00000000000 2.73437500000 -0.00500000000 0.69226822934 -1.89292093960
-1.00000000000 0.00000000000 2.73437500000 -0.00375000000 0.69248135094 -1.89350369398
-1.00000000000 0.00000000000 2.73437500000 -0.00250000000 0.69269887960 -1.89409849892
-1.00000000000 0.00000000000 2.73437500000 -0.00125000000 0.69292082108 -1.89470537013
-1.00000000000 0.00000000000 2.73437500000 0.00000000000 0.69314718121 -1.89532432361
-1.00000000000 0.00000000000 2.73437500000 0.00125000000 0.69337796593 -1.89595537560
-1.00000000000 0.00000000000 2.73437500000 0.00250000000 0.69361318131 -1.89659854264
-1.00000000000 0.00000000000 2.73437500000 0.00375000000 0.69385283348 -1.89725384155
-1.00000000000 0.00000000000 2.73437500000 0.00500000000 0.69409692870 -1.89792128940
-1.00000000000 0.00000000000 2.73437500000 0.00625000000 0.69434547331 -1.89860090358
-1.00000000000 0.00000000000 2.73437500000 0.00750000000 0.69459847378 -1.89929270174
-1.00000000000 0.00000000000 2.73437500000 0.00875000000 0.69485593666 -1.89999670179
-1.00000000000 0.00000000000 2.75000000000 -0.01000000000 0.69146983089 -1.90154203496
-1.00000000000 0.00000000000 2.75000000000 -0.00875000000 0.69166414179 -1.90207638991
-1.00000000000 0.00000000000 2.75000000000 -0.00750000000 0.69186282979 -1.90262278192
-1.00000000000 0.00000000000 2.75000000000 -0.00625000000 0.69206590021 -1.90318122559
-1.00000000000 0.00000000000 2.75000000000 -0.00500000000 0.69227335846 -1.90375173576
-1.00000000000 0.00000000000 2.75000000000 -0.00375000000 0.69248521003 -1.90433432758
-1.00000000000 0.00000000000 2.75000000000 -0.00250000000 0.69270146053 -1.90492901645
-1.00000000000 0.00000000000 2.75000000000 -0.00125000000 0.69292211565 -1.90553581804
-1.00000000000 0.00000000000 2.75000000000 0.00000000000 0.69314718121 -1.90615474832
-1.00000000000 0.00000000000 2.75000000000 0.00125000000 0.69337666309 -1.90678582350
-1.00000000000 0.00000000000 2.75000000000 0.00250000000 0.69361056731 -1.90742906010
-1.00000000000 0.00000000000 2.75000000000 0.00375000000 0.69384889996 -1.90808447489
-1.00000000000 0.00000000000 2.75000000000 0.00500000000 0.69409166726 -1.90875208495
-1.00000000000 0.00000000000 2.75000000000 0.00625000000 0.69433887550 -1.90943190762
-1.00000000000 0.00000000000 2.75000000000 0.00750000000 0.69459053109 -1.91012396051
-1.00000000000 0.00000000000 2.75000000000 0.00875000000 0.69484664056 -1.91082826153
-1.00000000000 0.00000000000 2.76562500000 -0.01000000000 0.69147984547 -1.91237394763
-1.00000000000 0.00000000000 2.76562500000 -0.00875000000 0.69167293237 -1.91290795359
-1.00000000000 0.00000000000 2.76562500000 -0.00750000000 0.69187038852 -1.91345404325
-1.00000000000 0.00000000000 2.76562500000 -0.00625000000 0.69207221917 -1.91401223116
-1.00000000000 0.00000000000 2.76562500000 -0.00500000000 0.69227842970 -1.91458253214
-1.00000000000 0.00000000000 2.76562500000 -0.00375000000 0.69248902556 -1.91516496131
-1.00000000000 0.00000000000 2.76562500000 -0.00250000000 0.69270401231 -1.91575953403
-1.00000000000 0.00000000000 2.76562500000 -0.00125000000 0.69292339560 -1.91636626596
-1.00000000000 0.00000000000 2.76562500000 0.00000000000 0.69314718121 -1.91698517302
-1.00000000000 0.00000000000 2.76562500000 0.00125000000 0.69337537497 -1.91761627141
-1.00000000000 0.00000000000 2.76562500000 0.00250000000 0.69360798286 -1.91825957761
-1.00000000000 0.00000000000 2.76562500000 0.00375000000 0.69384501093 -1.91891510837
-1.00000000000 0.00000000000 2.76562500000 0.00500000000 0.69408646535 -1.91958288073
-1.00000000000 0.00000000000 2.76562500000 0.00625000000 0.69433235236 -1.92026291200
-1.00000000000 0.00000000000 2.76562500000 0.00750000000 0.69458267834 -1.92095521978
-1.00000000000 0.00000000000 2.76562500000 0.00875000000 0.69483744975 -1.92165982196
-1.00000000000 0.00000000000 2.78125000000 -0.01000000000 0.69148974783 -1.92320586114
-1.00000000000 0.00000000000 2.78125000000 -0.00875000000 0.69168162442 -1.92373951792
-1.00000000000 0.00000000000 2.78125000000 -0.00750000000 0.69187786249 -1.92428530505
-1.00000000000 0.00000000000 2.78125000000 -0.00625000000 0.69207846726 -1.92484323705
-1.00000000000 0.00000000000 2.78125000000 -0.00500000000 0.69228344404 -1.92541332873
-1.00000000000 0.00000000000 2.78125000000 -0.00375000000 0.69249279826 -1.92599559516
-1.00000000000 0.00000000000 2.78125000000 -0.00250000000 0.69270653543 -1.92659005167
-1.00000000000 0.00000000000 2.78125000000 -0.00125000000 0.69292466118 -1.92719671390
-1.00000000000 0.00000000000 2.78125000000 0.00000000000 0.69314718121 -1.92781559773
-1.00000000000 0.00000000000 2.78125000000 0.00125000000 0.69337410133 -1.92844671934
-1.00000000000 0.00000000000 2.78125000000 0.00250000000 0.69360542748 -1.92909009517
-1.00000000000 0.00000000000 2.78125000000 0.00375000000 0.69384116565 -1.92974574196
-1.00000000000 0.00000000000 2.78125000000 0.00500000000 0.69408132197 -1.93041367672
-1.00000000000 0.00000000000 2.78125000000 0.00625000000 0.69432590264 -1.93109391673
-1.00000000000 0.00000000000 2.78125000000 0.00750000000 0.69457491400 -1.93178647956
-1.00000000000 0.00000000000 2.78125000000 0.00875000000 0.69482836245 -1.93249138307
-1.00000000000 0.00000000000 2.79687500000 -0.01000000000 0.69149953983 -1.93403777547
-1.00000000000 0.00000000000 2.79687500000 -0.00875000000 0.69169021958 -1.93457108288
-1.00000000000 0.00000000000 2.79687500000 -0.00750000000 0.69188525312 -1.93511656732
-1.00000000000 0.00000000000 2.79687500000 -0.00625000000 0.69208464564 -1.93567424328
-1.00000000000 0.00000000000 2.79687500000 -0.00500000000 0.69228840243 -1.93624412554
-1.00000000000 0.00000000000 2.79687500000 -0.00375000000 0.69249652885 -1.93682622913
-1.00000000000 0.00000000000 2.79687500000 -0.00250000000 0.69270903039 -1.93742056937
-1.00000000000 0.00000000000 2.79687500000 -0.00125000000 0.69292591262 -1.93802716185
-1.00000000000 0.00000000000 2.79687500000 0.00000000000 0.69314718121 -1.93864602243
-1.00000000000 0.00000000000 2.79687500000 0.00125000000 0.69337284193 -1.93927716727
-1.00000000000 0.00000000000 2.79687500000 0.00250000000 0.69360290066 -1.93992061279
-1.00000000000 0.00000000000 2.79687500000 0.00375000000 0.69383736337 -1.94057637568
-1.00000000000 0.00000000000 2.79687500000 0.00500000000 0.69407623613 -1.94124447293
-1.00000000000 0.00000000000 2.79687500000 0.00625000000 0.69431952511 -1.94192492180
-1.00000000000 0.00000000000 2.79687500000 0.00750000000 0.69456723659 -1.94261773983
-1.00000000000 0.00000000000 2.79687500000 0.00875000000 0.69481937693 -1.94332294486
-1.00000000000 0.00000000000 2.81250000000 -0.01000000000 0.69150922333 -1.94486969061
-1.00000000000 0.00000000000 2.81250000000 -0.00875000000 0.69169871945 -1.94540264846
-1.00000000000 0.00000000000 2.81250000000 -0.00750000000 0.69189256179 -1.94594783004
-1.00000000000 0.00000000000 2.81250000000 -0.00625000000 0.69209075549 -1.94650524982
-1.00000000000 0.00000000000 2.81250000000 -0.00500000000 0.69229330579 -1.94707492254
-1.00000000000 0.00000000000 2.81250000000 -0.00375000000 0.69250021803 -1.94765686321
-1.00000000000 0.00000000000 2.81250000000 -0.00250000000 0.69271149764 -1.94825108711
-1.00000000000 0.00000000000 2.81250000000 -0.00125000000 0.69292715015 -1.94885760981
-1.00000000000 0.00000000000 2.81250000000 0.00000000000 0.69314718121 -1.94947644714
-1.00000000000 0.00000000000 2.81250000000 0.00125000000 0.69337159652 -1.95010761523
-1.00000000000 0.00000000000 2.81250000000 0.00250000000 0.69360040194 -1.95075113046
-1.00000000000 0.00000000000 2.81250000000 0.00375000000 0.69383360338 -1.95140700951
-1.00000000000 0.00000000000 2.81250000000 0.00500000000 0.69407120688 -1.95207526935
-1.00000000000 0.00000000000 2.81250000000 0.00625000000 0.69431321856 -1.95275592720
-1.00000000000 0.00000000000 2.81250000000 0.00750000000 0.69455964465 -1.95344900058
-1.00000000000 0.00000000000 2.81250000000 0.00875000000 0.69481049149 -1.95415450730
-1.00000000000 0.00000000000 2.82812500000 -0.01000000000 0.69151880011 -1.95570160655
-1.00000000000 0.00000000000 2.82812500000 -0.00875000000 0.69170712562 -1.95623421465
-1.00000000000 0.00000000000 2.82812500000 -0.00750000000 0.69189978987 -1.95677909322
-1.00000000000 0.00000000000 2.82812500000 -0.00625000000 0.69209679794 -1.95733625668
-1.00000000000 0.00000000000 2.82812500000 -0.00500000000 0.69229815505 -1.95790571975
-1.00000000000 0.00000000000 2.82812500000 -0.00375000000 0.69250386649 -1.95848749741
-1.00000000000 0.00000000000 2.82812500000 -0.00250000000 0.69271393765 -1.95908160490
-1.00000000000 0.00000000000 2.82812500000 -0.00125000000 0.69292837402 -1.95968805778
-1.00000000000 0.00000000000 2.82812500000 0.00000000000 0.69314718121 -1.96030687185
-1.00000000000 0.00000000000 2.82812500000 0.00125000000 0.69337036489 -1.96093806319
-1.00000000000 0.00000000000 2.82812500000 0.00250000000 0.69359793085 -1.96158164818
-1.00000000000 0.00000000000 2.82812500000 0.00375000000 0.69382988498 -1.96223764347
-1.00000000000 0.00000000000 2.82812500000 0.00500000000 0.69406623327 -1.96290606598
-1.00000000000 0.00000000000 2.82812500000 0.00625000000 0.69430698181 -1.96358693293
-1.00000000000 0.00000000000 2.82812500000 0.00750000000 0.69455213677 -1.96428026181
-1.00000000000 0.00000000000 2.82812500000 0.00875000000 0.69480170445 -1.96498607040
-1.00000000000 0.00000000000 2.84375000000 -0.01000000000 0.69152827192 -1.96653352327
-1.00000000000 0.00000000000 2.84375000000 -0.00875000000 0.69171543963 -1.96706578145
-1.00000000000 0.00000000000 2.84375000000 -0.00750000000 0.69190693867 -1.96761035684
-1.00000000000 0.00000000000 2.84375000000 -0.00625000000 0.69210277410 -1.96816726385
-1.00000000000 0.00000000000 2.84375000000 -0.00500000000 0.69230295109 -1.96873651716
-1.00000000000 0.00000000000 2.84375000000 -0.00375000000 0.69250747489 -1.96931813172
-1.00000000000 0.00000000000 2.84375000000 -0.00250000000 0.69271635086 -1.96991212275
-1.00000000000 0.00000000000 2.84375000000 -0.00125000000 0.69292958445 -1.97051850577
-1.00000000000 0.00000000000 2.84375000000 0.00000000000 0.69314718121 -1.97113729655
-1.00000000000 0.00000000000 2.84375000000 0.00125000000 0.69336914678 -1.97176851117
-1.00000000000 0.00000000000 2.84375000000 0.00250000000 0.69359548693 -1.97241216596
-1.00000000000 0.00000000000 2.84375000000 0.00375000000 0.69382620749 -1.97306827754
-1.00000000000 0.00000000000 2.84375000000 0.00500000000 0.69406131440 -1.97373686282
-1.00000000000 0.00000000000 2.84375000000 0.00625000000 0.69430081371 -1.97441793898
-1.00000000000 0.00000000000 2.84375000000 0.00750000000 0.69454471156 -1.97511152350
-1.00000000000 0.00000000000 2.84375000000 0.00875000000 0.69479301420 -1.97581763413
-1.00000000000 0.00000000000 2.85937500000 -0.01000000000 0.69153764048 -1.97736544076
-1.00000000000 0.00000000000 2.85937500000 -0.00875000000 0.69172366298 -1.97789734884
-1.00000000000 0.00000000000 2.85937500000 -0.00750000000 0.69191400950 -1.97844162090
-1.00000000000 0.00000000000 2.85937500000 -0.00625000000 0.69210868505 -1.97899827133
-1.00000000000 0.00000000000 2.85937500000 -0.00500000000 0.69230769478 -1.97956731476
-1.00000000000 0.00000000000 2.85937500000 -0.00375000000 0.69251104389 -1.98014876614
-1.00000000000 0.00000000000 2.85937500000 -0.00250000000 0.69271873771 -1.98074264064
-1.00000000000 0.00000000000 2.85937500000 -0.00125000000 0.69293078165 -1.98134895377
-1.00000000000 0.00000000000 2.85937500000 0.00000000000 0.69314718121 -1.98196772126
-1.00000000000 0.00000000000 2.85937500000 0.00125000000 0.69336794200 -1.98259895916
-1.00000000000 0.00000000000 2.85937500000 0.00250000000 0.69359306974 -1.98324268378
-1.00000000000 0.00000000000 2.85937500000 0.00375000000 0.69382257022 -1.98389891172
-1.00000000000 0.00000000000 2.85937500000 0.00500000000 0.69405644935 -1.98456765986
-1.00000000000 0.00000000000 2.85937500000 0.00625000000 0.69429471313 -1.98524894535
-1.00000000000 0.00000000000 2.85937500000 0.00750000000 0.69453736766 -1.98594278565
-1.00000000000 0.00000000000 2.85937500000 0.00875000000 0.69478441914 -1.98664919849
-1.00000000000 0.00000000000 2.87500000000 -0.01000000000 0.69154690748 -1.98819735901
-1.00000000000 0.00000000000 2.87500000000 -0.00875000000 0.69173179715 -1.98872891681
-1.00000000000 0.00000000000 2.87500000000 -0.00750000000 0.69192100361 -1.98927288539
-1.00000000000 0.00000000000 2.87500000000 -0.00625000000 0.69211453186 -1.98982927910
-1.00000000000 0.00000000000 2.87500000000 -0.00500000000 0.69231238698 -1.99039811256
-1.00000000000 0.00000000000 2.87500000000 -0.00375000000 0.69251457414 -1.99097940067
-1.00000000000 0.00000000000 2.87500000000 -0.00250000000 0.69272109864 -1.99157315859
-1.00000000000 0.00000000000 2.87500000000 -0.00125000000 0.69293196584 -1.99217940178
-1.00000000000 0.00000000000 2.87500000000 0.00000000000 0.69314718121 -1.99279814597
-1.00000000000 0.00000000000 2.87500000000 0.00125000000 0.69336675032 -1.99342940716
-1.00000000000 0.00000000000 2.87500000000 0.00250000000 0.69359067884 -1.99407320165
-1.00000000000 0.00000000000 2.87500000000 0.00375000000 0.69381897253 -1.99472954601
-1.00000000000 0.00000000000 2.87500000000 0.00500000000 0.69405163725 -1.99539845710
-1.00000000000 0.00000000000 2.87500000000 0.00625000000 0.69428867897 -1.99607995204
-1.00000000000 0.00000000000 2.87500000000 0.00750000000 0.69453010374 -1.99677404826
-1.00000000000 0.00000000000 2.87500000000 0.00875000000 0.69477591773 -1.99748076347
-1.00000000000 0.00000000000 2.89062500000 -0.01000000000 0.69155607455 -1.99902927800
-1.00000000000 0.00000000000 2.89062500000 -0.00875000000 0.69173984358 -1.99956048535
-1.00000000000 0.00000000000 2.89062500000 -0.00750000000 0.69192792227 -2.00010415030
-1.00000000000 0.00000000000 2.89062500000 -0.00625000000 0.69212031556 -2.00066028717
-1.00000000000 0.00000000000 2.89062500000 -0.00500000000 0.69231702851 -2.00122891055
-1.00000000000 0.00000000000 2.89062500000 -0.00375000000 0.69251806627 -2.00181003530
-1.00000000000 0.00000000000 2.89062500000 -0.00250000000 0.69272343406 -2.00240367658
-1.00000000000 0.00000000000 2.89062500000 -0.00125000000 0.69293313723 -2.00300984980
-1.00000000000 0.00000000000 2.89062500000 0.00000000000 0.69314718121 -2.00362857067
-1.00000000000 0.00000000000 2.89062500000 0.00125000000 0.69336557152 -2.00425985518
-1.00000000000 0.00000000000 2.89062500000 0.00250000000 0.69358831380 -2.00490371957
-1.00000000000 0.00000000000 2.89062500000 0.00375000000 0.69381541377 -2.00556018042
-1.00000000000 0.00000000000 2.89062500000 0.00500000000 0.69404687724 -2.00622925453
-1.00000000000 0.00000000000 2.89062500000 0.00625000000 0.69428271015 -2.00691095903
-1.00000000000 0.00000000000 2.89062500000 0.00750000000 0.69452291851 -2.00760531131
-1.00000000000 0.00000000000 2.89062500000 0.00875000000 0.69476750843 -2.00831232905
-1.00000000000 0.00000000000 2.90625000000 -0.01000000000 0.69156514330 -2.00986119773
-1.00000000000 0.00000000000 2.90625000000 -0.00875000000 0.69174780368 -2.01039205446
-1.00000000000 0.00000000000 2.90625000000 -0.00750000000 0.69193476667 -2.01093541563
-1.00000000000 0.00000000000 2.90625000000 -0.00625000000 0.69212603717 -2.01149129553
-1.00000000000 0.00000000000 2.90625000000 -0.00500000000 0.69232162020 -2.01205970872
-1.00000000000 0.00000000000 2.90625000000 -0.00375000000 0.69252152088 -2.01264067004
-1.00000000000 0.00000000000 2.90625000000 -0.00250000000 0.69272574438 -2.01323419462
-1.00000000000 0.00000000000 2.90625000000 -0.00125000000 0.69293429603 -2.01384029784
-1.00000000000 0.00000000000 2.90625000000 0.00000000000 0.69314718121 -2.01445899538
-1.00000000000 0.00000000000 2.90625000000 0.00125000000 0.69336440540 -2.01509030320
-1.00000000000 0.00000000000 2.90625000000 0.00250000000 0.69358597421 -2.01573423754
-1.00000000000 0.00000000000 2.90625000000 0.00375000000 0.69381189331 -2.01639081493
-1.00000000000 0.00000000000 2.90625000000 0.00500000000 0.69404216848 -2.01706005216
-1.00000000000 0.00000000000 2.90625000000 0.00625000000 0.69427680562 -2.01774196632
-1.00000000000 0.00000000000 2.90625000000 0.00750000000 0.69451581068 -2.01843657479
-1.00000000000 0.00000000000 2.90625000000 0.00875000000 0.69475918976 -2.01914389524
-1.00000000000 0.00000000000 2.92187500000 -0.01000000000 0.69157411531 -2.02069311817
-1.00000000000 0.00000000000 2.92187500000 -0.00875000000 0.69175567884 -2.02122362412
-1.00000000000 0.00000000000 2.92187500000 -0.00750000000 0.69194153801 -2.02176668136
-1.00000000000 0.00000000000 2.92187500000 -0.00625000000 0.69213169768 -2.02232230417
-1.00000000000 0.00000000000 2.92187500000 -0.00500000000 0.69232616285 -2.02289050708
-1.00000000000 0.00000000000 2.92187500000 -0.00375000000 0.69252493857 -2.02347130489
-1.00000000000 0.00000000000 2.92187500000 -0.00250000000 0.69272803002 -2.02406471270
-1.00000000000 0.00000000000 2.92187500000 -0.00125000000 0.69293544244 -2.02467074588
-1.00000000000 0.00000000000 2.92187500000 0.00000000000 0.69314718121 -2.02528942008
-1.00000000000 0.00000000000 2.92187500000 0.00125000000 0.69336325176 -2.02592075124
-1.00000000000 0.00000000000 2.92187500000 0.00250000000 0.69358365966 -2.02656475556
-1.00000000000 0.00000000000 2.92187500000 0.00375000000 0.69380841054 -2.02722144955
-1.00000000000 0.00000000000 2.92187500000 0.00500000000 0.69403751015 -2.02789084997
-1.00000000000 0.00000000000 2.92187500000 0.00625000000 0.69427096433 -2.02857297391
-1.00000000000 0.00000000000 2.92187500000 0.00750000000 0.69450877902 -2.02926783871
-1.00000000000 0.00000000000 2.92187500000 0.00875000000 0.69475096026 -2.02997546201
-1.00000000000 0.00000000000 2.93750000000 -0.01000000000 0.69158299211 -2.03152503933
-1.00000000000 0.00000000000 2.93750000000 -0.00875000000 0.69176347041 -2.03205519432
-1.00000000000 0.00000000000 2.93750000000 -0.00750000000 0.69194823745 -2.03259794750
-1.00000000000 0.00000000000 2.93750000000 -0.00625000000 0.69213729808 -2.03315331310
-1.00000000000 0.00000000000 2.93750000000 -0.00500000000 0.69233065723 -2.03372130561
-1.00000000000 0.00000000000 2.93750000000 -0.00375000000 0.69252831994 -2.03430193984
-1.00000000000 0.00000000000 2.93750000000 -0.00250000000 0.69273029135 -2.03489523083
-1.00000000000 0.00000000000 2.93750000000 -0.00125000000 0.69293657666 -2.03550119394
-1.00000000000 0.00000000000 2.93750000000 0.00000000000 0.69314718121 -2.03611984479
-1.00000000000 0.00000000000 2.93750000000 0.00125000000 0.69336211040 -2.03675119929
-1.00000000000 0.00000000000 2.93750000000 0.00250000000 0.69358136974 -2.03739527362
-1.00000000000 0.00000000000 2.93750000000 0.00375000000 0.69380496486 -2.03805208427
-1.00000000000 0.00000000000 2.93750000000 0.00500000000 0.69403290144 -2.03872164798
-1.00000000000 0.00000000000 2.93750000000 0.00625000000 0.69426518529 -2.03940398180
-1.00000000000 0.00000000000 2.93750000000 0.00750000000 0.69450182232 -2.04009910305
-1.00000000000 0.00000000000 2.93750000000 0.00875000000 0.69474281851 -2.04080702936
-1.00000000000 0.00000000000 2.95312500000 -0.01000000000 0.69159177522 -2.04235696119
-1.00000000000 0.00000000000 2.95312500000 -0.00875000000 0.69177117971 -2.04288676507
-1.00000000000 0.00000000000 2.95312500000 -0.00750000000 0.69195486613 -2.04342921404
-1.00000000000 0.00000000000 2.95312500000 -0.00625000000 0.69214283930 -2.04398432230
-1.00000000000 0.00000000000 2.95312500000 -0.00500000000 0.69233510411 -2.04455210433
-1.00000000000 0.00000000000 2.95312500000 -0.00375000000 0.69253166557 -2.04513257488
-1.00000000000 0.00000000000 2.95312500000 -0.00250000000 0.69273252876 -2.04572574900
-1.00000000000 0.00000000000 2.95312500000 -0.00125000000 0.69293769888 -2.04633164201
-1.00000000000 0.00000000000 2.95312500000 0.00000000000 0.69314718121 -2.04695026950
-1.00000000000 0.00000000000 2.95312500000 0.00125000000 0.69336098111 -2.04758164735
-1.00000000000 0.00000000000 2.95312500000 0.00250000000 0.69357910408 -2.04822579173
-1.00000000000 0.00000000000 2.95312500000 0.00375000000 0.69380155567 -2.04888271909
-1.00000000000 0.00000000000 2.95312500000 0.00500000000 0.69402834156 -2.04955244616
-1.00000000000 0.00000000000 2.95312500000 0.00625000000 0.69425946750 -2.05023498997
-1.00000000000 0.00000000000 2.95312500000 0.00750000000 0.69449493936 -2.05093036781
-1.00000000000 0.00000000000 2.95312500000 0.00875000000 0.69473476310 -2.05163859728
-1.00000000000 0.00000000000 2.96875000000 -0.01000000000 0.69160046610 -2.05318888373
-1.00000000000 0.00000000000 2.96875000000 -0.00875000000 0.69177880803 -2.05371833634
-1.00000000000 0.00000000000 2.96875000000 -0.00750000000 0.69196142517 -2.05426048096
-1.00000000000 0.00000000000 2.96875000000 -0.00625000000 0.69214832228 -2.05481533177
-1.00000000000 0.00000000000 2.96875000000 -0.00500000000 0.69233950424 -2.05538290321
-1.00000000000 0.00000000000 2.96875000000 -0.00375000000 0.69253497601 -2.05596321003
-1.00000000000 0.00000000000 2.96875000000 -0.00250000000 0.69273474264 -2.05655626722
-1.00000000000 0.00000000000 2.96875000000 -0.00125000000 0.69293880929 -2.05716209009
-1.00000000000 0.00000000000 2.96875000000 0.00000000000 0.69314718121 -2.05778069420
-1.00000000000 0.00000000000 2.96875000000 0.00125000000 0.69335986372 -2.05841209542
-1.00000000000 0.00000000000 2.96875000000 0.00250000000 0.69357686228 -2.05905630989
-1.00000000000 0.00000000000 2.96875000000 0.00375000000 0.69379818241 -2.05971335402
-1.00000000000 0.00000000000 2.96875000000 0.00500000000 0.69402382974 -2.06038324453
-1.00000000000 0.00000000000 2.96875000000 0.00625000000 0.69425381000 -2.06106599842
-1.00000000000 0.00000000000 2.96875000000 0.00750000000 0.69448812900 -2.06176163297
-1.00000000000 0.00000000000 2.96875000000 0.00875000000 0.69472679268 -2.06247016576
-1.00000000000 0.00000000000 2.98437500000 -0.01000000000 0.69160906620 -2.06402080695
-1.00000000000 0.00000000000 2.98437500000 -0.00875000000 0.69178635665 -2.06454990813
-1.00000000000 0.00000000000 2.98437500000 -0.00750000000 0.69196791565 -2.06509174827
-1.00000000000 0.00000000000 2.98437500000 -0.00625000000 0.69215374794 -2.06564634151
-1.00000000000 0.00000000000 2.98437500000 -0.00500000000 0.69234385835 -2.06621370228
-1.00000000000 0.00000000000 2.98437500000 -0.00375000000 0.69253825182 -2.06679384527
-1.00000000000 0.00000000000 2.98437500000 -0.00250000000 0.69273693336 -2.06738678548
-1.00000000000 0.00000000000 2.98437500000 -0.00125000000 0.69293990808 -2.06799253818
-1.00000000000 0.00000000000 2.98437500000 0.00000000000 0.69314718121 -2.06861111891
-1.00000000000 0.00000000000 2.98437500000 0.00125000000 0.69335875803 -2.06924254351
-1.00000000000 0.00000000000 2.98437500000 0.00250000000 0.69357464396 -2.06988682808
-1.00000000000 0.00000000000 2.98437500000 0.00375000000 0.69379484450 -2.07054398904
-1.00000000000 0.00000000000 2.98437500000 0.00500000000 0.69401936522 -2.07121404308
-1.00000000000 0.00000000000 2.98437500000 0.00625000000 0.69424821182 -2.07189700716
-1.00000000000 0.00000000000 2.98437500000 0.00750000000 0.69448139009 -2.07259289855
-1.00000000000 0.00000000000 2.98437500000 0.00875000000 0.69471890590 -2.07330173479
