-1.00000000000 0.00000000000 2.00000000000 -0.01000000000 0.73412749522 -1.46825499043
-1.00000000000 0.00000000000 2.00000000000 -0.00875000000 0.73440289043 -1.46880578086
-1.00000000000 0.00000000000 2.00000000000 -0.00750000000 0.73468320520 -1.46936641041
-1.00000000000 0.00000000000 2.00000000000 -0.00625000000 0.73496844785 -1.46993689571
-1.00000000000 0.00000000000 2.00000000000 -0.00500000000 0.73525862683 -1.47051725365
-1.00000000000 0.00000000000 2.00000000000 -0.00375000000 0.73555375069 -1.47110750139
-1.00000000000 0.00000000000 2.00000000000 -0.00250000000 0.73585382816 -1.47170765632
-1.00000000000 0.00000000000 2.00000000000 -0.00125000000 0.73615886806 -1.47231773612
-1.00000000000 0.00000000000 2.00000000000 0.00000000000 0.73646887934 -1.47293775869
-1.00000000000 0.00000000000 2.00000000000 0.00125000000 0.73678387111 -1.47356774222
-1.00000000000 0.00000000000 2.00000000000 0.00250000000 0.73710385258 -1.47420770515
-1.00000000000 0.00000000000 2.00000000000 0.00375000000 0.73742883309 -1.47485766619
-1.00000000000 0.00000000000 2.00000000000 0.00500000000 0.73775882215 -1.47551764430
-1.00000000000 0.00000000000 2.00000000000 0.00625000000 0.73809382935 -1.47618765871
-1.00000000000 0.00000000000 2.00000000000 0.00750000000 0.73843386446 -1.47686772892
-1.00000000000 0.00000000000 2.00000000000 0.00875000000 0.73877893735 -1.47755787470
-1.00000000000 0.00000000000 2.01562500000 -0.01000000000 0.73414635098 -1.47976373869
-1.00000000000 0.00000000000 2.01562500000 -0.00875000000 0.73441944576 -1.48031419537
-1.00000000000 0.00000000000 2.01562500000 -0.00750000000 0.73469744414 -1.48087453585
-1.00000000000 0.00000000000 2.01562500000 -0.00625000000 0.73498035434 -1.48144477671
-1.00000000000 0.00000000000 2.01562500000 -0.00500000000 0.73526818470 -1.48202493479
-1.00000000000 0.00000000000 2.01562500000 -0.00375000000 0.73556094371 -1.48261502717
-1.00000000000 0.00000000000 2.01562500000 -0.00250000000 0.73585863998 -1.48321507121
-1.00000000000 0.00000000000 2.01562500000 -0.00125000000 0.73616128224 -1.48382508451
-1.00000000000 0.00000000000 2.01562500000 0.00000000000 0.73646887934 -1.48444508493
-1.00000000000 0.00000000000 2.01562500000 0.00125000000 0.73678144029 -1.48507509059
-1.00000000000 0.00000000000 2.01562500000 0.00250000000 0.73709897421 -1.48571511989
-1.00000000000 0.00000000000 2.01562500000 0.00375000000 0.73742149034 -1.48636519146
-1.00000000000 0.00000000000 2.01562500000 0.00500000000 0.73774899806 -1.48702532422
-1.00000000000 0.00000000000 2.01562500000 0.00625000000 0.73808150690 -1.48769553735
-1.00000000000 0.00000000000 2.01562500000 0.00750000000 0.73841902649 -1.48837585027
-1.00000000000 0.00000000000 2.01562500000 0.00875000000 0.73876156662 -1.48906628272
-1.00000000000 0.00000000000 2.03125000000 -0.01000000000 0.73416491771 -1.49127248910
-1.00000000000 0.00000000000 2.03125000000 -0.00875000000 0.73443574721 -1.49182261153
-1.00000000000 0.00000000000 2.03125000000 -0.00750000000 0.73471146462 -1.49238266251
-1.00000000000 0.00000000000 2.03125000000 -0.00625000000 0.73499207806 -1.49295265856
-1.00000000000 0.00000000000 2.03125000000 -0.00500000000 0.73527759580 -1.49353261647
-1.00000000000 0.00000000000 2.03125000000 -0.00375000000 0.73556802622 -1.49412255326
-1.00000000000 0.00000000000 2.03125000000 -0.00250000000 0.73586337784 -1.49472248624
-1.00000000000 0.00000000000 2.03125000000 -0.00125000000 0.73616365929 -1.49533243294
-1.00000000000 0.00000000000 2.03125000000 0.00000000000 0.73646887934 -1.49595241117
-1.00000000000 0.00000000000 2.03125000000 0.00125000000 0.73677904689 -1.49658243900
-1.00000000000 0.00000000000 2.03125000000 0.00250000000 0.73709417096 -1.49722253477
-1.00000000000 0.00000000000 2.03125000000 0.00375000000 0.73741426070 -1.49787271705
-1.00000000000 0.00000000000 2.03125000000 0.00500000000 0.73773932540 -1.49853300471
-1.00000000000 0.00000000000 2.03125000000 0.00625000000 0.73806937446 -1.49920341687
-1.00000000000 0.00000000000 2.03125000000 0.00750000000 0.73840441744 -1.49988397292
-1.00000000000 0.00000000000 2.03125000000 0.00875000000 0.73874446400 -1.50057469250
-1.00000000000 0.00000000000 2.04687500000 -0.01000000000 0.73418320201 -1.50278124162
-1.00000000000 0.00000000000 2.04687500000 -0.00875000000 0.73445180058 -1.50333102931
-1.00000000000 0.00000000000 2.04687500000 -0.00750000000 0.73472527163 -1.50389079036
-1.00000000000 0.00000000000 2.04687500000 -0.00625000000 0.73500362321 -1.50446054125
-1.00000000000 0.00000000000 2.04687500000 -0.00500000000 0.73528686348 -1.50504029869
-1.00000000000 0.00000000000 2.04687500000 -0.00375000000 0.73557500075 -1.50563007966
-1.00000000000 0.00000000000 2.04687500000 -0.00250000000 0.73586804343 -1.50622990140
-1.00000000000 0.00000000000 2.04687500000 -0.00125000000 0.73616600007 -1.50683978140
-1.00000000000 0.00000000000 2.04687500000 0.00000000000 0.73646887934 -1.50745973741
-1.00000000000 0.00000000000 2.04687500000 0.00125000000 0.73677669005 -1.50808978745
-1.00000000000 0.00000000000 2.04687500000 0.00250000000 0.73708944111 -1.50872994978
-1.00000000000 0.00000000000 2.04687500000 0.00375000000 0.73740714160 -1.50938024295
-1.00000000000 0.00000000000 2.04687500000 0.00500000000 0.73772980068 -1.51004068576
-1.00000000000 0.00000000000 2.04687500000 0.00625000000 0.73805742768 -1.51071129728
-1.00000000000 0.00000000000 2.04687500000 0.00750000000 0.73839003204 -1.51139209683
-1.00000000000 0.00000000000 2.04687500000 0.00875000000 0.73872762333 -1.51208310401
-1.00000000000 0.00000000000 2.06250000000 -0.01000000000 0.73420121028 -1.51428999620
-1.00000000000 0.00000000000 2.06250000000 -0.00875000000 0.73446761148 -1.51483944868
-1.00000000000 0.00000000000 2.06250000000 -0.00750000000 0.73473887001 -1.51539891939
-1.00000000000 0.00000000000 2.06250000000 -0.00625000000 0.73501499382 -1.51596842475
-1.00000000000 0.00000000000 2.06250000000 -0.00500000000 0.73529599100 -1.51654798143
-1.00000000000 0.00000000000 2.06250000000 -0.00375000000 0.73558186975 -1.51713760635
-1.00000000000 0.00000000000 2.06250000000 -0.00250000000 0.73587263840 -1.51773731669
-1.00000000000 0.00000000000 2.06250000000 -0.00125000000 0.73616830540 -1.51834712989
-1.00000000000 0.00000000000 2.06250000000 0.00000000000 0.73646887934 -1.51896706365
-1.00000000000 0.00000000000 2.06250000000 0.00125000000 0.73677436893 -1.51959713592
-1.00000000000 0.00000000000 2.06250000000 0.00250000000 0.73708478300 -1.52023736493
-1.00000000000 0.00000000000 2.06250000000 0.00375000000 0.73740013050 -1.52088776916
-1.00000000000 0.00000000000 2.06250000000 0.00500000000 0.73772042054 -1.52154836736
-1.00000000000 0.00000000000 2.06250000000 0.00625000000 0.73804566232 -1.52221917853
-1.00000000000 0.00000000000 2.06250000000 0.00750000000 0.73837586520 -1.52290022197
-1.00000000000 0.00000000000 2.06250000000 0.00875000000 0.73871103865 -1.52359151721
-1.00000000000 0.00000000000 2.07812500000 -0.01000000000 0.73421894871 -1.52579875279
-1.00000000000 0.00000000000 2.07812500000 -0.00875000000 0.73448318537 -1.52634786959
-1.00000000000 0.00000000000 2.07812500000 -0.00750000000 0.73475226445 -1.52690704956
-1.00000000000 0.00000000000 2.07812500000 -0.00625000000 0.73502619383 -1.52747630905
-1.00000000000 0.00000000000 2.07812500000 -0.00500000000 0.73530498150 -1.52805566469
-1.00000000000 0.00000000000 2.07812500000 -0.00375000000 0.73558863559 -1.52864513333
-1.00000000000 0.00000000000 2.07812500000 -0.00250000000 0.73587716433 -1.52924473212
-1.00000000000 0.00000000000 2.07812500000 -0.00125000000 0.73617057608 -1.52985447842
-1.00000000000 0.00000000000 2.07812500000 0.00000000000 0.73646887934 -1.53047438989
-1.00000000000 0.00000000000 2.07812500000 0.00125000000 0.73677208273 -1.53110448443
-1.00000000000 0.00000000000 2.07812500000 0.00250000000 0.73708019499 -1.53174478021
-1.00000000000 0.00000000000 2.07812500000 0.00375000000 0.73739322498 -1.53239529566
-1.00000000000 0.00000000000 2.07812500000 0.00500000000 0.73771118171 -1.53305604948
-1.00000000000 0.00000000000 2.07812500000 0.00625000000 0.73803407429 -1.53372706062
-1.00000000000 0.00000000000 2.07812500000 0.00750000000 0.73836191197 -1.53440834832
-1.00000000000 0.00000000000 2.07812500000 0.00875000000 0.73869470415 -1.53509993206
-1.00000000000 0.00000000000 2.09375000000 -0.01000000000 0.73423642333 -1.53730751135
-1.00000000000 0.00000000000 2.09375000000 -0.00875000000 0.73449852753 -1.53785629202
-1.00000000000 0.00000000000 2.09375000000 -0.00750000000 0.73476545951 -1.53841518084
-1.00000000000 0.00000000000 2.09375000000 -0.00625000000 0.73503722705 -1.53898419413
-1.00000000000 0.00000000000 2.09375000000 -0.00500000000 0.73531383806 -1.53956334845
-1.00000000000 0.00000000000 2.09375000000 -0.00375000000 0.73559530058 -1.54015266060
-1.00000000000 0.00000000000 2.09375000000 -0.00250000000 0.73588162277 -1.54075214766
-1.00000000000 0.00000000000 2.09375000000 -0.00125000000 0.73617281288 -1.54136182698
-1.00000000000 0.00000000000 2.09375000000 0.00000000000 0.73646887934 -1.54198171613
-1.00000000000 0.00000000000 2.09375000000 0.00125000000 0.73676983067 -1.54261183297
-1.00000000000 0.00000000000 2.09375000000 0.00250000000 0.73707567552 -1.54325219562
-1.00000000000 0.00000000000 2.09375000000 0.00375000000 0.73738642267 -1.54390282246
-1.00000000000 0.00000000000 2.09375000000 0.00500000000 0.73770208102 -1.54456373213
-1.00000000000 0.00000000000 2.09375000000 0.00625000000 0.73802265960 -1.54523494353
-1.00000000000 0.00000000000 2.09375000000 0.00750000000 0.73834816757 -1.54591647585
-1.00000000000 0.00000000000 2.09375000000 0.00875000000 0.73867861422 -1.54660834852
-1.00000000000 0.00000000000 2.10937500000 -0.01000000000 0.73425363998 -1.54881627184
-1.00000000000 0.00000000000 2.10937500000 -0.00875000000 0.73451364311 -1.54936471593
-1.00000000000 0.00000000000 2.10937500000 -0.00750000000 0.73477845960 -1.54992331322
-1.00000000000 0.00000000000 2.10937500000 -0.00625000000 0.73504809717 -1.55049207998
-1.00000000000 0.00000000000 2.10937500000 -0.00500000000 0.73532256365 -1.55107103269
-1.00000000000 0.00000000000 2.10937500000 -0.00375000000 0.73560186697 -1.55166018814
-1.00000000000 0.00000000000 2.10937500000 -0.00250000000 0.73588601521 -1.55225956334
-1.00000000000 0.00000000000 2.10937500000 -0.00125000000 0.73617501656 -1.55286917557
-1.00000000000 0.00000000000 2.10937500000 0.00000000000 0.73646887934 -1.55348904237
-1.00000000000 0.00000000000 2.10937500000 0.00125000000 0.73676761199 -1.55411918154
-1.00000000000 0.00000000000 2.10937500000 0.00250000000 0.73707122307 -1.55475961116
-1.00000000000 0.00000000000 2.10937500000 0.00375000000 0.73737972126 -1.55541034954
-1.00000000000 0.00000000000 2.10937500000 0.00500000000 0.73769311539 -1.55607141528
-1.00000000000 0.00000000000 2.10937500000 0.00625000000 0.73801141439 -1.55674282723
-1.00000000000 0.00000000000 2.10937500000 0.00750000000 0.73833462733 -1.55742460453
-1.00000000000 0.00000000000 2.10937500000 0.00875000000 0.73866276341 -1.55811676656
-1.00000000000 0.00000000000 2.12500000000 -0.01000000000 0.73427060433 -1.56032503421
-1.00000000000 0.00000000000 2.12500000000 -0.00875000000 0.73452853707 -1.56087314128
-1.00000000000 0.00000000000 2.12500000000 -0.00750000000 0.73479126902 -1.56143144667
-1.00000000000 0.00000000000 2.12500000000 -0.00625000000 0.73505880779 -1.56199996656
-1.00000000000 0.00000000000 2.12500000000 -0.00500000000 0.73533116114 -1.56257871742
-1.00000000000 0.00000000000 2.12500000000 -0.00375000000 0.73560833692 -1.56316771595
-1.00000000000 0.00000000000 2.12500000000 -0.00250000000 0.73589034312 -1.56376697913
-1.00000000000 0.00000000000 2.12500000000 -0.00125000000 0.73617718785 -1.56437652419
-1.00000000000 0.00000000000 2.12500000000 0.00000000000 0.73646887934 -1.56499636861
-1.00000000000 0.00000000000 2.12500000000 0.00125000000 0.73676542595 -1.56562653015
-1.00000000000 0.00000000000 2.12500000000 0.00250000000 0.73706683615 -1.56626702682
-1.00000000000 0.00000000000 2.12500000000 0.00375000000 0.73737311854 -1.56691787690
-1.00000000000 0.00000000000 2.12500000000 0.00500000000 0.73768428185 -1.56757909893
-1.00000000000 0.00000000000 2.12500000000 0.00625000000 0.73800033492 -1.56825071172
-1.00000000000 0.00000000000 2.12500000000 0.00750000000 0.73832128675 -1.56893273434
-1.00000000000 0.00000000000 2.12500000000 0.00875000000 0.73864714642 -1.56962518614
-1.00000000000 0.00000000000 2.14062500000 -0.01000000000 0.73428732189 -1.57183379841
-1.00000000000 0.00000000000 2.14062500000 -0.00875000000 0.73454321427 -1.57238156805
-1.00000000000 0.00000000000 2.14062500000 -0.00750000000 0.73480389193 -1.57293958116
-1.00000000000 0.00000000000 2.14062500000 -0.00625000000 0.73506936240 -1.57350785388
-1.00000000000 0.00000000000 2.14062500000 -0.00500000000 0.73533963334 -1.57408640261
-1.00000000000 0.00000000000 2.14062500000 -0.00375000000 0.73561471254 -1.57467524403
-1.00000000000 0.00000000000 2.14062500000 -0.00250000000 0.73589460790 -1.57527439504
-1.00000000000 0.00000000000 2.14062500000 -0.00125000000 0.73617932746 -1.57588387284
-1.00000000000 0.00000000000 2.14062500000 0.00000000000 0.73646887934 -1.57650369485
-1.00000000000 0.00000000000 2.14062500000 0.00125000000 0.73676327184 -1.57713387878
-1.00000000000 0.00000000000 2.14062500000 0.00250000000 0.73706251333 -1.57777444260
-1.00000000000 0.00000000000 2.14062500000 0.00375000000 0.73736661233 -1.57842540453
-1.00000000000 0.00000000000 2.14062500000 0.00500000000 0.73767557749 -1.57908678306
-1.00000000000 0.00000000000 2.14062500000 0.00625000000 0.73798941756 -1.57975859696
-1.00000000000 0.00000000000 2.14062500000 0.00750000000 0.73830814143 -1.58044086525
-1.00000000000 0.00000000000 2.14062500000 0.00875000000 0.73863175812 -1.58113360723
-1.00000000000 0.00000000000 2.15625000000 -0.01000000000 0.73430379799 -1.58334256442
-1.00000000000 0.00000000000 2.15625000000 -0.00875000000 0.73455767940 -1.58388999621
-1.00000000000 0.00000000000 2.15625000000 -0.00750000000 0.73481633237 -1.58444771667
-1.00000000000 0.00000000000 2.15625000000 -0.00625000000 0.73507976436 -1.58501574191
-1.00000000000 0.00000000000 2.15625000000 -0.00500000000 0.73534798296 -1.58559408827
-1.00000000000 0.00000000000 2.15625000000 -0.00375000000 0.73562099588 -1.58618277236
-1.00000000000 0.00000000000 2.15625000000 -0.00250000000 0.73589881093 -1.58678181107
-1.00000000000 0.00000000000 2.15625000000 -0.00125000000 0.73618143606 -1.58739122151
-1.00000000000 0.00000000000 2.15625000000 0.00000000000 0.73646887934 -1.58801102109
-1.00000000000 0.00000000000 2.15625000000 0.00125000000 0.73676114896 -1.58864122744
-1.00000000000 0.00000000000 2.15625000000 0.00250000000 0.73705825321 -1.58928185849
-1.00000000000 0.00000000000 2.15625000000 0.00375000000 0.73736020054 -1.58993293242
-1.00000000000 0.00000000000 2.15625000000 0.00500000000 0.73766699950 -1.59059446767
-1.00000000000 0.00000000000 2.15625000000 0.00625000000 0.73797865876 -1.59126648295
-1.00000000000 0.00000000000 2.15625000000 0.00750000000 0.73829518713 -1.59194899724
-1.00000000000 0.00000000000 2.15625000000 0.00875000000 0.73861659353 -1.59264202979
-1.00000000000 0.00000000000 2.17187500000 -0.01000000000 0.73432003785 -1.59485133219
-1.00000000000 0.00000000000 2.17187500000 -0.00875000000 0.73457193702 -1.59539842572
-1.00000000000 0.00000000000 2.17187500000 -0.00750000000 0.73482859427 -1.59595585319
-1.00000000000 0.00000000000 2.17187500000 -0.00625000000 0.73509001698 -1.59652363063
-1.00000000000 0.00000000000 2.17187500000 -0.00500000000 0.73535621266 -1.59710177437
-1.00000000000 0.00000000000 2.17187500000 -0.00375000000 0.73562718893 -1.59769030095
-1.00000000000 0.00000000000 2.17187500000 -0.00250000000 0.73590295354 -1.59828922721
-1.00000000000 0.00000000000 2.17187500000 -0.00125000000 0.73618351435 -1.59889857022
-1.00000000000 0.00000000000 2.17187500000 0.00000000000 0.73646887934 -1.59951834733
-1.00000000000 0.00000000000 2.17187500000 0.00125000000 0.73675905664 -1.60014857613
-1.00000000000 0.00000000000 2.17187500000 0.00250000000 0.73705405445 -1.60078927451
-1.00000000000 0.00000000000 2.17187500000 0.00375000000 0.73735388113 -1.60144046058
-1.00000000000 0.00000000000 2.17187500000 0.00500000000 0.73765854515 -1.60210215274
-1.00000000000 0.00000000000 2.17187500000 0.00625000000 0.73796805510 -1.60277436967
-1.00000000000 0.00000000000 2.17187500000 0.00750000000 0.73828241970 -1.60345713029
-1.00000000000 0.00000000000 2.17187500000 0.00875000000 0.73860164779 -1.60415045380
-1.00000000000 0.00000000000 2.18750000000 -0.01000000000 0.73433604649 -1.60636010169
-1.00000000000 0.00000000000 2.18750000000 -0.00875000000 0.73458599157 -1.60690685656
-1.00000000000 0.00000000000 2.18750000000 -0.00750000000 0.73484068145 -1.60746399068
-1.00000000000 0.00000000000 2.18750000000 -0.00625000000 0.73510012345 -1.60803152004
-1.00000000000 0.00000000000 2.18750000000 -0.00500000000 0.73536432499 -1.60860946091
-1.00000000000 0.00000000000 2.18750000000 -0.00375000000 0.73563329362 -1.60919782979
-1.00000000000 0.00000000000 2.18750000000 -0.00250000000 0.73590703701 -1.60979664346
-1.00000000000 0.00000000000 2.18750000000 -0.00125000000 0.73618556295 -1.61040591896
-1.00000000000 0.00000000000 2.18750000000 0.00000000000 0.73646887934 -1.61102567357
-1.00000000000 0.00000000000 2.18750000000 0.00125000000 0.73675699422 -1.61165592485
-1.00000000000 0.00000000000 2.18750000000 0.00250000000 0.73704991572 -1.61229669063
-1.00000000000 0.00000000000 2.18750000000 0.00375000000 0.73734765211 -1.61294798899
-1.00000000000 0.00000000000 2.18750000000 0.00500000000 0.73765021178 -1.61360983827
-1.00000000000 0.00000000000 2.18750000000 0.00625000000 0.73795760325 -1.61428225711
-1.00000000000 0.00000000000 2.18750000000 0.00750000000 0.73826983514 -1.61496526437
-1.00000000000 0.00000000000 2.18750000000 0.00875000000 0.73858691621 -1.61565887922
-1.00000000000 0.00000000000 2.20312500000 -0.01000000000 0.73435182882 -1.61786887288
-1.00000000000 0.00000000000 2.20312500000 -0.00875000000 0.73459984735 -1.61841528870
-1.00000000000 0.00000000000 2.20312500000 -0.00750000000 0.73485259762 -1.61897212913
-1.00000000000 0.00000000000 2.20312500000 -0.00625000000 0.73511008686 -1.61953941012
-1.00000000000 0.00000000000 2.20312500000 -0.00500000000 0.73537232244 -1.62011714788
-1.00000000000 0.00000000000 2.20312500000 -0.00375000000 0.73563931183 -1.62070535887
-1.00000000000 0.00000000000 2.20312500000 -0.00250000000 0.73591106261 -1.62130405982
-1.00000000000 0.00000000000 2.20312500000 -0.00125000000 0.73618758251 -1.62191326772
-1.00000000000 0.00000000000 2.20312500000 0.00000000000 0.73646887934 -1.62253299981
-1.00000000000 0.00000000000 2.20312500000 0.00125000000 0.73675496107 -1.62316327360
-1.00000000000 0.00000000000 2.20312500000 0.00250000000 0.73704583574 -1.62380410687
-1.00000000000 0.00000000000 2.20312500000 0.00375000000 0.73734151156 -1.62445551765
-1.00000000000 0.00000000000 2.20312500000 0.00500000000 0.73764199682 -1.62511752425
-1.00000000000 0.00000000000 2.20312500000 0.00625000000 0.73794729997 -1.62579014524
-1.00000000000 0.00000000000 2.20312500000 0.00750000000 0.73825742954 -1.62647339946
-1.00000000000 0.00000000000 2.20312500000 0.00875000000 0.73857239422 -1.62716730602
-1.00000000000 0.00000000000 2.21875000000 -0.01000000000 0.73436738962 -1.62937764571
-1.00000000000 0.00000000000 2.21875000000 -0.00875000000 0.73461350855 -1.62992372211
-1.00000000000 0.00000000000 2.21875000000 -0.00750000000 0.73486434637 -1.63048026852
-1.00000000000 0.00000000000 2.21875000000 -0.00625000000 0.73511991024 -1.63104730085
-1.00000000000 0.00000000000 2.21875000000 -0.00500000000 0.73538020744 -1.63162483527
-1.00000000000 0.00000000000 2.21875000000 -0.00375000000 0.73564524538 -1.63221288819
-1.00000000000 0.00000000000 2.21875000000 -0.00250000000 0.73591503157 -1.63281147629
-1.00000000000 0.00000000000 2.21875000000 -0.00125000000 0.73618957364 -1.63342061651
-1.00000000000 0.00000000000 2.21875000000 0.00000000000 0.73646887934 -1.63404032605
-1.00000000000 0.00000000000 2.21875000000 0.00125000000 0.73675295656 -1.63467062237
-1.00000000000 0.00000000000 2.21875000000 0.00250000000 0.73704181328 -1.63531152321
-1.00000000000 0.00000000000 2.21875000000 0.00375000000 0.73733545760 -1.63596304655
-1.00000000000 0.00000000000 2.21875000000 0.00500000000 0.73763389776 -1.63662521066
-1.00000000000 0.00000000000 2.21875000000 0.00625000000 0.73793714211 -1.63729803406
-1.00000000000 0.00000000000 2.21875000000 0.00750000000 0.73824519912 -1.63798153554
-1.00000000000 0.00000000000 2.21875000000 0.00875000000 0.73855807737 -1.63867573417
-1.00000000000 0.00000000000 2.23437500000 -0.01000000000 0.73438273350 -1.64088642017
-1.00000000000 0.00000000000 2.23437500000 -0.00875000000 0.73462697925 -1.64143215676
-1.00000000000 0.00000000000 2.23437500000 -0.00750000000 0.73487593122 -1.64198840882
-1.00000000000 0.00000000000 2.23437500000 -0.00625000000 0.73512959652 -1.64255519222
-1.00000000000 0.00000000000 2.23437500000 -0.00500000000 0.73538798235 -1.64313252307
-1.00000000000 0.00000000000 2.23437500000 -0.00375000000 0.73565109605 -1.64372041774
-1.00000000000 0.00000000000 2.23437500000 -0.00250000000 0.73591894505 -1.64431889286
-1.00000000000 0.00000000000 2.23437500000 -0.00125000000 0.73619153693 -1.64492796532
-1.00000000000 0.00000000000 2.23437500000 0.00000000000 0.73646887934 -1.64554765229
-1.00000000000 0.00000000000 2.23437500000 0.00125000000 0.73675098010 -1.64617797117
-1.00000000000 0.00000000000 2.23437500000 0.00250000000 0.73703784712 -1.64681893966
-1.00000000000 0.00000000000 2.23437500000 0.00375000000 0.73732948842 -1.64747057570
-1.00000000000 0.00000000000 2.23437500000 0.00500000000 0.73762591217 -1.64813289750
-1.00000000000 0.00000000000 2.23437500000 0.00625000000 0.73792712662 -1.64880592354
-1.00000000000 0.00000000000 2.23437500000 0.00750000000 0.73823314018 -1.64948967259
-1.00000000000 0.00000000000 2.23437500000 0.00875000000 0.73854396136 -1.65018416365
-1.00000000000 0.00000000000 2.25000000000 -0.01000000000 0.73439786498 -1.65239519621
-1.00000000000 0.00000000000 2.25000000000 -0.00875000000 0.73464026339 -1.65294059263
-1.00000000000 0.00000000000 2.25000000000 -0.00750000000 0.73488735557 -1.65349655003
-1.00000000000 0.00000000000 2.25000000000 -0.00625000000 0.73513914854 -1.65406308422
-1.00000000000 0.00000000000 2.25000000000 -0.00500000000 0.73539564946 -1.65464021128
-1.00000000000 0.00000000000 2.25000000000 -0.00375000000 0.73565686556 -1.65522794752
-1.00000000000 0.00000000000 2.25000000000 -0.00250000000 0.73592280423 -1.65582630953
-1.00000000000 0.00000000000 2.25000000000 -0.00125000000 0.73619347296 -1.65643531416
-1.00000000000 0.00000000000 2.25000000000 0.00000000000 0.73646887934 -1.65705497853
-1.00000000000 0.00000000000 2.25000000000 0.00125000000 0.73674903111 -1.65768532000
-1.00000000000 0.00000000000 2.25000000000 0.00250000000 0.73703393609 -1.65832635621
-1.00000000000 0.00000000000 2.25000000000 0.00375000000 0.73732360225 -1.65897810507
-1.00000000000 0.00000000000 2.25000000000 0.00500000000 0.73761803767 -1.65964058475
-1.00000000000 0.00000000000 2.25000000000 0.00625000000 0.73791725053 -1.66031381369
-1.00000000000 0.00000000000 2.25000000000 0.00750000000 0.73822124915 -1.66099781059
-1.00000000000 0.00000000000 2.25000000000 0.00875000000 0.73853004197 -1.66169259443
-1.00000000000 0.00000000000 2.26562500000 -0.01000000000 0.73441278844 -1.66390397380
-1.00000000000 0.00000000000 2.26562500000 -0.00875000000 0.73465336483 -1.66444902969
-1.00000000000 0.00000000000 2.26562500000 -0.00750000000 0.73489862273 -1.66500469212
-1.00000000000 0.00000000000 2.26562500000 -0.00625000000 0.73514856909 -1.66557097684
-1.00000000000 0.00000000000 2.26562500000 -0.00500000000 0.73540321098 -1.66614789988
-1.00000000000 0.00000000000 2.26562500000 -0.00375000000 0.73566255559 -1.66673547752
-1.00000000000 0.00000000000 2.26562500000 -0.00250000000 0.73592661023 -1.66733372630
-1.00000000000 0.00000000000 2.26562500000 -0.00125000000 0.73619538230 -1.66794266303
-1.00000000000 0.00000000000 2.26562500000 0.00000000000 0.73646887934 -1.66856230477
-1.00000000000 0.00000000000 2.26562500000 0.00125000000 0.73674710901 -1.66919266885
-1.00000000000 0.00000000000 2.26562500000 0.00250000000 0.73703007906 -1.66983377286
-1.00000000000 0.00000000000 2.26562500000 0.00375000000 0.73731779738 -1.67048563468
-1.00000000000 0.00000000000 2.26562500000 0.00500000000 0.73761027196 -1.67114827242
-1.00000000000 0.00000000000 2.26562500000 0.00625000000 0.73790751094 -1.67182170447
-1.00000000000 0.00000000000 2.26562500000 0.00750000000 0.73820952254 -1.67250594951
-1.00000000000 0.00000000000 2.26562500000 0.00875000000 0.73851631513 -1.67320102647
-1.00000000000 0.00000000000 2.28125000000 -0.01000000000 0.73442750813 -1.67541275291
-1.00000000000 0.00000000000 2.28125000000 -0.00875000000 0.73466628731 -1.67595746792
-1.00000000000 0.00000000000 2.28125000000 -0.00750000000 0.73490973592 -1.67651283506
-1.00000000000 0.00000000000 2.28125000000 -0.00625000000 0.73515786084 -1.67707887005
-1.00000000000 0.00000000000 2.28125000000 -0.00500000000 0.73541066909 -1.67765558886
-1.00000000000 0.00000000000 2.28125000000 -0.00375000000 0.73566816777 -1.67824300774
-1.00000000000 0.00000000000 2.28125000000 -0.00250000000 0.73593036413 -1.67884114317
-1.00000000000 0.00000000000 2.28125000000 -0.00125000000 0.73619726550 -1.67945001192
-1.00000000000 0.00000000000 2.28125000000 0.00000000000 0.73646887934 -1.68006963101
-1.00000000000 0.00000000000 2.28125000000 0.00125000000 0.73674521325 -1.68070001772
-1.00000000000 0.00000000000 2.28125000000 0.00250000000 0.73702627490 -1.68134118962
-1.00000000000 0.00000000000 2.28125000000 0.00375000000 0.73731207211 -1.68199316451
-1.00000000000 0.00000000000 2.28125000000 0.00500000000 0.73760261281 -1.68265596048
-1.00000000000 0.00000000000 2.28125000000 0.00625000000 0.73789790505 -1.68332959589
-1.00000000000 0.00000000000 2.28125000000 0.00750000000 0.73819795698 -1.68401408935
-1.00000000000 0.00000000000 2.28125000000 0.00875000000 0.73850277688 -1.68470945976
-1.00000000000 0.00000000000 2.29687500000 -0.01000000000 0.73444202820 -1.68692153351
-1.00000000000 0.00000000000 2.29687500000 -0.00875000000 0.73467903447 -1.68746590730
-1.00000000000 0.00000000000 2.29687500000 -0.00750000000 0.73492069828 -1.68802097886
-1.00000000000 0.00000000000 2.29687500000 -0.00625000000 0.73516702644 -1.68858676386
-1.00000000000 0.00000000000 2.29687500000 -0.00500000000 0.73541802590 -1.68916327823
-1.00000000000 0.00000000000 2.29687500000 -0.00375000000 0.73567370369 -1.68975053817
-1.00000000000 0.00000000000 2.29687500000 -0.00250000000 0.73593406700 -1.69034856013
-1.00000000000 0.00000000000 2.29687500000 -0.00125000000 0.73619912308 -1.69095736083
-1.00000000000 0.00000000000 2.29687500000 0.00000000000 0.73646887934 -1.69157695725
-1.00000000000 0.00000000000 2.29687500000 0.00125000000 0.73674334329 -1.69220736662
-1.00000000000 0.00000000000 2.29687500000 0.00250000000 0.73702252254 -1.69284860647
-1.00000000000 0.00000000000 2.29687500000 0.00375000000 0.73730642484 -1.69350069456
-1.00000000000 0.00000000000 2.29687500000 0.00500000000 0.73759505804 -1.69416364894
-1.00000000000 0.00000000000 2.29687500000 0.00625000000 0.73788843011 -1.69483748792
-1.00000000000 0.00000000000 2.29687500000 0.00750000000 0.73818654915 -1.69552223008
-1.00000000000 0.00000000000 2.29687500000 0.00875000000 0.73848942336 -1.69621789427
-1.00000000000 0.00000000000 2.31250000000 -0.01000000000 0.73445635268 -1.69843031557
-1.00000000000 0.00000000000 2.31250000000 -0.00875000000 0.73469160986 -1.69897434780
-1.00000000000 0.00000000000 2.31250000000 -0.00750000000 0.73493151286 -1.69952912348
-1.00000000000 0.00000000000 2.31250000000 -0.00625000000 0.73517606843 -1.70009465824
-1.00000000000 0.00000000000 2.31250000000 -0.00500000000 0.73542528344 -1.70067096797
-1.00000000000 0.00000000000 2.31250000000 -0.00375000000 0.73567916489 -1.70125806881
-1.00000000000 0.00000000000 2.31250000000 -0.00250000000 0.73593771987 -1.70185597719
-1.00000000000 0.00000000000 2.31250000000 -0.00125000000 0.73620095557 -1.70246470977
-1.00000000000 0.00000000000 2.31250000000 0.00000000000 0.73646887934 -1.70308428349
-1.00000000000 0.00000000000 2.31250000000 0.00125000000 0.73674149861 -1.70371471554
-1.00000000000 0.00000000000 2.31250000000 0.00250000000 0.73701882094 -1.70435602341
-1.00000000000 0.00000000000 2.31250000000 0.00375000000 0.73730085398 -1.70500822482
-1.00000000000 0.00000000000 2.31250000000 0.00500000000 0.73758760553 -1.70567133778
-1.00000000000 0.00000000000 2.31250000000 0.00625000000 0.73787908348 -1.70634538055
-1.00000000000 0.00000000000 2.31250000000 0.00750000000 0.73817529586 -1.70703037168
-1.00000000000 0.00000000000 2.31250000000 0.00875000000 0.73847625080 -1.70772632997
-1.00000000000 0.00000000000 2.32812500000 -0.01000000000 0.73447048550 -1.70993909906
-1.00000000000 0.00000000000 2.32812500000 -0.00875000000 0.73470401692 -1.71048278940
-1.00000000000 0.00000000000 2.32812500000 -0.00750000000 0.73494218262 -1.71103726891
-1.00000000000 0.00000000000 2.32812500000 -0.00625000000 0.73518498929 -1.71160255319
-1.00000000000 0.00000000000 2.32812500000 -0.00500000000 0.73543244373 -1.71217865807
-1.00000000000 0.00000000000 2.32812500000 -0.00375000000 0.73568455287 -1.71276559966
-1.00000000000 0.00000000000 2.32812500000 -0.00250000000 0.73594132374 -1.71336339434
-1.00000000000 0.00000000000 2.32812500000 -0.00125000000 0.73620276348 -1.71397205873
-1.00000000000 0.00000000000 2.32812500000 0.00000000000 0.73646887934 -1.71459160972
-1.00000000000 0.00000000000 2.32812500000 0.00125000000 0.73673967871 -1.71522206449
-1.00000000000 0.00000000000 2.32812500000 0.00250000000 0.73701516905 -1.71586344045
-1.00000000000 0.00000000000 2.32812500000 0.00375000000 0.73729535798 -1.71651575530
-1.00000000000 0.00000000000 2.32812500000 0.00500000000 0.73758025321 -1.71717902700
-1.00000000000 0.00000000000 2.32812500000 0.00625000000 0.73786986256 -1.71785327378
-1.00000000000 0.00000000000 2.32812500000 0.00750000000 0.73816419399 -1.71853851413
-1.00000000000 0.00000000000 2.32812500000 0.00875000000 0.73846325556 -1.71923476684
-1.00000000000 0.00000000000 2.34375000000 -0.01000000000 0.73448443049 -1.72144788395
-1.00000000000 0.00000000000 2.34375000000 -0.00875000000 0.73471625902 -1.72199123208
-1.00000000000 0.00000000000 2.34375000000 -0.00750000000 0.73495271046 -1.72254541514
-1.00000000000 0.00000000000 2.34375000000 -0.00625000000 0.73519379144 -1.72311044869
-1.00000000000 0.00000000000 2.34375000000 -0.00500000000 0.73543950870 -1.72368634852
-1.00000000000 0.00000000000 2.34375000000 -0.00375000000 0.73568986910 -1.72427313071
-1.00000000000 0.00000000000 2.34375000000 -0.00250000000 0.73594487961 -1.72487081158
-1.00000000000 0.00000000000 2.34375000000 -0.00125000000 0.73620454729 -1.72547940771
-1.00000000000 0.00000000000 2.34375000000 0.00000000000 0.73646887934 -1.72609893596
-1.00000000000 0.00000000000 2.34375000000 0.00125000000 0.73673788308 -1.72672941346
-1.00000000000 0.00000000000 2.34375000000 0.00250000000 0.73701156590 -1.72737085758
-1.00000000000 0.00000000000 2.34375000000 0.00375000000 0.73728993535 -1.72802328598
-1.00000000000 0.00000000000 2.34375000000 0.00500000000 0.73757299908 -1.72868671659
-1.00000000000 0.00000000000 2.34375000000 0.00625000000 0.73786076483 -1.72936116758
-1.00000000000 0.00000000000 2.34375000000 0.00750000000 0.73815324050 -1.73004665743
-1.00000000000 0.00000000000 2.34375000000 0.00875000000 0.73845043407 -1.73074320486
-1.00000000000 0.00000000000 2.35937500000 -0.01000000000 0.73449819135 -1.73295667022
-1.00000000000 0.00000000000 2.35937500000 -0.00875000000 0.73472833941 -1.73349967581
-1.00000000000 0.00000000000 2.35937500000 -0.00750000000 0.73496309919 -1.73405356215
-1.00000000000 0.00000000000 2.35937500000 -0.00625000000 0.73520247724 -1.73461834473
-1.00000000000 0.00000000000 2.35937500000 -0.00500000000 0.73544648025 -1.73519403933
-1.00000000000 0.00000000000 2.35937500000 -0.00375000000 0.73569511500 -1.73578066196
-1.00000000000 0.00000000000 2.35937500000 -0.00250000000 0.73594838841 -1.73637822890
-1.00000000000 0.00000000000 2.35937500000 -0.00125000000 0.73620630748 -1.73698675671
-1.00000000000 0.00000000000 2.35937500000 0.00000000000 0.73646887934 -1.73760626220
-1.00000000000 0.00000000000 2.35937500000 0.00125000000 0.73673611124 -1.73823676245
-1.00000000000 0.00000000000 2.35937500000 0.00250000000 0.73700801051 -1.73887827480
-1.00000000000 0.00000000000 2.35937500000 0.00375000000 0.73728458463 -1.73953081687
-1.00000000000 0.00000000000 2.35937500000 0.00500000000 0.73756584118 -1.74019440654
-1.00000000000 0.00000000000 2.35937500000 0.00625000000 0.73785178785 -1.74086906195
-1.00000000000 0.00000000000 2.35937500000 0.00750000000 0.73814243244 -1.74155480154
-1.00000000000 0.00000000000 2.35937500000 0.00875000000 0.73843778289 -1.74225164400
-1.00000000000 0.00000000000 2.37500000000 -0.01000000000 0.73451177172 -1.74446545783
-1.00000000000 0.00000000000 2.37500000000 -0.00875000000 0.73474026129 -1.74500812057
-1.00000000000 0.00000000000 2.37500000000 -0.00750000000 0.73497335154 -1.74556170992
-1.00000000000 0.00000000000 2.37500000000 -0.00625000000 0.73521104897 -1.74612624131
-1.00000000000 0.00000000000 2.37500000000 -0.00500000000 0.73545336020 -1.74670173048
-1.00000000000 0.00000000000 2.37500000000 -0.00375000000 0.73570029196 -1.74728819340
-1.00000000000 0.00000000000 2.37500000000 -0.00250000000 0.73595185108 -1.74788564632
-1.00000000000 0.00000000000 2.37500000000 -0.00125000000 0.73620804452 -1.74849410574
-1.00000000000 0.00000000000 2.37500000000 0.00000000000 0.73646887934 -1.74911358844
-1.00000000000 0.00000000000 2.37500000000 0.00125000000 0.73673436272 -1.74974411147
-1.00000000000 0.00000000000 2.37500000000 0.00250000000 0.73700450194 -1.75038569211
-1.00000000000 0.00000000000 2.37500000000 0.00375000000 0.73727930440 -1.75103834796
-1.00000000000 0.00000000000 2.37500000000 0.00500000000 0.73755877762 -1.75170209684
-1.00000000000 0.00000000000 2.37500000000 0.00625000000 0.73784292921 -1.75237695688
-1.00000000000 0.00000000000 2.37500000000 0.00750000000 0.73813176693 -1.75306294646
-1.00000000000 0.00000000000 2.37500000000 0.00875000000 0.73842529863 -1.75376008424
-1.00000000000 0.00000000000 2.39062500000 -0.01000000000 0.73452517511 -1.75597424676
-1.00000000000 0.00000000000 2.39062500000 -0.00875000000 0.73475202776 -1.75651656636
-1.00000000000 0.00000000000 2.39062500000 -0.00750000000 0.73498347020 -1.75706985844
-1.00000000000 0.00000000000 2.39062500000 -0.00625000000 0.73521950888 -1.75763413841
-1.00000000000 0.00000000000 2.39062500000 -0.00500000000 0.73546015036 -1.75820942196
-1.00000000000 0.00000000000 2.39062500000 -0.00375000000 0.73570540132 -1.75879572503
-1.00000000000 0.00000000000 2.39062500000 -0.00250000000 0.73595526852 -1.75939306382
-1.00000000000 0.00000000000 2.39062500000 -0.00125000000 0.73620975887 -1.76000145479
-1.00000000000 0.00000000000 2.39062500000 0.00000000000 0.73646887934 -1.76062091468
-1.00000000000 0.00000000000 2.39062500000 0.00125000000 0.73673263707 -1.76125146050
-1.00000000000 0.00000000000 2.39062500000 0.00250000000 0.73700103927 -1.76189310951
-1.00000000000 0.00000000000 2.39062500000 0.00375000000 0.73727409327 -1.76254587923
-1.00000000000 0.00000000000 2.39062500000 0.00500000000 0.73755180653 -1.76320978749
-1.00000000000 0.00000000000 2.39062500000 0.00625000000 0.73783418661 -1.76388485236
-1.00000000000 0.00000000000 2.39062500000 0.00750000000 0.73812124117 -1.76457109217
-1.00000000000 0.00000000000 2.39062500000 0.00875000000 0.73841297801 -1.76526852556
-1.00000000000 0.00000000000 2.40625000000 -0.01000000000 0.73453840498 -1.76748303698
-1.00000000000 0.00000000000 2.40625000000 -0.00875000000 0.73476364182 -1.76802501314
-1.00000000000 0.00000000000 2.40625000000 -0.00750000000 0.73499345774 -1.76857800769
-1.00000000000 0.00000000000 2.40625000000 -0.00625000000 0.73522785913 -1.76914203603
-1.00000000000 0.00000000000 2.40625000000 -0.00500000000 0.73546685248 -1.76971711378
-1.00000000000 0.00000000000 2.40625000000 -0.00375000000 0.73571044440 -1.77030325685
-1.00000000000 0.00000000000 2.40625000000 -0.00250000000 0.73595864162 -1.77090048140
-1.00000000000 0.00000000000 2.40625000000 -0.00125000000 0.73621145095 -1.77150880386
-1.00000000000 0.00000000000 2.40625000000 0.00000000000 0.73646887934 -1.77212824092
-1.00000000000 0.00000000000 2.40625000000 0.00125000000 0.73673093384 -1.77275880956
-1.00000000000 0.00000000000 2.40625000000 0.00250000000 0.73699762160 -1.77340052698
-1.00000000000 0.00000000000 2.40625000000 0.00375000000 0.73726894990 -1.77405341071
-1.00000000000 0.00000000000 2.40625000000 0.00500000000 0.73754492612 -1.77471747849
-1.00000000000 0.00000000000 2.40625000000 0.00625000000 0.73782555776 -1.77539274837
-1.00000000000 0.00000000000 2.40625000000 0.00750000000 0.73811085243 -1.77607923866
-1.00000000000 0.00000000000 2.40625000000 0.00875000000 0.73840081785 -1.77677696794
-1.00000000000 0.00000000000 2.42187500000 -0.01000000000 0.73455146466 -1.77899182847
-1.00000000000 0.00000000000 2.42187500000 -0.00875000000 0.73477510643 -1.77953346089
-1.00000000000 0.00000000000 2.42187500000 -0.00750000000 0.73500331671 -1.78008615767
-1.00000000000 0.00000000000 2.42187500000 -0.00625000000 0.73523610184 -1.78064993414
-1.00000000000 0.00000000000 2.42187500000 -0.00500000000 0.73547346825 -1.78122480592
-1.00000000000 0.00000000000 2.42187500000 -0.00375000000 0.73571542249 -1.78181078885
-1.00000000000 0.00000000000 2.42187500000 -0.00250000000 0.73596197122 -1.78240789906
-1.00000000000 0.00000000000 2.42187500000 -0.00125000000 0.73621312122 -1.78301615295
-1.00000000000 0.00000000000 2.42187500000 0.00000000000 0.73646887934 -1.78363556716
-1.00000000000 0.00000000000 2.42187500000 0.00125000000 0.73672925260 -1.78426615863
-1.00000000000 0.00000000000 2.42187500000 0.00250000000 0.73699424807 -1.78490794455
-1.00000000000 0.00000000000 2.42187500000 0.00375000000 0.73726387298 -1.78556094236
-1.00000000000 0.00000000000 2.42187500000 0.00500000000 0.73753813463 -1.78622516981
-1.00000000000 0.00000000000 2.42187500000 0.00625000000 0.73781704048 -1.78690064490
-1.00000000000 0.00000000000 2.42187500000 0.00750000000 0.73810059805 -1.78758738590
-1.00000000000 0.00000000000 2.42187500000 0.00875000000 0.73838881501 -1.78828541136
-1.00000000000 0.00000000000 2.43750000000 -0.01000000000 0.73456435742 -1.79050062121
-1.00000000000 0.00000000000 2.43750000000 -0.00875000000 0.73478642445 -1.79104190960
-1.00000000000 0.00000000000 2.43750000000 -0.00750000000 0.73501304958 -1.79159430835
-1.00000000000 0.00000000000 2.43750000000 -0.00625000000 0.73524423908 -1.79215783275
-1.00000000000 0.00000000000 2.43750000000 -0.00500000000 0.73547999933 -1.79273249837
-1.00000000000 0.00000000000 2.43750000000 -0.00375000000 0.73572033683 -1.79331832102
-1.00000000000 0.00000000000 2.43750000000 -0.00250000000 0.73596525818 -1.79391531680
-1.00000000000 0.00000000000 2.43750000000 -0.00125000000 0.73621477007 -1.79452350206
-1.00000000000 0.00000000000 2.43750000000 0.00000000000 0.73646887934 -1.79514289340
-1.00000000000 0.00000000000 2.43750000000 0.00125000000 0.73672759291 -1.79577350773
-1.00000000000 0.00000000000 2.43750000000 0.00250000000 0.73699091782 -1.79641536219
-1.00000000000 0.00000000000 2.43750000000 0.00375000000 0.73725886121 -1.79706847420
-1.00000000000 0.00000000000 2.43750000000 0.00500000000 0.73753143035 -1.79773286147
-1.00000000000 0.00000000000 2.43750000000 0.00625000000 0.73780863260 -1.79840854195
-1.00000000000 0.00000000000 2.43750000000 0.00750000000 0.73809047544 -1.79909553389
-1.00000000000 0.00000000000 2.43750000000 0.00875000000 0.73837696648 -1.79979385579
-1.00000000000 0.00000000000 2.45312500000 -0.01000000000 0.73457708644 -1.80200941517
-1.00000000000 0.00000000000 2.45312500000 -0.00875000000 0.73479759868 -1.80255035925
-1.00000000000 0.00000000000 2.45312500000 -0.00750000000 0.73502265874 -1.80310245972
-1.00000000000 0.00000000000 2.45312500000 -0.00625000000 0.73525227285 -1.80366573184
-1.00000000000 0.00000000000 2.45312500000 -0.00500000000 0.73548644734 -1.80424019113
-1.00000000000 0.00000000000 2.45312500000 -0.00375000000 0.73572518864 -1.80482585338
-1.00000000000 0.00000000000 2.45312500000 -0.00250000000 0.73596850329 -1.80542273462
-1.00000000000 0.00000000000 2.45312500000 -0.00125000000 0.73621639794 -1.80603085119
-1.00000000000 0.00000000000 2.45312500000 0.00000000000 0.73646887934 -1.80665021964
-1.00000000000 0.00000000000 2.45312500000 0.00125000000 0.73672595438 -1.80728085685
-1.00000000000 0.00000000000 2.45312500000 0.00250000000 0.73698763003 -1.80792277991
-1.00000000000 0.00000000000 2.45312500000 0.00375000000 0.73725391337 -1.80857600623
-1.00000000000 0.00000000000 2.45312500000 0.00500000000 0.73752481160 -1.80924055345
-1.00000000000 0.00000000000 2.45312500000 0.00625000000 0.73780033203 -1.80991643951
-1.00000000000 0.00000000000 2.45312500000 0.00750000000 0.73808048208 -1.81060368261
-1.00000000000 0.00000000000 2.45312500000 0.00875000000 0.73836526929 -1.81130230122
-1.00000000000 0.00000000000 2.46875000000 -0.01000000000 0.73458965482 -1.81351821033
-1.00000000000 0.00000000000 2.46875000000 -0.00875000000 0.73480863183 -1.81405880982
-1.00000000000 0.00000000000 2.46875000000 -0.00750000000 0.73503214654 -1.81461061178
-1.00000000000 0.00000000000 2.46875000000 -0.00625000000 0.73526020513 -1.81517363141
-1.00000000000 0.00000000000 2.46875000000 -0.00500000000 0.73549281385 -1.81574788420
-1.00000000000 0.00000000000 2.46875000000 -0.00375000000 0.73572997910 -1.81633338590
-1.00000000000 0.00000000000 2.46875000000 -0.00250000000 0.73597170735 -1.81693015252
-1.00000000000 0.00000000000 2.46875000000 -0.00125000000 0.73621800520 -1.81753820033
-1.00000000000 0.00000000000 2.46875000000 0.00000000000 0.73646887934 -1.81815754588
-1.00000000000 0.00000000000 2.46875000000 0.00125000000 0.73672433660 -1.81878820598
-1.00000000000 0.00000000000 2.46875000000 0.00250000000 0.73698438388 -1.81943019771
-1.00000000000 0.00000000000 2.46875000000 0.00375000000 0.73724902822 -1.82008353842
-1.00000000000 0.00000000000 2.46875000000 0.00500000000 0.73751827676 -1.82074824574
-1.00000000000 0.00000000000 2.46875000000 0.00625000000 0.73779213673 -1.82142433756
-1.00000000000 0.00000000000 2.46875000000 0.00750000000 0.73807061551 -1.82211183204
-1.00000000000 0.00000000000 2.46875000000 0.00875000000 0.73835372056 -1.82281074763
-1.00000000000 0.00000000000 2.48437500000 -0.01000000000 0.73460206558 -1.82502700666
-1.00000000000 0.00000000000 2.48437500000 -0.00875000000 0.73481952656 -1.82556726130
-1.00000000000 0.00000000000 2.48437500000 -0.00750000000 0.73504151527 -1.82611876450
-1.00000000000 0.00000000000 2.48437500000 -0.00625000000 0.73526803781 -1.82668153144
-1.00000000000 0.00000000000 2.48437500000 -0.00500000000 0.73549910041 -1.82725557757
-1.00000000000 0.00000000000 2.48437500000 -0.00375000000 0.73573470937 -1.82784091860
-1.00000000000 0.00000000000 2.48437500000 -0.00250000000 0.73597487114 -1.82843757049
-1.00000000000 0.00000000000 2.48437500000 -0.00125000000 0.73621959225 -1.82904554950
-1.00000000000 0.00000000000 2.48437500000 0.00000000000 0.73646887934 -1.82966487212
-1.00000000000 0.00000000000 2.48437500000 0.00125000000 0.73672273917 -1.83029555514
-1.00000000000 0.00000000000 2.48437500000 0.00250000000 0.73698117860 -1.83093761559
-1.00000000000 0.00000000000 2.48437500000 0.00375000000 0.73724420460 -1.83159107080
-1.00000000000 0.00000000000 2.48437500000 0.00500000000 0.73751182424 -1.83225593834
-1.00000000000 0.00000000000 2.48437500000 0.00625000000 0.73778404472 -1.83293223609
-1.00000000000 0.00000000000 2.48437500000 0.00750000000 0.73806087333 -1.83361998218
-1.00000000000 0.00000000000 2.48437500000 0.00875000000 0.73834231749 -1.83431919501
-1.00000000000 0.00000000000 2.50000000000 -0.01000000000 0.73461432166 -1.83653580415
-1.00000000000 0.00000000000 2.50000000000 -0.00875000000 0.73483028546 -1.83707571366
-1.00000000000 0.00000000000 2.50000000000 -0.00750000000 0.73505076715 -1.83762691787
-1.00000000000 0.00000000000 2.50000000000 -0.00625000000 0.73527577277 -1.83818943193
-1.00000000000 0.00000000000 2.50000000000 -0.00500000000 0.73550530849 -1.83876327123
-1.00000000000 0.00000000000 2.50000000000 -0.00375000000 0.73573938058 -1.83934845146
-1.00000000000 0.00000000000 2.50000000000 -0.00250000000 0.73597799542 -1.83994498854
-1.00000000000 0.00000000000 2.50000000000 -0.00125000000 0.73622115947 -1.84055289869
-1.00000000000 0.00000000000 2.50000000000 0.00000000000 0.73646887934 -1.84117219836
-1.00000000000 0.00000000000 2.50000000000 0.00125000000 0.73672116172 -1.84180290431
-1.00000000000 0.00000000000 2.50000000000 0.00250000000 0.73697801342 -1.84244503354
-1.00000000000 0.00000000000 2.50000000000 0.00375000000 0.73723944134 -1.84309860334
-1.00000000000 0.00000000000 2.50000000000 0.00500000000 0.73750545250 -1.84376363125
-1.00000000000 0.00000000000 2.50000000000 0.00625000000 0.73777605404 -1.84444013511
-1.00000000000 0.00000000000 2.50000000000 0.00750000000 0.73805125320 -1.84512813300
-1.00000000000 0.00000000000 2.50000000000 0.00875000000 0.73833105733 -1.84582764332
-1.00000000000 0.00000000000 2.51562500000 -0.01000000000 0.73462642595 -1.84804460277
-1.00000000000 0.00000000000 2.51562500000 -0.00875000000 0.73484091106 -1.84858416689
-1.00000000000 0.00000000000 2.51562500000 -0.00750000000 0.73505990435 -1.84913507189
-1.00000000000 0.00000000000 2.51562500000 -0.00625000000 0.73528341182 -1.84969733286
-1.00000000000 0.00000000000 2.51562500000 -0.00500000000 0.73551143958 -1.85027096518
-1.00000000000 0.00000000000 2.51562500000 -0.00375000000 0.73574399383 -1.85085598448
-1.00000000000 0.00000000000 2.51562500000 -0.00250000000 0.73598108091 -1.85145240666
-1.00000000000 0.00000000000 2.51562500000 -0.00125000000 0.73622270724 -1.85206024789
-1.00000000000 0.00000000000 2.51562500000 0.00000000000 0.73646887934 -1.85267952460
-1.00000000000 0.00000000000 2.51562500000 0.00125000000 0.73671960388 -1.85331025350
-1.00000000000 0.00000000000 2.51562500000 0.00250000000 0.73697488758 -1.85395245157
-1.00000000000 0.00000000000 2.51562500000 0.00375000000 0.73723473731 -1.85460613605
-1.00000000000 0.00000000000 2.51562500000 0.00500000000 0.73749916003 -1.85527132445
-1.00000000000 0.00000000000 2.51562500000 0.00625000000 0.73776816282 -1.85594803459
-1.00000000000 0.00000000000 2.51562500000 0.00750000000 0.73804175285 -1.85663628451
-1.00000000000 0.00000000000 2.51562500000 0.00875000000 0.73831993741 -1.85733609256
-1.00000000000 0.00000000000 2.53125000000 -0.01000000000 0.73463838124 -1.85955340250
-1.00000000000 0.00000000000 2.53125000000 -0.00875000000 0.73485140582 -1.86009262098
-1.00000000000 0.00000000000 2.53125000000 -0.00750000000 0.73506892900 -1.86064322654
-1.00000000000 0.00000000000 2.53125000000 -0.00625000000 0.73529095674 -1.86120523424
-1.00000000000 0.00000000000 2.53125000000 -0.00500000000 0.73551749508 -1.86177865941
-1.00000000000 0.00000000000 2.53125000000 -0.00375000000 0.73574855019 -1.86236351766
-1.00000000000 0.00000000000 2.53125000000 -0.00250000000 0.73598412834 -1.86295982485
-1.00000000000 0.00000000000 2.53125000000 -0.00125000000 0.73622423590 -1.86356759711
-1.00000000000 0.00000000000 2.53125000000 0.00000000000 0.73646887934 -1.86418685084
-1.00000000000 0.00000000000 2.53125000000 0.00125000000 0.73671806527 -1.86481760271
-1.00000000000 0.00000000000 2.53125000000 0.00250000000 0.73697180036 -1.86545986967
-1.00000000000 0.00000000000 2.53125000000 0.00375000000 0.73723009142 -1.86611366892
-1.00000000000 0.00000000000 2.53125000000 0.00500000000 0.73749294536 -1.86677901795
-1.00000000000 0.00000000000 2.53125000000 0.00625000000 0.73776036919 -1.86745593452
-1.00000000000 0.00000000000 2.53125000000 0.00750000000 0.73803237004 -1.86814443667
-1.00000000000 0.00000000000 2.53125000000 0.00875000000 0.73830895514 -1.86884454271
-1.00000000000 0.00000000000 2.54687500000 -0.01000000000 0.73465019026 -1.87106220333
-1.00000000000 0.00000000000 2.54687500000 -0.00875000000 0.73486177214 -1.87160107591
-1.00000000000 0.00000000000 2.54687500000 -0.00750000000 0.73507784316 -1.87215138180
-1.00000000000 0.00000000000 2.54687500000 -0.00625000000 0.73529840924 -1.87271313604
-1.00000000000 0.00000000000 2.54687500000 -0.00500000000 0.73552347639 -1.87328635392
-1.00000000000 0.00000000000 2.54687500000 -0.00375000000 0.73575305070 -1.87387105100
-1.00000000000 0.00000000000 2.54687500000 -0.00250000000 0.73598713840 -1.87446724311
-1.00000000000 0.00000000000 2.54687500000 -0.00125000000 0.73622574581 -1.87507494635
-1.00000000000 0.00000000000 2.54687500000 0.00000000000 0.73646887934 -1.87569417708
-1.00000000000 0.00000000000 2.54687500000 0.00125000000 0.73671654555 -1.87632495194
-1.00000000000 0.00000000000 2.54687500000 0.00250000000 0.73696875105 -1.87696728784
-1.00000000000 0.00000000000 2.54687500000 0.00375000000 0.73722550261 -1.87762120195
-1.00000000000 0.00000000000 2.54687500000 0.00500000000 0.73748680706 -1.87828671174
-1.00000000000 0.00000000000 2.54687500000 0.00625000000 0.73775267138 -1.87896383491
-1.00000000000 0.00000000000 2.54687500000 0.00750000000 0.73802310262 -1.87965258949
-1.00000000000 0.00000000000 2.54687500000 0.00875000000 0.73829810797 -1.88035299375
-1.00000000000 0.00000000000 2.56250000000 -0.01000000000 0.73466185570 -1.88257100522
-1.00000000000 0.00000000000 2.56250000000 -0.00875000000 0.73487201235 -1.88310953166
-1.00000000000 0.00000000000 2.56250000000 -0.00750000000 0.73508664885 -1.88365953768
-1.00000000000 0.00000000000 2.56250000000 -0.00625000000 0.73530577103 -1.88422103828
-1.00000000000 0.00000000000 2.56250000000 -0.00500000000 0.73552938486 -1.88479404871
-1.00000000000 0.00000000000 2.56250000000 -0.00375000000 0.73575749639 -1.88537858450
-1.00000000000 0.00000000000 2.56250000000 -0.00250000000 0.73599011178 -1.88597466144
-1.00000000000 0.00000000000 2.56250000000 -0.00125000000 0.73622723731 -1.88658229561
-1.00000000000 0.00000000000 2.56250000000 0.00000000000 0.73646887934 -1.88720150332
-1.00000000000 0.00000000000 2.56250000000 0.00125000000 0.73671504437 -1.88783230119
-1.00000000000 0.00000000000 2.56250000000 0.00250000000 0.73696573896 -1.88847470608
-1.00000000000 0.00000000000 2.56250000000 0.00375000000 0.73722096981 -1.88912873514
-1.00000000000 0.00000000000 2.56250000000 0.00500000000 0.73748074373 -1.88979440580
-1.00000000000 0.00000000000 2.56250000000 0.00625000000 0.73774506761 -1.89047173575
-1.00000000000 0.00000000000 2.56250000000 0.00750000000 0.73801394847 -1.89116074295
-1.00000000000 0.00000000000 2.56250000000 0.00875000000 0.73828739343 -1.89186144566
-1.00000000000 0.00000000000 2.57812500000 -0.01000000000 0.73467338014 -1.89407980816
-1.00000000000 0.00000000000 2.57812500000 -0.00875000000 0.73488212876 -1.89461798822
-1.00000000000 0.00000000000 2.57812500000 -0.00750000000 0.73509534803 -1.89516769415
-1.00000000000 0.00000000000 2.57812500000 -0.00625000000 0.73531304375 -1.89572894092
-1.00000000000 0.00000000000 2.57812500000 -0.00500000000 0.73553522182 -1.89630174376
-1.00000000000 0.00000000000 2.57812500000 -0.00375000000 0.73576188825 -1.89688611814
-1.00000000000 0.00000000000 2.57812500000 -0.00250000000 0.73599304915 -1.89748207984
-1.00000000000 0.00000000000 2.57812500000 -0.00125000000 0.73622871074 -1.89808964488
-1.00000000000 0.00000000000 2.57812500000 0.00000000000 0.73646887934 -1.89870882956
-1.00000000000 0.00000000000 2.57812500000 0.00125000000 0.73671356139 -1.89933965045
-1.00000000000 0.00000000000 2.57812500000 0.00250000000 0.73696276340 -1.89998212439
-1.00000000000 0.00000000000 2.57812500000 0.00375000000 0.73721649202 -1.90063626849
-1.00000000000 0.00000000000 2.57812500000 0.00500000000 0.73747475400 -1.90130210015
-1.00000000000 0.00000000000 2.57812500000 0.00625000000 0.73773755618 -1.90197963701
-1.00000000000 0.00000000000 2.57812500000 0.00750000000 0.73800490552 -1.90266889704
-1.00000000000 0.00000000000 2.57812500000 0.00875000000 0.73827680909 -1.90336989843
-1.00000000000 0.00000000000 2.59375000000 -0.01000000000 0.73468476613 -1.90558861214
-1.00000000000 0.00000000000 2.59375000000 -0.00875000000 0.73489212359 -1.90612644557
-1.00000000000 0.00000000000 2.59375000000 -0.00750000000 0.73510394263 -1.90667585121
-1.00000000000 0.00000000000 2.59375000000 -0.00625000000 0.73532022900 -1.90723684398
-1.00000000000 0.00000000000 2.59375000000 -0.00500000000 0.73554098856 -1.90780943907
-1.00000000000 0.00000000000 2.59375000000 -0.00375000000 0.73576622725 -1.90839365193
-1.00000000000 0.00000000000 2.59375000000 -0.00250000000 0.73599595115 -1.90898949830
-1.00000000000 0.00000000000 2.59375000000 -0.00125000000 0.73623016643 -1.90959699417
-1.00000000000 0.00000000000 2.59375000000 0.00000000000 0.73646887934 -1.91021615580
-1.00000000000 0.00000000000 2.59375000000 0.00125000000 0.73671209628 -1.91084699973
-1.00000000000 0.00000000000 2.59375000000 0.00250000000 0.73695982372 -1.91148954276
-1.00000000000 0.00000000000 2.59375000000 0.00375000000 0.73721206824 -1.91214380199
-1.00000000000 0.00000000000 2.59375000000 0.00500000000 0.73746883653 -1.91280979476
-1.00000000000 0.00000000000 2.59375000000 0.00625000000 0.73773013541 -1.91348753871
-1.00000000000 0.00000000000 2.59375000000 0.00750000000 0.73799597176 -1.91417705174
-1.00000000000 0.00000000000 2.59375000000 0.00875000000 0.73826635260 -1.91487835205
-1.00000000000 0.00000000000 2.60937500000 -0.01000000000 0.73469601615 -1.91709741713
-1.00000000000 0.00000000000 2.60937500000 -0.00875000000 0.73490199902 -1.91763490370
-1.00000000000 0.00000000000 2.60937500000 -0.00750000000 0.73511243453 -1.91818400884
-1.00000000000 0.00000000000 2.60937500000 -0.00625000000 0.73532732836 -1.91874474743
-1.00000000000 0.00000000000 2.60937500000 -0.00500000000 0.73554668633 -1.91931713464
-1.00000000000 0.00000000000 2.60937500000 -0.00375000000 0.73577051435 -1.91990118587
-1.00000000000 0.00000000000 2.60937500000 -0.00250000000 0.73599881843 -1.92049691683
-1.00000000000 0.00000000000 2.60937500000 -0.00125000000 0.73623160469 -1.92110434348
-1.00000000000 0.00000000000 2.60937500000 0.00000000000 0.73646887934 -1.92172348204
-1.00000000000 0.00000000000 2.60937500000 0.00125000000 0.73671064873 -1.92235434902
-1.00000000000 0.00000000000 2.60937500000 0.00250000000 0.73695691926 -1.92299696121
-1.00000000000 0.00000000000 2.60937500000 0.00375000000 0.73720769749 -1.92365133564
-1.00000000000 0.00000000000 2.60937500000 0.00500000000 0.73746299004 -1.92431748964
-1.00000000000 0.00000000000 2.60937500000 0.00625000000 0.73772280367 -1.92499544082
-1.00000000000 0.00000000000 2.60937500000 0.00750000000 0.73798714522 -1.92568520705
-1.00000000000 0.00000000000 2.60937500000 0.00875000000 0.73825602165 -1.92638680649
-1.00000000000 0.00000000000 2.62500000000 -0.01000000000 0.73470713262 -1.92860622312
-1.00000000000 0.00000000000 2.62500000000 -0.00875000000 0.73491175718 -1.92914336260
-1.00000000000 0.00000000000 2.62500000000 -0.00750000000 0.73512082554 -1.92969216704
-1.00000000000 0.00000000000 2.62500000000 -0.00625000000 0.73533434335 -1.93025265128
-1.00000000000 0.00000000000 2.62500000000 -0.00500000000 0.73555231637 -1.93082483046
-1.00000000000 0.00000000000 2.62500000000 -0.00375000000 0.73577475046 -1.93140871995
-1.00000000000 0.00000000000 2.62500000000 -0.00250000000 0.73600165159 -1.93200433543
-1.00000000000 0.00000000000 2.62500000000 -0.00125000000 0.73623302583 -1.93261169280
-1.00000000000 0.00000000000 2.62500000000 0.00000000000 0.73646887934 -1.93323080828
-1.00000000000 0.00000000000 2.62500000000 0.00125000000 0.73670921841 -1.93386169834
-1.00000000000 0.00000000000 2.62500000000 0.00250000000 0.73695404941 -1.93450437971
-1.00000000000 0.00000000000 2.62500000000 0.00375000000 0.73720337883 -1.93515886943
-1.00000000000 0.00000000000 2.62500000000 0.00500000000 0.73745721325 -1.93582518479
-1.00000000000 0.00000000000 2.62500000000 0.00625000000 0.73771555937 -1.93650334334
-1.00000000000 0.00000000000 2.62500000000 0.00750000000 0.73797842398 -1.93719336296
-1.00000000000 0.00000000000 2.62500000000 0.00875000000 0.73824581400 -1.93789526175
-1.00000000000 0.00000000000 2.64062500000 -0.01000000000 0.73471811790 -1.94011503008
-1.00000000000 0.00000000000 2.64062500000 -0.00875000000 0.73492140014 -1.94065182225
-1.00000000000 0.00000000000 2.64062500000 -0.00750000000 0.73512911746 -1.94120032579
-1.00000000000 0.00000000000 2.64062500000 -0.00625000000 0.73534127546 -1.94176055552
-1.00000000000 0.00000000000 2.64062500000 -0.00500000000 0.73555787987 -1.94233252653
-1.00000000000 0.00000000000 2.64062500000 -0.00375000000 0.73577893649 -1.94291625418
-1.00000000000 0.00000000000 2.64062500000 -0.00250000000 0.73600445125 -1.94351175408
-1.00000000000 0.00000000000 2.64062500000 -0.00125000000 0.73623443016 -1.94411904214
-1.00000000000 0.00000000000 2.64062500000 0.00000000000 0.73646887934 -1.94473813452
-1.00000000000 0.00000000000 2.64062500000 0.00125000000 0.73670780503 -1.94536904766
-1.00000000000 0.00000000000 2.64062500000 0.00250000000 0.73695121355 -1.94601179829
-1.00000000000 0.00000000000 2.64062500000 0.00375000000 0.73719911134 -1.94666640337
-1.00000000000 0.00000000000 2.64062500000 0.00500000000 0.73745150492 -1.94733288019
-1.00000000000 0.00000000000 2.64062500000 0.00625000000 0.73770840095 -1.94801124627
-1.00000000000 0.00000000000 2.64062500000 0.00750000000 0.73796980618 -1.94870151944
-1.00000000000 0.00000000000 2.64062500000 0.00875000000 0.73823572745 -1.94940371780
-1.00000000000 0.00000000000 2.65625000000 -0.01000000000 0.73472897431 -1.95162383801
-1.00000000000 0.00000000000 2.65625000000 -0.00875000000 0.73493092994 -1.95216028264
-1.00000000000 0.00000000000 2.65625000000 -0.00750000000 0.73513731203 -1.95270848509
-1.00000000000 0.00000000000 2.65625000000 -0.00625000000 0.73534812617 -1.95326846014
-1.00000000000 0.00000000000 2.65625000000 -0.00500000000 0.73556337801 -1.95384022285
-1.00000000000 0.00000000000 2.65625000000 -0.00375000000 0.73578307333 -1.95442378854
-1.00000000000 0.00000000000 2.65625000000 -0.00250000000 0.73600721799 -1.95501917280
-1.00000000000 0.00000000000 2.65625000000 -0.00125000000 0.73623581797 -1.95562639149
-1.00000000000 0.00000000000 2.65625000000 0.00000000000 0.73646887934 -1.95624546076
-1.00000000000 0.00000000000 2.65625000000 0.00125000000 0.73670640829 -1.95687639701
-1.00000000000 0.00000000000 2.65625000000 0.00250000000 0.73694841108 -1.95751921692
-1.00000000000 0.00000000000 2.65625000000 0.00375000000 0.73719489410 -1.95817393745
-1.00000000000 0.00000000000 2.65625000000 0.00500000000 0.73744586385 -1.95884057584
-1.00000000000 0.00000000000 2.65625000000 0.00625000000 0.73770132691 -1.95951914960
-1.00000000000 0.00000000000 2.65625000000 0.00750000000 0.73796128998 -1.96020967651
-1.00000000000 0.00000000000 2.65625000000 0.00875000000 0.73822575987 -1.96091217464
-1.00000000000 0.00000000000 2.67187500000 -0.01000000000 0.73473970410 -1.96313264688
-1.00000000000 0.00000000000 2.67187500000 -0.00875000000 0.73494034854 -1.96366874376
-1.00000000000 0.00000000000 2.67187500000 -0.00750000000 0.73514541096 -1.96421664492
-1.00000000000 0.00000000000 2.67187500000 -0.00625000000 0.73535489689 -1.96477636513
-1.00000000000 0.00000000000 2.67187500000 -0.00500000000 0.73556881194 -1.96534791941
-1.00000000000 0.00000000000 2.67187500000 -0.00375000000 0.73578716184 -1.96593132303
-1.00000000000 0.00000000000 2.67187500000 -0.00250000000 0.73600995240 -1.96652659157
-1.00000000000 0.00000000000 2.67187500000 -0.00125000000 0.73623718956 -1.96713374086
-1.00000000000 0.00000000000 2.67187500000 0.00000000000 0.73646887934 -1.96775278700
-1.00000000000 0.00000000000 2.67187500000 0.00125000000 0.73670502788 -1.96838374637
-1.00000000000 0.00000000000 2.67187500000 0.00250000000 0.73694564140 -1.96902663561
-1.00000000000 0.00000000000 2.67187500000 0.00375000000 0.73719072624 -1.96968147167
-1.00000000000 0.00000000000 2.67187500000 0.00500000000 0.73744028884 -1.97034827174
-1.00000000000 0.00000000000 2.67187500000 0.00625000000 0.73769433574 -1.97102705331
-1.00000000000 0.00000000000 2.67187500000 0.00750000000 0.73795287359 -1.97171783413
-1.00000000000 0.00000000000 2.67187500000 0.00875000000 0.73821590915 -1.97242063225
-1.00000000000 0.00000000000 2.68750000000 -0.01000000000 0.73475030946 -1.97464145668
-1.00000000000 0.00000000000 2.68750000000 -0.00875000000 0.73494965789 -1.97517720558
-1.00000000000 0.00000000000 2.68750000000 -0.00750000000 0.73515341592 -1.97572480528
-1.00000000000 0.00000000000 2.68750000000 -0.00625000000 0.73536158902 -1.97628427049
-1.00000000000 0.00000000000 2.68750000000 -0.00500000000 0.73557418277 -1.97685561620
-1.00000000000 0.00000000000 2.68750000000 -0.00375000000 0.73579120285 -1.97743885766
-1.00000000000 0.00000000000 2.68750000000 -0.00250000000 0.73601265504 -1.97803401041
-1.00000000000 0.00000000000 2.68750000000 -0.00125000000 0.73623854521 -1.97864109025
-1.00000000000 0.00000000000 2.68750000000 0.00000000000 0.73646887934 -1.97926011324
-1.00000000000 0.00000000000 2.68750000000 0.00125000000 0.73670366353 -1.97989109574
-1.00000000000 0.00000000000 2.68750000000 0.00250000000 0.73694290395 -1.98053405437
-1.00000000000 0.00000000000 2.68750000000 0.00375000000 0.73718660689 -1.98118900603
-1.00000000000 0.00000000000 2.68750000000 0.00500000000 0.73743477875 -1.98185596789
-1.00000000000 0.00000000000 2.68750000000 0.00625000000 0.73768742601 -1.98253495741
-1.00000000000 0.00000000000 2.68750000000 0.00750000000 0.73794455528 -1.98322599232
-1.00000000000 0.00000000000 2.68750000000 0.00875000000 0.73820617325 -1.98392909062
-1.00000000000 0.00000000000 2.70312500000 -0.01000000000 0.73476079256 -1.98615026739
-1.00000000000 0.00000000000 2.70312500000 -0.00875000000 0.73495885988 -1.98668566811
-1.00000000000 0.00000000000 2.70312500000 -0.00750000000 0.73516132852 -1.98723296616
-1.00000000000 0.00000000000 2.70312500000 -0.00625000000 0.73536820392 -1.98779217621
-1.00000000000 0.00000000000 2.70312500000 -0.00500000000 0.73557949160 -1.98836331322
-1.00000000000 0.00000000000 2.70312500000 -0.00375000000 0.73579519720 -1.98894639242
-1.00000000000 0.00000000000 2.70312500000 -0.00250000000 0.73601532645 -1.98954142931
-1.00000000000 0.00000000000 2.70312500000 -0.00125000000 0.73623988519 -1.99014843964
-1.00000000000 0.00000000000 2.70312500000 0.00000000000 0.73646887934 -1.99076743948
-1.00000000000 0.00000000000 2.70312500000 0.00125000000 0.73670231496 -1.99139844513
-1.00000000000 0.00000000000 2.70312500000 0.00250000000 0.73694019817 -1.99204147319
-1.00000000000 0.00000000000 2.70312500000 0.00375000000 0.73718253522 -1.99269654052
-1.00000000000 0.00000000000 2.70312500000 0.00500000000 0.73742933245 -1.99336366428
-1.00000000000 0.00000000000 2.70312500000 0.00625000000 0.73768059630 -1.99404286188
-1.00000000000 0.00000000000 2.70312500000 0.00750000000 0.73793633333 -1.99473415104
-1.00000000000 0.00000000000 2.70312500000 0.00875000000 0.73819655019 -1.99543754974
-1.00000000000 0.00000000000 2.71875000000 -0.01000000000 0.73477115549 -1.99765907900
-1.00000000000 0.00000000000 2.71875000000 -0.00875000000 0.73496795635 -1.99819413133
-1.00000000000 0.00000000000 2.71875000000 -0.00750000000 0.73516915036 -1.99874112754
-1.00000000000 0.00000000000 2.71875000000 -0.00625000000 0.73537474291 -1.99930008228
-1.00000000000 0.00000000000 2.71875000000 -0.00500000000 0.73558473948 -1.99987101047
-1.00000000000 0.00000000000 2.71875000000 -0.00375000000 0.73579914568 -2.00045392731
-1.00000000000 0.00000000000 2.71875000000 -0.00250000000 0.73601796718 -2.00104884826
-1.00000000000 0.00000000000 2.71875000000 -0.00125000000 0.73624120977 -2.00165578906
-1.00000000000 0.00000000000 2.71875000000 0.00000000000 0.73646887934 -2.00227476572
-1.00000000000 0.00000000000 2.71875000000 0.00125000000 0.73670098190 -2.00290579453
-1.00000000000 0.00000000000 2.71875000000 0.00250000000 0.73693752352 -2.00354889206
-1.00000000000 0.00000000000 2.71875000000 0.00375000000 0.73717851040 -2.00420407514
-1.00000000000 0.00000000000 2.71875000000 0.00500000000 0.73742394884 -2.00487136090
-1.00000000000 0.00000000000 2.71875000000 0.00625000000 0.73767384523 -2.00555076673
-1.00000000000 0.00000000000 2.71875000000 0.00750000000 0.73792820609 -2.00624231030
-1.00000000000 0.00000000000 2.71875000000 0.00875000000 0.73818703801 -2.00694600958
-1.00000000000 0.00000000000 2.73437500000 -0.01000000000 0.73478140032 -2.00916789149
-1.00000000000 0.00000000000 2.73437500000 -0.00875000000 0.73497694911 -2.00970259523
-1.00000000000 0.00000000000 2.73437500000 -0.00750000000 0.73517688299 -2.01024928943
-1.00000000000 0.00000000000 2.73437500000 -0.00625000000 0.73538120730 -2.01080798871
-1.00000000000 0.00000000000 2.73437500000 -0.00500000000 0.73558992748 -2.01137870795
-1.00000000000 0.00000000000 2.73437500000 -0.00375000000 0.73580304908 -2.01196146233
-1.00000000000 0.00000000000 2.73437500000 -0.00250000000 0.73602057774 -2.01255626727
-1.00000000000 0.00000000000 2.73437500000 -0.00125000000 0.73624251922 -2.01316313848
-1.00000000000 0.00000000000 2.73437500000 0.00000000000 0.73646887934 -2.01378209196
-1.00000000000 0.00000000000 2.73437500000 0.00125000000 0.73669966407 -2.01441314395
-1.00000000000 0.00000000000 2.73437500000 0.00250000000 0.73693487945 -2.01505631099
-1.00000000000 0.00000000000 2.73437500000 0.00375000000 0.73717453162 -2.01571160990
-1.00000000000 0.00000000000 2.73437500000 0.00500000000 0.73741862684 -2.01637905775
-1.00000000000 0.00000000000 2.73437500000 0.00625000000 0.73766717145 -2.01705867193
-1.00000000000 0.00000000000 2.73437500000 0.00750000000 0.73792017192 -2.01775047009
-1.00000000000 0.00000000000 2.73437500000 0.00875000000 0.73817763479 -2.01845447014
-1.00000000000 0.00000000000 2.75000000000 -0.01000000000 0.73479152903 -2.02067670484
-1.00000000000 0.00000000000 2.75000000000 -0.00875000000 0.73498583992 -2.02121105979
-1.00000000000 0.00000000000 2.75000000000 -0.00750000000 0.73518452793 -2.02175745181
-1.00000000000 0.00000000000 2.75000000000 -0.00625000000 0.73538759835 -2.02231589547
-1.00000000000 0.00000000000 2.75000000000 -0.00500000000 0.73559505660 -2.02288640565
-1.00000000000 0.00000000000 2.75000000000 -0.00375000000 0.73580690817 -2.02346899747
-1.00000000000 0.00000000000 2.75000000000 -0.00250000000 0.73602315867 -2.02406368633
-1.00000000000 0.00000000000 2.75000000000 -0.00125000000 0.73624381379 -2.02467048793
-1.00000000000 0.00000000000 2.75000000000 0.00000000000 0.73646887934 -2.02528941820
-1.00000000000 0.00000000000 2.75000000000 0.00125000000 0.73669836123 -2.02592049338
-1.00000000000 0.00000000000 2.75000000000 0.00250000000 0.73693226545 -2.02656372998
-1.00000000000 0.00000000000 2.75000000000 0.00375000000 0.73717059810 -2.02721914478
-1.00000000000 0.00000000000 2.75000000000 0.00500000000 0.73741336540 -2.02788675484
-1.00000000000 0.00000000000 2.75000000000 0.00625000000 0.73766057364 -2.02856657750
-1.00000000000 0.00000000000 2.75000000000 0.00750000000 0.73791222923 -2.02925863039
-1.00000000000 0.00000000000 2.75000000000 0.00875000000 0.73816833870 -2.02996293141
-1.00000000000 0.00000000000 2.76562500000 -0.01000000000 0.73480154361 -2.03218551905
-1.00000000000 0.00000000000 2.76562500000 -0.00875000000 0.73499463051 -2.03271952501
-1.00000000000 0.00000000000 2.76562500000 -0.00750000000 0.73519208666 -2.03326561467
-1.00000000000 0.00000000000 2.76562500000 -0.00625000000 0.73539391731 -2.03382380257
-1.00000000000 0.00000000000 2.76562500000 -0.00500000000 0.73560012784 -2.03439410356
-1.00000000000 0.00000000000 2.76562500000 -0.00375000000 0.73581072370 -2.03497653273
-1.00000000000 0.00000000000 2.76562500000 -0.00250000000 0.73602571045 -2.03557110545
-1.00000000000 0.00000000000 2.76562500000 -0.00125000000 0.73624509374 -2.03617783738
-1.00000000000 0.00000000000 2.76562500000 0.00000000000 0.73646887934 -2.03679674444
-1.00000000000 0.00000000000 2.76562500000 0.00125000000 0.73669707311 -2.03742784283
-1.00000000000 0.00000000000 2.76562500000 0.00250000000 0.73692968100 -2.03807114902
-1.00000000000 0.00000000000 2.76562500000 0.00375000000 0.73716670907 -2.03872667978
-1.00000000000 0.00000000000 2.76562500000 0.00500000000 0.73740816349 -2.03939445214
-1.00000000000 0.00000000000 2.76562500000 0.00625000000 0.73765405050 -2.04007448342
-1.00000000000 0.00000000000 2.76562500000 0.00750000000 0.73790437648 -2.04076679120
-1.00000000000 0.00000000000 2.76562500000 0.00875000000 0.73815914789 -2.04147139338
-1.00000000000 0.00000000000 2.78125000000 -0.01000000000 0.73481144597 -2.04369433409
-1.00000000000 0.00000000000 2.78125000000 -0.00875000000 0.73500332256 -2.04422799087
-1.00000000000 0.00000000000 2.78125000000 -0.00750000000 0.73519956063 -2.04477377800
-1.00000000000 0.00000000000 2.78125000000 -0.00625000000 0.73540016540 -2.04533171000
-1.00000000000 0.00000000000 2.78125000000 -0.00500000000 0.73560514218 -2.04590180168
-1.00000000000 0.00000000000 2.78125000000 -0.00375000000 0.73581449640 -2.04648406811
-1.00000000000 0.00000000000 2.78125000000 -0.00250000000 0.73602823357 -2.04707852462
-1.00000000000 0.00000000000 2.78125000000 -0.00125000000 0.73624635932 -2.04768518685
-1.00000000000 0.00000000000 2.78125000000 0.00000000000 0.73646887934 -2.04830407068
-1.00000000000 0.00000000000 2.78125000000 0.00125000000 0.73669579947 -2.04893519229
-1.00000000000 0.00000000000 2.78125000000 0.00250000000 0.73692712562 -2.04957856812
-1.00000000000 0.00000000000 2.78125000000 0.00375000000 0.73716286379 -2.05023421491
-1.00000000000 0.00000000000 2.78125000000 0.00500000000 0.73740302011 -2.05090214967
-1.00000000000 0.00000000000 2.78125000000 0.00625000000 0.73764760078 -2.05158238968
-1.00000000000 0.00000000000 2.78125000000 0.00750000000 0.73789661214 -2.05227495251
-1.00000000000 0.00000000000 2.78125000000 0.00875000000 0.73815006059 -2.05297985602
-1.00000000000 0.00000000000 2.79687500000 -0.01000000000 0.73482123797 -2.05520314996
-1.00000000000 0.00000000000 2.79687500000 -0.00875000000 0.73501191772 -2.05573645736
-1.00000000000 0.00000000000 2.79687500000 -0.00750000000 0.73520695126 -2.05628194180
-1.00000000000 0.00000000000 2.79687500000 -0.00625000000 0.73540634378 -2.05683961776
-1.00000000000 0.00000000000 2.79687500000 -0.00500000000 0.73561010057 -2.05740950002
-1.00000000000 0.00000000000 2.79687500000 -0.00375000000 0.73581822699 -2.05799160361
-1.00000000000 0.00000000000 2.79687500000 -0.00250000000 0.73603072853 -2.05858594385
-1.00000000000 0.00000000000 2.79687500000 -0.00125000000 0.73624761075 -2.05919253633
-1.00000000000 0.00000000000 2.79687500000 0.00000000000 0.73646887934 -2.05981139692
-1.00000000000 0.00000000000 2.79687500000 0.00125000000 0.73669454007 -2.06044254176
-1.00000000000 0.00000000000 2.79687500000 0.00250000000 0.73692459880 -2.06108598727
-1.00000000000 0.00000000000 2.79687500000 0.00375000000 0.73715906151 -2.06174175016
-1.00000000000 0.00000000000 2.79687500000 0.00500000000 0.73739793427 -2.06240984741
-1.00000000000 0.00000000000 2.79687500000 0.00625000000 0.73764122325 -2.06309029628
-1.00000000000 0.00000000000 2.79687500000 0.00750000000 0.73788893473 -2.06378311431
-1.00000000000 0.00000000000 2.79687500000 0.00875000000 0.73814107507 -2.06448831934
-1.00000000000 0.00000000000 2.81250000000 -0.01000000000 0.73483092147 -2.06671196663
-1.00000000000 0.00000000000 2.81250000000 -0.00875000000 0.73502041759 -2.06724492448
-1.00000000000 0.00000000000 2.81250000000 -0.00750000000 0.73521425993 -2.06779010606
-1.00000000000 0.00000000000 2.81250000000 -0.00625000000 0.73541245363 -2.06834752584
-1.00000000000 0.00000000000 2.81250000000 -0.00500000000 0.73561500393 -2.06891719856
-1.00000000000 0.00000000000 2.81250000000 -0.00375000000 0.73582191617 -2.06949913923
-1.00000000000 0.00000000000 2.81250000000 -0.00250000000 0.73603319578 -2.07009336313
-1.00000000000 0.00000000000 2.81250000000 -0.00125000000 0.73624884829 -2.07069988582
-1.00000000000 0.00000000000 2.81250000000 0.00000000000 0.73646887934 -2.07131872316
-1.00000000000 0.00000000000 2.81250000000 0.00125000000 0.73669329466 -2.07194989124
-1.00000000000 0.00000000000 2.81250000000 0.00250000000 0.73692210008 -2.07259340648
-1.00000000000 0.00000000000 2.81250000000 0.00375000000 0.73715530152 -2.07324928553
-1.00000000000 0.00000000000 2.81250000000 0.00500000000 0.73739290502 -2.07391754537
-1.00000000000 0.00000000000 2.81250000000 0.00625000000 0.73763491670 -2.07459820322
-1.00000000000 0.00000000000 2.81250000000 0.00750000000 0.73788134279 -2.07529127660
-1.00000000000 0.00000000000 2.81250000000 0.00875000000 0.73813218962 -2.07599678332
-1.00000000000 0.00000000000 2.82812500000 -0.01000000000 0.73484049825 -2.07822078410
-1.00000000000 0.00000000000 2.82812500000 -0.00875000000 0.73502882376 -2.07875339220
-1.00000000000 0.00000000000 2.82812500000 -0.00750000000 0.73522148801 -2.07929827077
-1.00000000000 0.00000000000 2.82812500000 -0.00625000000 0.73541849608 -2.07985543423
-1.00000000000 0.00000000000 2.82812500000 -0.00500000000 0.73561985319 -2.08042489730
-1.00000000000 0.00000000000 2.82812500000 -0.00375000000 0.73582556463 -2.08100667496
-1.00000000000 0.00000000000 2.82812500000 -0.00250000000 0.73603563579 -2.08160078246
-1.00000000000 0.00000000000 2.82812500000 -0.00125000000 0.73625007216 -2.08220723533
-1.00000000000 0.00000000000 2.82812500000 0.00000000000 0.73646887934 -2.08282604940
-1.00000000000 0.00000000000 2.82812500000 0.00125000000 0.73669206302 -2.08345724074
-1.00000000000 0.00000000000 2.82812500000 0.00250000000 0.73691962899 -2.08410082573
-1.00000000000 0.00000000000 2.82812500000 0.00375000000 0.73715158312 -2.08475682102
-1.00000000000 0.00000000000 2.82812500000 0.00500000000 0.73738793141 -2.08542524353
-1.00000000000 0.00000000000 2.82812500000 0.00625000000 0.73762867995 -2.08610611048
-1.00000000000 0.00000000000 2.82812500000 0.00750000000 0.73787383491 -2.08679943936
-1.00000000000 0.00000000000 2.82812500000 0.00875000000 0.73812340259 -2.08750524795
-1.00000000000 0.00000000000 2.84375000000 -0.01000000000 0.73484997006 -2.08972960235
-1.00000000000 0.00000000000 2.84375000000 -0.00875000000 0.73503713777 -2.09026186053
-1.00000000000 0.00000000000 2.84375000000 -0.00750000000 0.73522863681 -2.09080643593
-1.00000000000 0.00000000000 2.84375000000 -0.00625000000 0.73542447224 -2.09136334294
-1.00000000000 0.00000000000 2.84375000000 -0.00500000000 0.73562464923 -2.09193259624
-1.00000000000 0.00000000000 2.84375000000 -0.00375000000 0.73582917303 -2.09251421080
-1.00000000000 0.00000000000 2.84375000000 -0.00250000000 0.73603804900 -2.09310820183
-1.00000000000 0.00000000000 2.84375000000 -0.00125000000 0.73625128259 -2.09371458485
-1.00000000000 0.00000000000 2.84375000000 0.00000000000 0.73646887934 -2.09433337564
-1.00000000000 0.00000000000 2.84375000000 0.00125000000 0.73669084492 -2.09496459025
-1.00000000000 0.00000000000 2.84375000000 0.00250000000 0.73691718507 -2.09560824504
-1.00000000000 0.00000000000 2.84375000000 0.00375000000 0.73714790563 -2.09626435662
-1.00000000000 0.00000000000 2.84375000000 0.00500000000 0.73738301254 -2.09693294190
-1.00000000000 0.00000000000 2.84375000000 0.00625000000 0.73762251185 -2.09761401807
-1.00000000000 0.00000000000 2.84375000000 0.00750000000 0.73786640970 -2.09830760258
-1.00000000000 0.00000000000 2.84375000000 0.00875000000 0.73811471234 -2.09901371321
-1.00000000000 0.00000000000 2.85937500000 -0.01000000000 0.73485933862 -2.10123842138
-1.00000000000 0.00000000000 2.85937500000 -0.00875000000 0.73504536112 -2.10177032945
-1.00000000000 0.00000000000 2.85937500000 -0.00750000000 0.73523570763 -2.10231460152
-1.00000000000 0.00000000000 2.85937500000 -0.00625000000 0.73543038319 -2.10287125195
-1.00000000000 0.00000000000 2.85937500000 -0.00500000000 0.73562939292 -2.10344029538
-1.00000000000 0.00000000000 2.85937500000 -0.00375000000 0.73583274203 -2.10402174675
-1.00000000000 0.00000000000 2.85937500000 -0.00250000000 0.73604043585 -2.10461562126
-1.00000000000 0.00000000000 2.85937500000 -0.00125000000 0.73625247978 -2.10522193438
-1.00000000000 0.00000000000 2.85937500000 0.00000000000 0.73646887934 -2.10584070188
-1.00000000000 0.00000000000 2.85937500000 0.00125000000 0.73668964014 -2.10647193978
-1.00000000000 0.00000000000 2.85937500000 0.00250000000 0.73691476788 -2.10711566440
-1.00000000000 0.00000000000 2.85937500000 0.00375000000 0.73714426836 -2.10777189234
-1.00000000000 0.00000000000 2.85937500000 0.00500000000 0.73737814749 -2.10844064047
-1.00000000000 0.00000000000 2.85937500000 0.00625000000 0.73761641127 -2.10912192597
-1.00000000000 0.00000000000 2.85937500000 0.00750000000 0.73785906580 -2.10981576627
-1.00000000000 0.00000000000 2.85937500000 0.00875000000 0.73810611728 -2.11052217911
-1.00000000000 0.00000000000 2.87500000000 -0.01000000000 0.73486860562 -2.11274724116
-1.00000000000 0.00000000000 2.87500000000 -0.00875000000 0.73505349529 -2.11327879896
-1.00000000000 0.00000000000 2.87500000000 -0.00750000000 0.73524270175 -2.11382276754
-1.00000000000 0.00000000000 2.87500000000 -0.00625000000 0.73543623000 -2.11437916125
-1.00000000000 0.00000000000 2.87500000000 -0.00500000000 0.73563408512 -2.11494799471
-1.00000000000 0.00000000000 2.87500000000 -0.00375000000 0.73583627228 -2.11552928282
-1.00000000000 0.00000000000 2.87500000000 -0.00250000000 0.73604279678 -2.11612304074
-1.00000000000 0.00000000000 2.87500000000 -0.00125000000 0.73625366398 -2.11672928393
-1.00000000000 0.00000000000 2.87500000000 0.00000000000 0.73646887934 -2.11734802812
-1.00000000000 0.00000000000 2.87500000000 0.00125000000 0.73668844846 -2.11797928931
-1.00000000000 0.00000000000 2.87500000000 0.00250000000 0.73691237698 -2.11862308380
-1.00000000000 0.00000000000 2.87500000000 0.00375000000 0.73714067067 -2.11927942816
-1.00000000000 0.00000000000 2.87500000000 0.00500000000 0.73737333539 -2.11994833925
-1.00000000000 0.00000000000 2.87500000000 0.00625000000 0.73761037711 -2.12062983419
-1.00000000000 0.00000000000 2.87500000000 0.00750000000 0.73785180188 -2.12132393041
-1.00000000000 0.00000000000 2.87500000000 0.00875000000 0.73809761587 -2.12203064562
-1.00000000000 0.00000000000 2.89062500000 -0.01000000000 0.73487777269 -2.12425606168
-1.00000000000 0.00000000000 2.89062500000 -0.00875000000 0.73506154172 -2.12478726903
-1.00000000000 0.00000000000 2.89062500000 -0.00750000000 0.73524962041 -2.12533093398
-1.00000000000 0.00000000000 2.89062500000 -0.00625000000 0.73544201370 -2.12588707085
-1.00000000000 0.00000000000 2.89062500000 -0.00500000000 0.73563872665 -2.12645569423
-1.00000000000 0.00000000000 2.89062500000 -0.00375000000 0.73583976441 -2.12703681899
-1.00000000000 0.00000000000 2.89062500000 -0.00250000000 0.73604513220 -2.12763046026
-1.00000000000 0.00000000000 2.89062500000 -0.00125000000 0.73625483537 -2.12823663349
-1.00000000000 0.00000000000 2.89062500000 0.00000000000 0.73646887934 -2.12885535436
-1.00000000000 0.00000000000 2.89062500000 0.00125000000 0.73668726966 -2.12948663886
-1.00000000000 0.00000000000 2.89062500000 0.00250000000 0.73691001194 -2.13013050326
-1.00000000000 0.00000000000 2.89062500000 0.00375000000 0.73713711191 -2.13078696410
-1.00000000000 0.00000000000 2.89062500000 0.00500000000 0.73736857538 -2.13145603821
-1.00000000000 0.00000000000 2.89062500000 0.00625000000 0.73760440829 -2.13213774271
-1.00000000000 0.00000000000 2.89062500000 0.00750000000 0.73784461665 -2.13283209499
-1.00000000000 0.00000000000 2.89062500000 0.00875000000 0.73808920657 -2.13353911274
-1.00000000000 0.00000000000 2.90625000000 -0.01000000000 0.73488684144 -2.13576488294
-1.00000000000 0.00000000000 2.90625000000 -0.00875000000 0.73506950182 -2.13629573967
-1.00000000000 0.00000000000 2.90625000000 -0.00750000000 0.73525646481 -2.13683910085
-1.00000000000 0.00000000000 2.90625000000 -0.00625000000 0.73544773531 -2.13739498075
-1.00000000000 0.00000000000 2.90625000000 -0.00500000000 0.73564331834 -2.13796339394
-1.00000000000 0.00000000000 2.90625000000 -0.00375000000 0.73584321901 -2.13854435526
-1.00000000000 0.00000000000 2.90625000000 -0.00250000000 0.73604744252 -2.13913787983
-1.00000000000 0.00000000000 2.90625000000 -0.00125000000 0.73625599417 -2.13974398305
-1.00000000000 0.00000000000 2.90625000000 0.00000000000 0.73646887934 -2.14036268060
-1.00000000000 0.00000000000 2.90625000000 0.00125000000 0.73668610354 -2.14099398842
-1.00000000000 0.00000000000 2.90625000000 0.00250000000 0.73690767235 -2.14163792276
-1.00000000000 0.00000000000 2.90625000000 0.00375000000 0.73713359145 -2.14229450015
-1.00000000000 0.00000000000 2.90625000000 0.00500000000 0.73736386662 -2.14296373737
-1.00000000000 0.00000000000 2.90625000000 0.00625000000 0.73759850376 -2.14364565154
-1.00000000000 0.00000000000 2.90625000000 0.00750000000 0.73783750882 -2.14434026001
-1.00000000000 0.00000000000 2.90625000000 0.00875000000 0.73808088790 -2.14504758045
-1.00000000000 0.00000000000 2.92187500000 -0.01000000000 0.73489581345 -2.14727370492
-1.00000000000 0.00000000000 2.92187500000 -0.00875000000 0.73507737698 -2.14780421087
-1.00000000000 0.00000000000 2.92187500000 -0.00750000000 0.73526323615 -2.14834726811
-1.00000000000 0.00000000000 2.92187500000 -0.00625000000 0.73545339582 -2.14890289092
-1.00000000000 0.00000000000 2.92187500000 -0.00500000000 0.73564786099 -2.14947109383
-1.00000000000 0.00000000000 2.92187500000 -0.00375000000 0.73584663671 -2.15005189164
-1.00000000000 0.00000000000 2.92187500000 -0.00250000000 0.73604972815 -2.15064529945
-1.00000000000 0.00000000000 2.92187500000 -0.00125000000 0.73625714058 -2.15125133263
-1.00000000000 0.00000000000 2.92187500000 0.00000000000 0.73646887934 -2.15187000684
-1.00000000000 0.00000000000 2.92187500000 0.00125000000 0.73668494990 -2.15250133799
-1.00000000000 0.00000000000 2.92187500000 0.00250000000 0.73690535780 -2.15314534231
-1.00000000000 0.00000000000 2.92187500000 0.00375000000 0.73713010868 -2.15380203630
-1.00000000000 0.00000000000 2.92187500000 0.00500000000 0.73735920829 -2.15447143672
-1.00000000000 0.00000000000 2.92187500000 0.00625000000 0.73759266247 -2.15515356066
-1.00000000000 0.00000000000 2.92187500000 0.00750000000 0.73783047716 -2.15584842546
-1.00000000000 0.00000000000 2.92187500000 0.00875000000 0.73807265840 -2.15655604876
-1.00000000000 0.00000000000 2.93750000000 -0.01000000000 0.73490469025 -2.15878252761
-1.00000000000 0.00000000000 2.93750000000 -0.00875000000 0.73508516855 -2.15931268261
-1.00000000000 0.00000000000 2.93750000000 -0.00750000000 0.73526993559 -2.15985543579
-1.00000000000 0.00000000000 2.93750000000 -0.00625000000 0.73545899621 -2.16041080138
-1.00000000000 0.00000000000 2.93750000000 -0.00500000000 0.73565235537 -2.16097879390
-1.00000000000 0.00000000000 2.93750000000 -0.00375000000 0.73585001808 -2.16155942812
-1.00000000000 0.00000000000 2.93750000000 -0.00250000000 0.73605198949 -2.16215271911
-1.00000000000 0.00000000000 2.93750000000 -0.00125000000 0.73625827480 -2.16275868222
-1.00000000000 0.00000000000 2.93750000000 0.00000000000 0.73646887934 -2.16337733308
-1.00000000000 0.00000000000 2.93750000000 0.00125000000 0.73668380854 -2.16400868757
-1.00000000000 0.00000000000 2.93750000000 0.00250000000 0.73690306788 -2.16465276191
-1.00000000000 0.00000000000 2.93750000000 0.00375000000 0.73712666300 -2.16530957255
-1.00000000000 0.00000000000 2.93750000000 0.00500000000 0.73735459958 -2.16597913626
-1.00000000000 0.00000000000 2.93750000000 0.00625000000 0.73758688343 -2.16666147008
-1.00000000000 0.00000000000 2.93750000000 0.00750000000 0.73782352045 -2.16735659134
-1.00000000000 0.00000000000 2.93750000000 0.00875000000 0.73806451664 -2.16806451764
-1.00000000000 0.00000000000 2.95312500000 -0.01000000000 0.73491347336 -2.17029135100
-1.00000000000 0.00000000000 2.95312500000 -0.00875000000 0.73509287784 -2.17082115489
-1.00000000000 0.00000000000 2.95312500000 -0.00750000000 0.73527656427 -2.17136360386
-1.00000000000 0.00000000000 2.95312500000 -0.00625000000 0.73546453744 -2.17191871212
-1.00000000000 0.00000000000 2.95312500000 -0.00500000000 0.73565680225 -2.17248649414
-1.00000000000 0.00000000000 2.95312500000 -0.00375000000 0.73585336371 -2.17306696470
-1.00000000000 0.00000000000 2.95312500000 -0.00250000000 0.73605422690 -2.17366013882
-1.00000000000 0.00000000000 2.95312500000 -0.00125000000 0.73625939702 -2.17426603183
-1.00000000000 0.00000000000 2.95312500000 0.00000000000 0.73646887934 -2.17488465932
-1.00000000000 0.00000000000 2.95312500000 0.00125000000 0.73668267925 -2.17551603717
-1.00000000000 0.00000000000 2.95312500000 0.00250000000 0.73690080222 -2.17616018155
-1.00000000000 0.00000000000 2.95312500000 0.00375000000 0.73712325381 -2.17681710891
-1.00000000000 0.00000000000 2.95312500000 0.00500000000 0.73735003970 -2.17748683598
-1.00000000000 0.00000000000 2.95312500000 0.00625000000 0.73758116564 -2.17816937979
-1.00000000000 0.00000000000 2.95312500000 0.00750000000 0.73781663750 -2.17886475763
-1.00000000000 0.00000000000 2.95312500000 0.00875000000 0.73805646124 -2.17957298710
-1.00000000000 0.00000000000 2.96875000000 -0.01000000000 0.73492216424 -2.18180017508
-1.00000000000 0.00000000000 2.96875000000 -0.00875000000 0.73510050617 -2.18232962769
-1.00000000000 0.00000000000 2.96875000000 -0.00750000000 0.73528312331 -2.18287177231
-1.00000000000 0.00000000000 2.96875000000 -0.00625000000 0.73547002042 -2.18342662312
-1.00000000000 0.00000000000 2.96875000000 -0.00500000000 0.73566120238 -2.18399419457
-1.00000000000 0.00000000000 2.96875000000 -0.00375000000 0.73585667415 -2.18457450138
-1.00000000000 0.00000000000 2.96875000000 -0.00250000000 0.73605644078 -2.18516755857
-1.00000000000 0.00000000000 2.96875000000 -0.00125000000 0.73626050743 -2.18577338144
-1.00000000000 0.00000000000 2.96875000000 0.00000000000 0.73646887934 -2.18639198556
-1.00000000000 0.00000000000 2.96875000000 0.00125000000 0.73668156186 -2.18702338677
-1.00000000000 0.00000000000 2.96875000000 0.00250000000 0.73689856042 -2.18766760124
-1.00000000000 0.00000000000 2.96875000000 0.00375000000 0.73711988055 -2.18832464537
-1.00000000000 0.00000000000 2.96875000000 0.00500000000 0.73734552788 -2.18899453588
-1.00000000000 0.00000000000 2.96875000000 0.00625000000 0.73757550813 -2.18967728977
-1.00000000000 0.00000000000 2.96875000000 0.00750000000 0.73780982714 -2.19037292433
-1.00000000000 0.00000000000 2.96875000000 0.00875000000 0.73804849082 -2.19108145711
-1.00000000000 0.00000000000 2.98437500000 -0.01000000000 0.73493076434 -2.19330899983
-1.00000000000 0.00000000000 2.98437500000 -0.00875000000 0.73510805479 -2.19383810102
-1.00000000000 0.00000000000 2.98437500000 -0.00750000000 0.73528961379 -2.19437994116
-1.00000000000 0.00000000000 2.98437500000 -0.00625000000 0.73547544608 -2.19493453440
-1.00000000000 0.00000000000 2.98437500000 -0.00500000000 0.73566555649 -2.19550189516
-1.00000000000 0.00000000000 2.98437500000 -0.00375000000 0.73585994996 -2.19608203816
-1.00000000000 0.00000000000 2.98437500000 -0.00250000000 0.73605863150 -2.19667497837
-1.00000000000 0.00000000000 2.98437500000 -0.00125000000 0.73626160622 -2.19728073107
-1.00000000000 0.00000000000 2.98437500000 0.00000000000 0.73646887934 -2.19789931180
-1.00000000000 0.00000000000 2.98437500000 0.00125000000 0.73668045617 -2.19853073639
-1.00000000000 0.00000000000 2.98437500000 0.00250000000 0.73689634210 -2.19917502097
-1.00000000000 0.00000000000 2.98437500000 0.00375000000 0.73711654264 -2.19983218193
-1.00000000000 0.00000000000 2.98437500000 0.00500000000 0.73734106336 -2.20050223596
-1.00000000000 0.00000000000 2.98437500000 0.00625000000 0.73756990996 -2.20118520004
-1.00000000000 0.00000000000 2.98437500000 0.00750000000 0.73780308823 -2.20188109143
-1.00000000000 0.00000000000 2.98437500000 0.00875000000 0.73804060404 -2.20258992768
