-1.00000000000 0.00000000000 2.00000000000 -0.01000000000 0.69080583774 -1.38161167549
-1.00000000000 0.00000000000 2.00000000000 -0.00875000000 0.69108123296 -1.38216246592
-1.00000000000 0.00000000000 2.00000000000 -0.00750000000 0.69136154773 -1.38272309547
-1.00000000000 0.00000000000 2.00000000000 -0.00625000000 0.69164679038 -1.38329358077
-1.00000000000 0.00000000000 2.00000000000 -0.00500000000 0.69193696936 -1.38387393871
-1.00000000000 0.00000000000 2.00000000000 -0.00375000000 0.69223209322 -1.38446418645
-1.00000000000 0.00000000000 2.00000000000 -0.00250000000 0.69253217069 -1.38506434138
-1.00000000000 0.00000000000 2.00000000000 -0.00125000000 0.69283721059 -1.38567442118
-1.00000000000 0.00000000000 2.00000000000 0.00000000000 0.69314722187 -1.38629444375
-1.00000000000 0.00000000000 2.00000000000 0.00125000000 0.69346221364 -1.38692442728
-1.00000000000 0.00000000000 2.00000000000 0.00250000000 0.69378219511 -1.38756439021
-1.00000000000 0.00000000000 2.00000000000 0.00375000000 0.69410717562 -1.38821435125
-1.00000000000 0.00000000000 2.00000000000 0.00500000000 0.69443716468 -1.38887432936
-1.00000000000 0.00000000000 2.00000000000 0.00625000000 0.69477217188 -1.38954434377
-1.00000000000 0.00000000000 2.00000000000 0.00750000000 0.69511220699 -1.39022441398
-1.00000000000 0.00000000000 2.00000000000 0.00875000000 0.69545727988 -1.39091455976
-1.00000000000 0.00000000000 2.01562500000 -0.01000000000 0.69082469351 -1.39244352285
-1.00000000000 0.00000000000 2.01562500000 -0.00875000000 0.69109778829 -1.39299397953
-1.00000000000 0.00000000000 2.01562500000 -0.00750000000 0.69137578667 -1.39355432001
-1.00000000000 0.00000000000 2.01562500000 -0.00625000000 0.69165869687 -1.39412456087
-1.00000000000 0.00000000000 2.01562500000 -0.00500000000 0.69194652723 -1.39470471895
-1.00000000000 0.00000000000 2.01562500000 -0.00375000000 0.69223928624 -1.39529481133
-1.00000000000 0.00000000000 2.01562500000 -0.00250000000 0.69253698251 -1.39589485537
-1.00000000000 0.00000000000 2.01562500000 -0.00125000000 0.69283962477 -1.39650486867
-1.00000000000 0.00000000000 2.01562500000 0.00000000000 0.69314722187 -1.39712486909
-1.00000000000 0.00000000000 2.01562500000 0.00125000000 0.69345978282 -1.39775487476
-1.00000000000 0.00000000000 2.01562500000 0.00250000000 0.69377731674 -1.39839490405
-1.00000000000 0.00000000000 2.01562500000 0.00375000000 0.69409983287 -1.39904497562
-1.00000000000 0.00000000000 2.01562500000 0.00500000000 0.69442734059 -1.39970510838
-1.00000000000 0.00000000000 2.01562500000 0.00625000000 0.69475984943 -1.40037532151
-1.00000000000 0.00000000000 2.01562500000 0.00750000000 0.69509736902 -1.40105563444
-1.00000000000 0.00000000000 2.01562500000 0.00875000000 0.69543990915 -1.40174606688
-1.00000000000 0.00000000000 2.03125000000 -0.01000000000 0.69084326024 -1.40327537236
-1.00000000000 0.00000000000 2.03125000000 -0.00875000000 0.69111408974 -1.40382549479
-1.00000000000 0.00000000000 2.03125000000 -0.00750000000 0.69138980715 -1.40438554577
-1.00000000000 0.00000000000 2.03125000000 -0.00625000000 0.69167042059 -1.40495554183
-1.00000000000 0.00000000000 2.03125000000 -0.00500000000 0.69195593833 -1.40553549973
-1.00000000000 0.00000000000 2.03125000000 -0.00375000000 0.69224636875 -1.40612543653
-1.00000000000 0.00000000000 2.03125000000 -0.00250000000 0.69254172037 -1.40672536950
-1.00000000000 0.00000000000 2.03125000000 -0.00125000000 0.69284200182 -1.40733531620
-1.00000000000 0.00000000000 2.03125000000 0.00000000000 0.69314722187 -1.40795529443
-1.00000000000 0.00000000000 2.03125000000 0.00125000000 0.69345738942 -1.40858532227
-1.00000000000 0.00000000000 2.03125000000 0.00250000000 0.69377251349 -1.40922541803
-1.00000000000 0.00000000000 2.03125000000 0.00375000000 0.69409260323 -1.40987560032
-1.00000000000 0.00000000000 2.03125000000 0.00500000000 0.69441766793 -1.41053588798
-1.00000000000 0.00000000000 2.03125000000 0.00625000000 0.69474771699 -1.41120630014
-1.00000000000 0.00000000000 2.03125000000 0.00750000000 0.69508275997 -1.41188685618
-1.00000000000 0.00000000000 2.03125000000 0.00875000000 0.69542280653 -1.41257757577
-1.00000000000 0.00000000000 2.04687500000 -0.01000000000 0.69086154454 -1.41410722399
-1.00000000000 0.00000000000 2.04687500000 -0.00875000000 0.69113014311 -1.41465701168
-1.00000000000 0.00000000000 2.04687500000 -0.00750000000 0.69140361416 -1.41521677273
-1.00000000000 0.00000000000 2.04687500000 -0.00625000000 0.69168196574 -1.41578652362
-1.00000000000 0.00000000000 2.04687500000 -0.00500000000 0.69196520601 -1.41636628105
-1.00000000000 0.00000000000 2.04687500000 -0.00375000000 0.69225334328 -1.41695606203
-1.00000000000 0.00000000000 2.04687500000 -0.00250000000 0.69254638596 -1.41755588376
-1.00000000000 0.00000000000 2.04687500000 -0.00125000000 0.69284434260 -1.41816576376
-1.00000000000 0.00000000000 2.04687500000 0.00000000000 0.69314722187 -1.41878571977
-1.00000000000 0.00000000000 2.04687500000 0.00125000000 0.69345503258 -1.41941576981
-1.00000000000 0.00000000000 2.04687500000 0.00250000000 0.69376778364 -1.42005593215
-1.00000000000 0.00000000000 2.04687500000 0.00375000000 0.69408548413 -1.42070622532
-1.00000000000 0.00000000000 2.04687500000 0.00500000000 0.69440814321 -1.42136666813
-1.00000000000 0.00000000000 2.04687500000 0.00625000000 0.69473577021 -1.42203727964
-1.00000000000 0.00000000000 2.04687500000 0.00750000000 0.69506837457 -1.42271807919
-1.00000000000 0.00000000000 2.04687500000 0.00875000000 0.69540596586 -1.42340908638
-1.00000000000 0.00000000000 2.06250000000 -0.01000000000 0.69087955281 -1.42493907767
-1.00000000000 0.00000000000 2.06250000000 -0.00875000000 0.69114595401 -1.42548853014
-1.00000000000 0.00000000000 2.06250000000 -0.00750000000 0.69141721254 -1.42604800086
-1.00000000000 0.00000000000 2.06250000000 -0.00625000000 0.69169333635 -1.42661750622
-1.00000000000 0.00000000000 2.06250000000 -0.00500000000 0.69197433353 -1.42719706290
-1.00000000000 0.00000000000 2.06250000000 -0.00375000000 0.69226021228 -1.42778668782
-1.00000000000 0.00000000000 2.06250000000 -0.00250000000 0.69255098093 -1.42838639816
-1.00000000000 0.00000000000 2.06250000000 -0.00125000000 0.69284664793 -1.42899621136
-1.00000000000 0.00000000000 2.06250000000 0.00000000000 0.69314722187 -1.42961614512
-1.00000000000 0.00000000000 2.06250000000 0.00125000000 0.69345271146 -1.43024621739
-1.00000000000 0.00000000000 2.06250000000 0.00250000000 0.69376312553 -1.43088644640
-1.00000000000 0.00000000000 2.06250000000 0.00375000000 0.69407847303 -1.43153685063
-1.00000000000 0.00000000000 2.06250000000 0.00500000000 0.69439876307 -1.43219744883
-1.00000000000 0.00000000000 2.06250000000 0.00625000000 0.69472400485 -1.43286826000
-1.00000000000 0.00000000000 2.06250000000 0.00750000000 0.69505420773 -1.43354930344
-1.00000000000 0.00000000000 2.06250000000 0.00875000000 0.69538938118 -1.43424059868
-1.00000000000 0.00000000000 2.07812500000 -0.01000000000 0.69089729124 -1.43577093336
-1.00000000000 0.00000000000 2.07812500000 -0.00875000000 0.69116152790 -1.43632005016
-1.00000000000 0.00000000000 2.07812500000 -0.00750000000 0.69143060698 -1.43687923013
-1.00000000000 0.00000000000 2.07812500000 -0.00625000000 0.69170453636 -1.43744848962
-1.00000000000 0.00000000000 2.07812500000 -0.00500000000 0.69198332403 -1.43802784526
-1.00000000000 0.00000000000 2.07812500000 -0.00375000000 0.69226697812 -1.43861731390
-1.00000000000 0.00000000000 2.07812500000 -0.00250000000 0.69255550686 -1.43921691269
-1.00000000000 0.00000000000 2.07812500000 -0.00125000000 0.69284891861 -1.43982665899
-1.00000000000 0.00000000000 2.07812500000 0.00000000000 0.69314722187 -1.44044657046
-1.00000000000 0.00000000000 2.07812500000 0.00125000000 0.69345042526 -1.44107666500
-1.00000000000 0.00000000000 2.07812500000 0.00250000000 0.69375853752 -1.44171696078
-1.00000000000 0.00000000000 2.07812500000 0.00375000000 0.69407156751 -1.44236747623
-1.00000000000 0.00000000000 2.07812500000 0.00500000000 0.69438952424 -1.44302823005
-1.00000000000 0.00000000000 2.07812500000 0.00625000000 0.69471241682 -1.44369924119
-1.00000000000 0.00000000000 2.07812500000 0.00750000000 0.69504025450 -1.44438052889
-1.00000000000 0.00000000000 2.07812500000 0.00875000000 0.69537304668 -1.44507211263
-1.00000000000 0.00000000000 2.09375000000 -0.01000000000 0.69091476586 -1.44660279102
-1.00000000000 0.00000000000 2.09375000000 -0.00875000000 0.69117687006 -1.44715157169
-1.00000000000 0.00000000000 2.09375000000 -0.00750000000 0.69144380204 -1.44771046052
-1.00000000000 0.00000000000 2.09375000000 -0.00625000000 0.69171556958 -1.44827947381
-1.00000000000 0.00000000000 2.09375000000 -0.00500000000 0.69199218059 -1.44885862812
-1.00000000000 0.00000000000 2.09375000000 -0.00375000000 0.69227364311 -1.44944794027
-1.00000000000 0.00000000000 2.09375000000 -0.00250000000 0.69255996529 -1.45004742734
-1.00000000000 0.00000000000 2.09375000000 -0.00125000000 0.69285115541 -1.45065710665
-1.00000000000 0.00000000000 2.09375000000 0.00000000000 0.69314722187 -1.45127699580
-1.00000000000 0.00000000000 2.09375000000 0.00125000000 0.69344817320 -1.45190711264
-1.00000000000 0.00000000000 2.09375000000 0.00250000000 0.69375401805 -1.45254747529
-1.00000000000 0.00000000000 2.09375000000 0.00375000000 0.69406476520 -1.45319810213
-1.00000000000 0.00000000000 2.09375000000 0.00500000000 0.69438042355 -1.45385901180
-1.00000000000 0.00000000000 2.09375000000 0.00625000000 0.69470100213 -1.45453022320
-1.00000000000 0.00000000000 2.09375000000 0.00750000000 0.69502651010 -1.45521175552
-1.00000000000 0.00000000000 2.09375000000 0.00875000000 0.69535695675 -1.45590362819
-1.00000000000 0.00000000000 2.10937500000 -0.01000000000 0.69093198251 -1.45743465061
-1.00000000000 0.00000000000 2.10937500000 -0.00875000000 0.69119198564 -1.45798309470
-1.00000000000 0.00000000000 2.10937500000 -0.00750000000 0.69145680213 -1.45854169200
-1.00000000000 0.00000000000 2.10937500000 -0.00625000000 0.69172643970 -1.45911045875
-1.00000000000 0.00000000000 2.10937500000 -0.00500000000 0.69200090618 -1.45968941147
-1.00000000000 0.00000000000 2.10937500000 -0.00375000000 0.69228020950 -1.46027856691
-1.00000000000 0.00000000000 2.10937500000 -0.00250000000 0.69256435774 -1.46087794211
-1.00000000000 0.00000000000 2.10937500000 -0.00125000000 0.69285335909 -1.46148755434
-1.00000000000 0.00000000000 2.10937500000 0.00000000000 0.69314722187 -1.46210742114
-1.00000000000 0.00000000000 2.10937500000 0.00125000000 0.69344595452 -1.46273756032
-1.00000000000 0.00000000000 2.10937500000 0.00250000000 0.69374956560 -1.46337798993
-1.00000000000 0.00000000000 2.10937500000 0.00375000000 0.69405806379 -1.46402872831
-1.00000000000 0.00000000000 2.10937500000 0.00500000000 0.69437145792 -1.46468979405
-1.00000000000 0.00000000000 2.10937500000 0.00625000000 0.69468975692 -1.46536120601
-1.00000000000 0.00000000000 2.10937500000 0.00750000000 0.69501296986 -1.46604298330
-1.00000000000 0.00000000000 2.10937500000 0.00875000000 0.69534110594 -1.46673514533
-1.00000000000 0.00000000000 2.12500000000 -0.01000000000 0.69094894686 -1.46826651208
-1.00000000000 0.00000000000 2.12500000000 -0.00875000000 0.69120687960 -1.46881461916
-1.00000000000 0.00000000000 2.12500000000 -0.00750000000 0.69146961155 -1.46937292454
-1.00000000000 0.00000000000 2.12500000000 -0.00625000000 0.69173715032 -1.46994144444
-1.00000000000 0.00000000000 2.12500000000 -0.00500000000 0.69200950367 -1.47052019529
-1.00000000000 0.00000000000 2.12500000000 -0.00375000000 0.69228667945 -1.47110919383
-1.00000000000 0.00000000000 2.12500000000 -0.00250000000 0.69256868565 -1.47170845701
-1.00000000000 0.00000000000 2.12500000000 -0.00125000000 0.69285553038 -1.47231800206
-1.00000000000 0.00000000000 2.12500000000 0.00000000000 0.69314722187 -1.47293784648
-1.00000000000 0.00000000000 2.12500000000 0.00125000000 0.69344376848 -1.47356800802
-1.00000000000 0.00000000000 2.12500000000 0.00250000000 0.69374517868 -1.47420850469
-1.00000000000 0.00000000000 2.12500000000 0.00375000000 0.69405146107 -1.47485935477
-1.00000000000 0.00000000000 2.12500000000 0.00500000000 0.69436262438 -1.47552057680
-1.00000000000 0.00000000000 2.12500000000 0.00625000000 0.69467867745 -1.47619218959
-1.00000000000 0.00000000000 2.12500000000 0.00750000000 0.69499962928 -1.47687421221
-1.00000000000 0.00000000000 2.12500000000 0.00875000000 0.69532548895 -1.47756666402
-1.00000000000 0.00000000000 2.14062500000 -0.01000000000 0.69096566442 -1.47909837539
-1.00000000000 0.00000000000 2.14062500000 -0.00875000000 0.69122155680 -1.47964614503
-1.00000000000 0.00000000000 2.14062500000 -0.00750000000 0.69148223446 -1.48020415814
-1.00000000000 0.00000000000 2.14062500000 -0.00625000000 0.69174770493 -1.48077243086
-1.00000000000 0.00000000000 2.14062500000 -0.00500000000 0.69201797587 -1.48135097959
-1.00000000000 0.00000000000 2.14062500000 -0.00375000000 0.69229305507 -1.48193982101
-1.00000000000 0.00000000000 2.14062500000 -0.00250000000 0.69257295043 -1.48253897202
-1.00000000000 0.00000000000 2.14062500000 -0.00125000000 0.69285766999 -1.48314844981
-1.00000000000 0.00000000000 2.14062500000 0.00000000000 0.69314722187 -1.48376827183
-1.00000000000 0.00000000000 2.14062500000 0.00125000000 0.69344161437 -1.48439845576
-1.00000000000 0.00000000000 2.14062500000 0.00250000000 0.69374085586 -1.48503901957
-1.00000000000 0.00000000000 2.14062500000 0.00375000000 0.69404495486 -1.48568998150
-1.00000000000 0.00000000000 2.14062500000 0.00500000000 0.69435392002 -1.48635136004
-1.00000000000 0.00000000000 2.14062500000 0.00625000000 0.69466776009 -1.48702317394
-1.00000000000 0.00000000000 2.14062500000 0.00750000000 0.69498648396 -1.48770544223
-1.00000000000 0.00000000000 2.14062500000 0.00875000000 0.69531010065 -1.48839818421
-1.00000000000 0.00000000000 2.15625000000 -0.01000000000 0.69098214052 -1.48993024050
-1.00000000000 0.00000000000 2.15625000000 -0.00875000000 0.69123602193 -1.49047767229
-1.00000000000 0.00000000000 2.15625000000 -0.00750000000 0.69149467490 -1.49103539275
-1.00000000000 0.00000000000 2.15625000000 -0.00625000000 0.69175810689 -1.49160341799
-1.00000000000 0.00000000000 2.15625000000 -0.00500000000 0.69202632549 -1.49218176435
-1.00000000000 0.00000000000 2.15625000000 -0.00375000000 0.69229933841 -1.49277044844
-1.00000000000 0.00000000000 2.15625000000 -0.00250000000 0.69257715346 -1.49336948715
-1.00000000000 0.00000000000 2.15625000000 -0.00125000000 0.69285977859 -1.49397889759
-1.00000000000 0.00000000000 2.15625000000 0.00000000000 0.69314722187 -1.49459869717
-1.00000000000 0.00000000000 2.15625000000 0.00125000000 0.69343949149 -1.49522890352
-1.00000000000 0.00000000000 2.15625000000 0.00250000000 0.69373659574 -1.49586953457
-1.00000000000 0.00000000000 2.15625000000 0.00375000000 0.69403854307 -1.49652060850
-1.00000000000 0.00000000000 2.15625000000 0.00500000000 0.69434534203 -1.49718214375
-1.00000000000 0.00000000000 2.15625000000 0.00625000000 0.69465700129 -1.49785415903
-1.00000000000 0.00000000000 2.15625000000 0.00750000000 0.69497352966 -1.49853667332
-1.00000000000 0.00000000000 2.15625000000 0.00875000000 0.69529493606 -1.49922970587
-1.00000000000 0.00000000000 2.17187500000 -0.01000000000 0.69099838037 -1.50076210738
-1.00000000000 0.00000000000 2.17187500000 -0.00875000000 0.69125027955 -1.50130920090
-1.00000000000 0.00000000000 2.17187500000 -0.00750000000 0.69150693680 -1.50186662837
-1.00000000000 0.00000000000 2.17187500000 -0.00625000000 0.69176835951 -1.50243440581
-1.00000000000 0.00000000000 2.17187500000 -0.00500000000 0.69203455519 -1.50301254955
-1.00000000000 0.00000000000 2.17187500000 -0.00375000000 0.69230553146 -1.50360107613
-1.00000000000 0.00000000000 2.17187500000 -0.00250000000 0.69258129607 -1.50420000239
-1.00000000000 0.00000000000 2.17187500000 -0.00125000000 0.69286185688 -1.50480934540
-1.00000000000 0.00000000000 2.17187500000 0.00000000000 0.69314722187 -1.50542912251
-1.00000000000 0.00000000000 2.17187500000 0.00125000000 0.69343739917 -1.50605935131
-1.00000000000 0.00000000000 2.17187500000 0.00250000000 0.69373239698 -1.50670004969
-1.00000000000 0.00000000000 2.17187500000 0.00375000000 0.69403222366 -1.50735123576
-1.00000000000 0.00000000000 2.17187500000 0.00500000000 0.69433688768 -1.50801292793
-1.00000000000 0.00000000000 2.17187500000 0.00625000000 0.69464639763 -1.50868514485
-1.00000000000 0.00000000000 2.17187500000 0.00750000000 0.69496076223 -1.50936790547
-1.00000000000 0.00000000000 2.17187500000 0.00875000000 0.69527999032 -1.51006122898
-1.00000000000 0.00000000000 2.18750000000 -0.01000000000 0.69101438902 -1.51159397597
-1.00000000000 0.00000000000 2.18750000000 -0.00875000000 0.69126433410 -1.51214073084
-1.00000000000 0.00000000000 2.18750000000 -0.00750000000 0.69151902398 -1.51269786496
-1.00000000000 0.00000000000 2.18750000000 -0.00625000000 0.69177846598 -1.51326539433
-1.00000000000 0.00000000000 2.18750000000 -0.00500000000 0.69204266752 -1.51384333519
-1.00000000000 0.00000000000 2.18750000000 -0.00375000000 0.69231163615 -1.51443170407
-1.00000000000 0.00000000000 2.18750000000 -0.00250000000 0.69258537954 -1.51503051775
-1.00000000000 0.00000000000 2.18750000000 -0.00125000000 0.69286390548 -1.51563979324
-1.00000000000 0.00000000000 2.18750000000 0.00000000000 0.69314722187 -1.51625954785
-1.00000000000 0.00000000000 2.18750000000 0.00125000000 0.69343533675 -1.51688979914
-1.00000000000 0.00000000000 2.18750000000 0.00250000000 0.69372825825 -1.51753056491
-1.00000000000 0.00000000000 2.18750000000 0.00375000000 0.69402599464 -1.51818186327
-1.00000000000 0.00000000000 2.18750000000 0.00500000000 0.69432855431 -1.51884371256
-1.00000000000 0.00000000000 2.18750000000 0.00625000000 0.69463594578 -1.51951613139
-1.00000000000 0.00000000000 2.18750000000 0.00750000000 0.69494817767 -1.52019913865
-1.00000000000 0.00000000000 2.18750000000 0.00875000000 0.69526525874 -1.52089275350
-1.00000000000 0.00000000000 2.20312500000 -0.01000000000 0.69103017135 -1.52242584626
-1.00000000000 0.00000000000 2.20312500000 -0.00875000000 0.69127818988 -1.52297226208
-1.00000000000 0.00000000000 2.20312500000 -0.00750000000 0.69153094015 -1.52352910251
-1.00000000000 0.00000000000 2.20312500000 -0.00625000000 0.69178842939 -1.52409638351
-1.00000000000 0.00000000000 2.20312500000 -0.00500000000 0.69205066497 -1.52467412126
-1.00000000000 0.00000000000 2.20312500000 -0.00375000000 0.69231765436 -1.52526233226
-1.00000000000 0.00000000000 2.20312500000 -0.00250000000 0.69258940514 -1.52586103321
-1.00000000000 0.00000000000 2.20312500000 -0.00125000000 0.69286592504 -1.52647024110
-1.00000000000 0.00000000000 2.20312500000 0.00000000000 0.69314722187 -1.52708997319
-1.00000000000 0.00000000000 2.20312500000 0.00125000000 0.69343330360 -1.52772024698
-1.00000000000 0.00000000000 2.20312500000 0.00250000000 0.69372417827 -1.52836108025
-1.00000000000 0.00000000000 2.20312500000 0.00375000000 0.69401985409 -1.52901249103
-1.00000000000 0.00000000000 2.20312500000 0.00500000000 0.69432033935 -1.52967449763
-1.00000000000 0.00000000000 2.20312500000 0.00625000000 0.69462564250 -1.53034711863
-1.00000000000 0.00000000000 2.20312500000 0.00750000000 0.69493577207 -1.53103037285
-1.00000000000 0.00000000000 2.20312500000 0.00875000000 0.69525073675 -1.53172427941
-1.00000000000 0.00000000000 2.21875000000 -0.01000000000 0.69104573215 -1.53325771820
-1.00000000000 0.00000000000 2.21875000000 -0.00875000000 0.69129185108 -1.53380379459
-1.00000000000 0.00000000000 2.21875000000 -0.00750000000 0.69154268890 -1.53436034100
-1.00000000000 0.00000000000 2.21875000000 -0.00625000000 0.69179825277 -1.53492737334
-1.00000000000 0.00000000000 2.21875000000 -0.00500000000 0.69205854997 -1.53550490776
-1.00000000000 0.00000000000 2.21875000000 -0.00375000000 0.69232358791 -1.53609296068
-1.00000000000 0.00000000000 2.21875000000 -0.00250000000 0.69259337410 -1.53669154878
-1.00000000000 0.00000000000 2.21875000000 -0.00125000000 0.69286791617 -1.53730068899
-1.00000000000 0.00000000000 2.21875000000 0.00000000000 0.69314722187 -1.53792039853
-1.00000000000 0.00000000000 2.21875000000 0.00125000000 0.69343129909 -1.53855069486
-1.00000000000 0.00000000000 2.21875000000 0.00250000000 0.69372015581 -1.53919159570
-1.00000000000 0.00000000000 2.21875000000 0.00375000000 0.69401380013 -1.53984311904
-1.00000000000 0.00000000000 2.21875000000 0.00500000000 0.69431224029 -1.54050528315
-1.00000000000 0.00000000000 2.21875000000 0.00625000000 0.69461548464 -1.54117810655
-1.00000000000 0.00000000000 2.21875000000 0.00750000000 0.69492354165 -1.54186160803
-1.00000000000 0.00000000000 2.21875000000 0.00875000000 0.69523641990 -1.54255580666
-1.00000000000 0.00000000000 2.23437500000 -0.01000000000 0.69106107603 -1.54408959176
-1.00000000000 0.00000000000 2.23437500000 -0.00875000000 0.69130532178 -1.54463532835
-1.00000000000 0.00000000000 2.23437500000 -0.00750000000 0.69155427375 -1.54519158041
-1.00000000000 0.00000000000 2.23437500000 -0.00625000000 0.69180793905 -1.54575836381
-1.00000000000 0.00000000000 2.23437500000 -0.00500000000 0.69206632488 -1.54633569466
-1.00000000000 0.00000000000 2.23437500000 -0.00375000000 0.69232943858 -1.54692358933
-1.00000000000 0.00000000000 2.23437500000 -0.00250000000 0.69259728758 -1.54752206445
-1.00000000000 0.00000000000 2.23437500000 -0.00125000000 0.69286987946 -1.54813113691
-1.00000000000 0.00000000000 2.23437500000 0.00000000000 0.69314722187 -1.54875082388
-1.00000000000 0.00000000000 2.23437500000 0.00125000000 0.69342932263 -1.54938114276
-1.00000000000 0.00000000000 2.23437500000 0.00250000000 0.69371618965 -1.55002211125
-1.00000000000 0.00000000000 2.23437500000 0.00375000000 0.69400783095 -1.55067374729
-1.00000000000 0.00000000000 2.23437500000 0.00500000000 0.69430425470 -1.55133606909
-1.00000000000 0.00000000000 2.23437500000 0.00625000000 0.69460546915 -1.55200909513
-1.00000000000 0.00000000000 2.23437500000 0.00750000000 0.69491148271 -1.55269284418
-1.00000000000 0.00000000000 2.23437500000 0.00875000000 0.69522230389 -1.55338733524
-1.00000000000 0.00000000000 2.25000000000 -0.01000000000 0.69107620751 -1.55492146690
-1.00000000000 0.00000000000 2.25000000000 -0.00875000000 0.69131860592 -1.55546686332
-1.00000000000 0.00000000000 2.25000000000 -0.00750000000 0.69156569810 -1.55602282072
-1.00000000000 0.00000000000 2.25000000000 -0.00625000000 0.69181749107 -1.55658935491
-1.00000000000 0.00000000000 2.25000000000 -0.00500000000 0.69207399199 -1.55716648197
-1.00000000000 0.00000000000 2.25000000000 -0.00375000000 0.69233520809 -1.55775421821
-1.00000000000 0.00000000000 2.25000000000 -0.00250000000 0.69260114676 -1.55835258022
-1.00000000000 0.00000000000 2.25000000000 -0.00125000000 0.69287181549 -1.55896158485
-1.00000000000 0.00000000000 2.25000000000 0.00000000000 0.69314722187 -1.55958124922
-1.00000000000 0.00000000000 2.25000000000 0.00125000000 0.69342737364 -1.56021159069
-1.00000000000 0.00000000000 2.25000000000 0.00250000000 0.69371227862 -1.56085262690
-1.00000000000 0.00000000000 2.25000000000 0.00375000000 0.69400194478 -1.56150437576
-1.00000000000 0.00000000000 2.25000000000 0.00500000000 0.69429638020 -1.56216685544
-1.00000000000 0.00000000000 2.25000000000 0.00625000000 0.69459559306 -1.56284008438
-1.00000000000 0.00000000000 2.25000000000 0.00750000000 0.69489959168 -1.56352408128
-1.00000000000 0.00000000000 2.25000000000 0.00875000000 0.69520838450 -1.56421886512
-1.00000000000 0.00000000000 2.26562500000 -0.01000000000 0.69109113097 -1.56575334359
-1.00000000000 0.00000000000 2.26562500000 -0.00875000000 0.69133170736 -1.56629839948
-1.00000000000 0.00000000000 2.26562500000 -0.00750000000 0.69157696526 -1.56685406191
-1.00000000000 0.00000000000 2.26562500000 -0.00625000000 0.69182691162 -1.56742034663
-1.00000000000 0.00000000000 2.26562500000 -0.00500000000 0.69208155351 -1.56799726967
-1.00000000000 0.00000000000 2.26562500000 -0.00375000000 0.69234089812 -1.56858484731
-1.00000000000 0.00000000000 2.26562500000 -0.00250000000 0.69260495276 -1.56918309609
-1.00000000000 0.00000000000 2.26562500000 -0.00125000000 0.69287372483 -1.56979203282
-1.00000000000 0.00000000000 2.26562500000 0.00000000000 0.69314722187 -1.57041167456
-1.00000000000 0.00000000000 2.26562500000 0.00125000000 0.69342545154 -1.57104203864
-1.00000000000 0.00000000000 2.26562500000 0.00250000000 0.69370842159 -1.57168314266
-1.00000000000 0.00000000000 2.26562500000 0.00375000000 0.69399613990 -1.57233500447
-1.00000000000 0.00000000000 2.26562500000 0.00500000000 0.69428861449 -1.57299764221
-1.00000000000 0.00000000000 2.26562500000 0.00625000000 0.69458585347 -1.57367107427
-1.00000000000 0.00000000000 2.26562500000 0.00750000000 0.69488786507 -1.57435531931
-1.00000000000 0.00000000000 2.26562500000 0.00875000000 0.69519465766 -1.57505039627
-1.00000000000 0.00000000000 2.28125000000 -0.01000000000 0.69110585066 -1.57658522181
-1.00000000000 0.00000000000 2.28125000000 -0.00875000000 0.69134462984 -1.57712993682
-1.00000000000 0.00000000000 2.28125000000 -0.00750000000 0.69158807845 -1.57768530396
-1.00000000000 0.00000000000 2.28125000000 -0.00625000000 0.69183620337 -1.57825133895
-1.00000000000 0.00000000000 2.28125000000 -0.00500000000 0.69208901162 -1.57882805776
-1.00000000000 0.00000000000 2.28125000000 -0.00375000000 0.69234651030 -1.57941547663
-1.00000000000 0.00000000000 2.28125000000 -0.00250000000 0.69260870666 -1.58001361206
-1.00000000000 0.00000000000 2.28125000000 -0.00125000000 0.69287560803 -1.58062248081
-1.00000000000 0.00000000000 2.28125000000 0.00000000000 0.69314722187 -1.58124209990
-1.00000000000 0.00000000000 2.28125000000 0.00125000000 0.69342355578 -1.58187248662
-1.00000000000 0.00000000000 2.28125000000 0.00250000000 0.69370461743 -1.58251365851
-1.00000000000 0.00000000000 2.28125000000 0.00375000000 0.69399041464 -1.58316563340
-1.00000000000 0.00000000000 2.28125000000 0.00500000000 0.69428095534 -1.58382842938
-1.00000000000 0.00000000000 2.28125000000 0.00625000000 0.69457624758 -1.58450206478
-1.00000000000 0.00000000000 2.28125000000 0.00750000000 0.69487629951 -1.58518655825
-1.00000000000 0.00000000000 2.28125000000 0.00875000000 0.69518111941 -1.58588192866
-1.00000000000 0.00000000000 2.29687500000 -0.01000000000 0.69112037073 -1.58741710151
-1.00000000000 0.00000000000 2.29687500000 -0.00875000000 0.69135737700 -1.58796147530
-1.00000000000 0.00000000000 2.29687500000 -0.00750000000 0.69159904081 -1.58851654686
-1.00000000000 0.00000000000 2.29687500000 -0.00625000000 0.69184536897 -1.58908233185
-1.00000000000 0.00000000000 2.29687500000 -0.00500000000 0.69209636843 -1.58965884623
-1.00000000000 0.00000000000 2.29687500000 -0.00375000000 0.69235204622 -1.59024610617
-1.00000000000 0.00000000000 2.29687500000 -0.00250000000 0.69261240953 -1.59084412813
-1.00000000000 0.00000000000 2.29687500000 -0.00125000000 0.69287746561 -1.59145292883
-1.00000000000 0.00000000000 2.29687500000 0.00000000000 0.69314722187 -1.59207252524
-1.00000000000 0.00000000000 2.29687500000 0.00125000000 0.69342168582 -1.59270293462
-1.00000000000 0.00000000000 2.29687500000 0.00250000000 0.69370086507 -1.59334417447
-1.00000000000 0.00000000000 2.29687500000 0.00375000000 0.69398476737 -1.59399626256
-1.00000000000 0.00000000000 2.29687500000 0.00500000000 0.69427340057 -1.59465921694
-1.00000000000 0.00000000000 2.29687500000 0.00625000000 0.69456677264 -1.59533305592
-1.00000000000 0.00000000000 2.29687500000 0.00750000000 0.69486489168 -1.59601779808
-1.00000000000 0.00000000000 2.29687500000 0.00875000000 0.69516776589 -1.59671346227
-1.00000000000 0.00000000000 2.31250000000 -0.01000000000 0.69113469521 -1.59824898267
-1.00000000000 0.00000000000 2.31250000000 -0.00875000000 0.69136995239 -1.59879301490
-1.00000000000 0.00000000000 2.31250000000 -0.00750000000 0.69160985539 -1.59934779058
-1.00000000000 0.00000000000 2.31250000000 -0.00625000000 0.69185441096 -1.59991332534
-1.00000000000 0.00000000000 2.31250000000 -0.00500000000 0.69210362597 -1.60048963507
-1.00000000000 0.00000000000 2.31250000000 -0.00375000000 0.69235750742 -1.60107673591
-1.00000000000 0.00000000000 2.31250000000 -0.00250000000 0.69261606240 -1.60167464429
-1.00000000000 0.00000000000 2.31250000000 -0.00125000000 0.69287929810 -1.60228337687
-1.00000000000 0.00000000000 2.31250000000 0.00000000000 0.69314722187 -1.60290295059
-1.00000000000 0.00000000000 2.31250000000 0.00125000000 0.69341984114 -1.60353338265
-1.00000000000 0.00000000000 2.31250000000 0.00250000000 0.69369716347 -1.60417469051
-1.00000000000 0.00000000000 2.31250000000 0.00375000000 0.69397919651 -1.60482689192
-1.00000000000 0.00000000000 2.31250000000 0.00500000000 0.69426594806 -1.60549000488
-1.00000000000 0.00000000000 2.31250000000 0.00625000000 0.69455742601 -1.60616404765
-1.00000000000 0.00000000000 2.31250000000 0.00750000000 0.69485363839 -1.60684903878
-1.00000000000 0.00000000000 2.31250000000 0.00875000000 0.69515459333 -1.60754499707
-1.00000000000 0.00000000000 2.32812500000 -0.01000000000 0.69114882803 -1.60908086526
-1.00000000000 0.00000000000 2.32812500000 -0.00875000000 0.69138235945 -1.60962455560
-1.00000000000 0.00000000000 2.32812500000 -0.00750000000 0.69162052515 -1.61017903511
-1.00000000000 0.00000000000 2.32812500000 -0.00625000000 0.69186333182 -1.61074431939
-1.00000000000 0.00000000000 2.32812500000 -0.00500000000 0.69211078626 -1.61132042427
-1.00000000000 0.00000000000 2.32812500000 -0.00375000000 0.69236289540 -1.61190736586
-1.00000000000 0.00000000000 2.32812500000 -0.00250000000 0.69261966627 -1.61250516054
-1.00000000000 0.00000000000 2.32812500000 -0.00125000000 0.69288110601 -1.61311382493
-1.00000000000 0.00000000000 2.32812500000 0.00000000000 0.69314722187 -1.61373337593
-1.00000000000 0.00000000000 2.32812500000 0.00125000000 0.69341802124 -1.61436383069
-1.00000000000 0.00000000000 2.32812500000 0.00250000000 0.69369351158 -1.61500520665
-1.00000000000 0.00000000000 2.32812500000 0.00375000000 0.69397370051 -1.61565752150
-1.00000000000 0.00000000000 2.32812500000 0.00500000000 0.69425859574 -1.61632079320
-1.00000000000 0.00000000000 2.32812500000 0.00625000000 0.69454820509 -1.61699503998
-1.00000000000 0.00000000000 2.32812500000 0.00750000000 0.69484253652 -1.61768028034
-1.00000000000 0.00000000000 2.32812500000 0.00875000000 0.69514159809 -1.61837653305
-1.00000000000 0.00000000000 2.34375000000 -0.01000000000 0.69116277302 -1.61991274926
-1.00000000000 0.00000000000 2.34375000000 -0.00875000000 0.69139460155 -1.62045609738
-1.00000000000 0.00000000000 2.34375000000 -0.00750000000 0.69163105299 -1.62101028044
-1.00000000000 0.00000000000 2.34375000000 -0.00625000000 0.69187213397 -1.62157531399
-1.00000000000 0.00000000000 2.34375000000 -0.00500000000 0.69211785123 -1.62215121383
-1.00000000000 0.00000000000 2.34375000000 -0.00375000000 0.69236821163 -1.62273799602
-1.00000000000 0.00000000000 2.34375000000 -0.00250000000 0.69262322214 -1.62333567688
-1.00000000000 0.00000000000 2.34375000000 -0.00125000000 0.69288288982 -1.62394427301
-1.00000000000 0.00000000000 2.34375000000 0.00000000000 0.69314722187 -1.62456380127
-1.00000000000 0.00000000000 2.34375000000 0.00125000000 0.69341622561 -1.62519427876
-1.00000000000 0.00000000000 2.34375000000 0.00250000000 0.69368990843 -1.62583572289
-1.00000000000 0.00000000000 2.34375000000 0.00375000000 0.69396827788 -1.62648815129
-1.00000000000 0.00000000000 2.34375000000 0.00500000000 0.69425134161 -1.62715158189
-1.00000000000 0.00000000000 2.34375000000 0.00625000000 0.69453910736 -1.62782603288
-1.00000000000 0.00000000000 2.34375000000 0.00750000000 0.69483158303 -1.62851152273
-1.00000000000 0.00000000000 2.34375000000 0.00875000000 0.69512877660 -1.62920807017
-1.00000000000 0.00000000000 2.35937500000 -0.01000000000 0.69117653388 -1.63074463462
-1.00000000000 0.00000000000 2.35937500000 -0.00875000000 0.69140668194 -1.63128764021
-1.00000000000 0.00000000000 2.35937500000 -0.00750000000 0.69164144172 -1.63184152655
-1.00000000000 0.00000000000 2.35937500000 -0.00625000000 0.69188081977 -1.63240630914
-1.00000000000 0.00000000000 2.35937500000 -0.00500000000 0.69212482278 -1.63298200374
-1.00000000000 0.00000000000 2.35937500000 -0.00375000000 0.69237345753 -1.63356862637
-1.00000000000 0.00000000000 2.35937500000 -0.00250000000 0.69262673094 -1.63416619331
-1.00000000000 0.00000000000 2.35937500000 -0.00125000000 0.69288465001 -1.63477472112
-1.00000000000 0.00000000000 2.35937500000 0.00000000000 0.69314722187 -1.63539422661
-1.00000000000 0.00000000000 2.35937500000 0.00125000000 0.69341445377 -1.63602472686
-1.00000000000 0.00000000000 2.35937500000 0.00250000000 0.69368635304 -1.63666623921
-1.00000000000 0.00000000000 2.35937500000 0.00375000000 0.69396292716 -1.63731878128
-1.00000000000 0.00000000000 2.35937500000 0.00500000000 0.69424418371 -1.63798237094
-1.00000000000 0.00000000000 2.35937500000 0.00625000000 0.69453013038 -1.63865702636
-1.00000000000 0.00000000000 2.35937500000 0.00750000000 0.69482077497 -1.63934276595
-1.00000000000 0.00000000000 2.35937500000 0.00875000000 0.69511612542 -1.64003960841
-1.00000000000 0.00000000000 2.37500000000 -0.01000000000 0.69119011425 -1.64157652133
-1.00000000000 0.00000000000 2.37500000000 -0.00875000000 0.69141860382 -1.64211918408
-1.00000000000 0.00000000000 2.37500000000 -0.00750000000 0.69165169407 -1.64267277343
-1.00000000000 0.00000000000 2.37500000000 -0.00625000000 0.69188939150 -1.64323730482
-1.00000000000 0.00000000000 2.37500000000 -0.00500000000 0.69213170273 -1.64381279399
-1.00000000000 0.00000000000 2.37500000000 -0.00375000000 0.69237863449 -1.64439925691
-1.00000000000 0.00000000000 2.37500000000 -0.00250000000 0.69263019361 -1.64499670983
-1.00000000000 0.00000000000 2.37500000000 -0.00125000000 0.69288638705 -1.64560516925
-1.00000000000 0.00000000000 2.37500000000 0.00000000000 0.69314722187 -1.64622465195
-1.00000000000 0.00000000000 2.37500000000 0.00125000000 0.69341270525 -1.64685517497
-1.00000000000 0.00000000000 2.37500000000 0.00250000000 0.69368284447 -1.64749675562
-1.00000000000 0.00000000000 2.37500000000 0.00375000000 0.69395764693 -1.64814941146
-1.00000000000 0.00000000000 2.37500000000 0.00500000000 0.69423712015 -1.64881316035
-1.00000000000 0.00000000000 2.37500000000 0.00625000000 0.69452127174 -1.64948802039
-1.00000000000 0.00000000000 2.37500000000 0.00750000000 0.69481010946 -1.65017400997
-1.00000000000 0.00000000000 2.37500000000 0.00875000000 0.69510364116 -1.65087114775
-1.00000000000 0.00000000000 2.39062500000 -0.01000000000 0.69120351764 -1.65240840937
-1.00000000000 0.00000000000 2.39062500000 -0.00875000000 0.69143037029 -1.65295072897
-1.00000000000 0.00000000000 2.39062500000 -0.00750000000 0.69166181273 -1.65350402105
-1.00000000000 0.00000000000 2.39062500000 -0.00625000000 0.69189785141 -1.65406830102
-1.00000000000 0.00000000000 2.39062500000 -0.00500000000 0.69213849289 -1.65464358457
-1.00000000000 0.00000000000 2.39062500000 -0.00375000000 0.69238374385 -1.65522988764
-1.00000000000 0.00000000000 2.39062500000 -0.00250000000 0.69263361105 -1.65582722643
-1.00000000000 0.00000000000 2.39062500000 -0.00125000000 0.69288810140 -1.65643561740
-1.00000000000 0.00000000000 2.39062500000 0.00000000000 0.69314722187 -1.65705507729
-1.00000000000 0.00000000000 2.39062500000 0.00125000000 0.69341097960 -1.65768562311
-1.00000000000 0.00000000000 2.39062500000 0.00250000000 0.69367938180 -1.65832727212
-1.00000000000 0.00000000000 2.39062500000 0.00375000000 0.69395243580 -1.65898004185
-1.00000000000 0.00000000000 2.39062500000 0.00500000000 0.69423014906 -1.65964395010
-1.00000000000 0.00000000000 2.39062500000 0.00625000000 0.69451252914 -1.66031901497
-1.00000000000 0.00000000000 2.39062500000 0.00750000000 0.69479958370 -1.66100525478
-1.00000000000 0.00000000000 2.39062500000 0.00875000000 0.69509132054 -1.66170268817
-1.00000000000 0.00000000000 2.40625000000 -0.01000000000 0.69121674751 -1.66324029869
-1.00000000000 0.00000000000 2.40625000000 -0.00875000000 0.69144198435 -1.66378227485
-1.00000000000 0.00000000000 2.40625000000 -0.00750000000 0.69167180027 -1.66433526940
-1.00000000000 0.00000000000 2.40625000000 -0.00625000000 0.69190620166 -1.66489929774
-1.00000000000 0.00000000000 2.40625000000 -0.00500000000 0.69214519501 -1.66547437549
-1.00000000000 0.00000000000 2.40625000000 -0.00375000000 0.69238878693 -1.66606051856
-1.00000000000 0.00000000000 2.40625000000 -0.00250000000 0.69263698415 -1.66665774311
-1.00000000000 0.00000000000 2.40625000000 -0.00125000000 0.69288979348 -1.66726606557
-1.00000000000 0.00000000000 2.40625000000 0.00000000000 0.69314722187 -1.66788550264
-1.00000000000 0.00000000000 2.40625000000 0.00125000000 0.69340927637 -1.66851607127
-1.00000000000 0.00000000000 2.40625000000 0.00250000000 0.69367596413 -1.66915778870
-1.00000000000 0.00000000000 2.40625000000 0.00375000000 0.69394729243 -1.66981067242
-1.00000000000 0.00000000000 2.40625000000 0.00500000000 0.69422326865 -1.67047474020
-1.00000000000 0.00000000000 2.40625000000 0.00625000000 0.69450390029 -1.67115001008
-1.00000000000 0.00000000000 2.40625000000 0.00750000000 0.69478919496 -1.67183650037
-1.00000000000 0.00000000000 2.40625000000 0.00875000000 0.69507916038 -1.67253422965
-1.00000000000 0.00000000000 2.42187500000 -0.01000000000 0.69122980719 -1.67407218929
-1.00000000000 0.00000000000 2.42187500000 -0.00875000000 0.69145344896 -1.67461382170
-1.00000000000 0.00000000000 2.42187500000 -0.00750000000 0.69168165924 -1.67516651848
-1.00000000000 0.00000000000 2.42187500000 -0.00625000000 0.69191444437 -1.67573029496
-1.00000000000 0.00000000000 2.42187500000 -0.00500000000 0.69215181078 -1.67630516673
-1.00000000000 0.00000000000 2.42187500000 -0.00375000000 0.69239376502 -1.67689114966
-1.00000000000 0.00000000000 2.42187500000 -0.00250000000 0.69264031375 -1.67748825987
-1.00000000000 0.00000000000 2.42187500000 -0.00125000000 0.69289146375 -1.67809651376
-1.00000000000 0.00000000000 2.42187500000 0.00000000000 0.69314722187 -1.67871592798
-1.00000000000 0.00000000000 2.42187500000 0.00125000000 0.69340759513 -1.67934651945
-1.00000000000 0.00000000000 2.42187500000 0.00250000000 0.69367259060 -1.67998830536
-1.00000000000 0.00000000000 2.42187500000 0.00375000000 0.69394221551 -1.68064130318
-1.00000000000 0.00000000000 2.42187500000 0.00500000000 0.69421647716 -1.68130553063
-1.00000000000 0.00000000000 2.42187500000 0.00625000000 0.69449538301 -1.68198100572
-1.00000000000 0.00000000000 2.42187500000 0.00750000000 0.69477894058 -1.68266774672
-1.00000000000 0.00000000000 2.42187500000 0.00875000000 0.69506715754 -1.68336577217
-1.00000000000 0.00000000000 2.43750000000 -0.01000000000 0.69124269995 -1.68490408113
-1.00000000000 0.00000000000 2.43750000000 -0.00875000000 0.69146476698 -1.68544536952
-1.00000000000 0.00000000000 2.43750000000 -0.00750000000 0.69169139211 -1.68599776826
-1.00000000000 0.00000000000 2.43750000000 -0.00625000000 0.69192258161 -1.68656129267
-1.00000000000 0.00000000000 2.43750000000 -0.00500000000 0.69215834186 -1.68713595829
-1.00000000000 0.00000000000 2.43750000000 -0.00375000000 0.69239867936 -1.68772178094
-1.00000000000 0.00000000000 2.43750000000 -0.00250000000 0.69264360071 -1.68831877672
-1.00000000000 0.00000000000 2.43750000000 -0.00125000000 0.69289311260 -1.68892696197
-1.00000000000 0.00000000000 2.43750000000 0.00000000000 0.69314722187 -1.68954635332
-1.00000000000 0.00000000000 2.43750000000 0.00125000000 0.69340593544 -1.69017696765
-1.00000000000 0.00000000000 2.43750000000 0.00250000000 0.69366926035 -1.69081882211
-1.00000000000 0.00000000000 2.43750000000 0.00375000000 0.69393720374 -1.69147193412
-1.00000000000 0.00000000000 2.43750000000 0.00500000000 0.69420977288 -1.69213632139
-1.00000000000 0.00000000000 2.43750000000 0.00625000000 0.69448697513 -1.69281200187
-1.00000000000 0.00000000000 2.43750000000 0.00750000000 0.69476881797 -1.69349899380
-1.00000000000 0.00000000000 2.43750000000 0.00875000000 0.69505530901 -1.69419731571
-1.00000000000 0.00000000000 2.45312500000 -0.01000000000 0.69125542897 -1.69573597419
-1.00000000000 0.00000000000 2.45312500000 -0.00875000000 0.69147594121 -1.69627691827
-1.00000000000 0.00000000000 2.45312500000 -0.00750000000 0.69170100127 -1.69682901874
-1.00000000000 0.00000000000 2.45312500000 -0.00625000000 0.69193061538 -1.69739229086
-1.00000000000 0.00000000000 2.45312500000 -0.00500000000 0.69216478987 -1.69796675015
-1.00000000000 0.00000000000 2.45312500000 -0.00375000000 0.69240353117 -1.69855241240
-1.00000000000 0.00000000000 2.45312500000 -0.00250000000 0.69264684582 -1.69914929364
-1.00000000000 0.00000000000 2.45312500000 -0.00125000000 0.69289474047 -1.69975741020
-1.00000000000 0.00000000000 2.45312500000 0.00000000000 0.69314722187 -1.70037677866
-1.00000000000 0.00000000000 2.45312500000 0.00125000000 0.69340429691 -1.70100741586
-1.00000000000 0.00000000000 2.45312500000 0.00250000000 0.69366597256 -1.70164933893
-1.00000000000 0.00000000000 2.45312500000 0.00375000000 0.69393225590 -1.70230256524
-1.00000000000 0.00000000000 2.45312500000 0.00500000000 0.69420315413 -1.70296711247
-1.00000000000 0.00000000000 2.45312500000 0.00625000000 0.69447867456 -1.70364299853
-1.00000000000 0.00000000000 2.45312500000 0.00750000000 0.69475882461 -1.70433024162
-1.00000000000 0.00000000000 2.45312500000 0.00875000000 0.69504361182 -1.70502886024
-1.00000000000 0.00000000000 2.46875000000 -0.01000000000 0.69126799735 -1.70656786845
-1.00000000000 0.00000000000 2.46875000000 -0.00875000000 0.69148697436 -1.70710846794
-1.00000000000 0.00000000000 2.46875000000 -0.00750000000 0.69171048907 -1.70766026990
-1.00000000000 0.00000000000 2.46875000000 -0.00625000000 0.69193854766 -1.70822328953
-1.00000000000 0.00000000000 2.46875000000 -0.00500000000 0.69217115638 -1.70879754232
-1.00000000000 0.00000000000 2.46875000000 -0.00375000000 0.69240832163 -1.70938304402
-1.00000000000 0.00000000000 2.46875000000 -0.00250000000 0.69265004988 -1.70997981064
-1.00000000000 0.00000000000 2.46875000000 -0.00125000000 0.69289634773 -1.71058785845
-1.00000000000 0.00000000000 2.46875000000 0.00000000000 0.69314722187 -1.71120720400
-1.00000000000 0.00000000000 2.46875000000 0.00125000000 0.69340267913 -1.71183786410
-1.00000000000 0.00000000000 2.46875000000 0.00250000000 0.69366272641 -1.71247985583
-1.00000000000 0.00000000000 2.46875000000 0.00375000000 0.69392737075 -1.71313319654
-1.00000000000 0.00000000000 2.46875000000 0.00500000000 0.69419661929 -1.71379790386
-1.00000000000 0.00000000000 2.46875000000 0.00625000000 0.69447047926 -1.71447399568
-1.00000000000 0.00000000000 2.46875000000 0.00750000000 0.69474895804 -1.71516149016
-1.00000000000 0.00000000000 2.46875000000 0.00875000000 0.69503206309 -1.71586040575
-1.00000000000 0.00000000000 2.48437500000 -0.01000000000 0.69128040811 -1.71739976389
-1.00000000000 0.00000000000 2.48437500000 -0.00875000000 0.69149786909 -1.71794001852
-1.00000000000 0.00000000000 2.48437500000 -0.00750000000 0.69171985780 -1.71849152172
-1.00000000000 0.00000000000 2.48437500000 -0.00625000000 0.69194638034 -1.71905428866
-1.00000000000 0.00000000000 2.48437500000 -0.00500000000 0.69217744294 -1.71962833479
-1.00000000000 0.00000000000 2.48437500000 -0.00375000000 0.69241305190 -1.72021367582
-1.00000000000 0.00000000000 2.48437500000 -0.00250000000 0.69265321367 -1.72081032772
-1.00000000000 0.00000000000 2.48437500000 -0.00125000000 0.69289793478 -1.72141830672
-1.00000000000 0.00000000000 2.48437500000 0.00000000000 0.69314722187 -1.72203762935
-1.00000000000 0.00000000000 2.48437500000 0.00125000000 0.69340108170 -1.72266831236
-1.00000000000 0.00000000000 2.48437500000 0.00250000000 0.69365952113 -1.72331037281
-1.00000000000 0.00000000000 2.48437500000 0.00375000000 0.69392254713 -1.72396382802
-1.00000000000 0.00000000000 2.48437500000 0.00500000000 0.69419016677 -1.72462869557
-1.00000000000 0.00000000000 2.48437500000 0.00625000000 0.69446238725 -1.72530499332
-1.00000000000 0.00000000000 2.48437500000 0.00750000000 0.69473921586 -1.72599273940
-1.00000000000 0.00000000000 2.48437500000 0.00875000000 0.69502066002 -1.72669195223
-1.00000000000 0.00000000000 2.50000000000 -0.01000000000 0.69129266419 -1.72823166048
-1.00000000000 0.00000000000 2.50000000000 -0.00875000000 0.69150862799 -1.72877156998
-1.00000000000 0.00000000000 2.50000000000 -0.00750000000 0.69172910968 -1.72932277420
-1.00000000000 0.00000000000 2.50000000000 -0.00625000000 0.69195411530 -1.72988528825
-1.00000000000 0.00000000000 2.50000000000 -0.00500000000 0.69218365102 -1.73045912756
-1.00000000000 0.00000000000 2.50000000000 -0.00375000000 0.69241772311 -1.73104430778
-1.00000000000 0.00000000000 2.50000000000 -0.00250000000 0.69265633795 -1.73164084487
-1.00000000000 0.00000000000 2.50000000000 -0.00125000000 0.69289950200 -1.73224875501
-1.00000000000 0.00000000000 2.50000000000 0.00000000000 0.69314722187 -1.73286805469
-1.00000000000 0.00000000000 2.50000000000 0.00125000000 0.69339950425 -1.73349876064
-1.00000000000 0.00000000000 2.50000000000 0.00250000000 0.69365635595 -1.73414088987
-1.00000000000 0.00000000000 2.50000000000 0.00375000000 0.69391778386 -1.73479445966
-1.00000000000 0.00000000000 2.50000000000 0.00500000000 0.69418379503 -1.73545948757
-1.00000000000 0.00000000000 2.50000000000 0.00625000000 0.69445439657 -1.73613599143
-1.00000000000 0.00000000000 2.50000000000 0.00750000000 0.69472959573 -1.73682398933
-1.00000000000 0.00000000000 2.50000000000 0.00875000000 0.69500939986 -1.73752349964
-1.00000000000 0.00000000000 2.51562500000 -0.01000000000 0.69130476848 -1.73906355820
-1.00000000000 0.00000000000 2.51562500000 -0.00875000000 0.69151925359 -1.73960312232
-1.00000000000 0.00000000000 2.51562500000 -0.00750000000 0.69173824688 -1.74015402732
-1.00000000000 0.00000000000 2.51562500000 -0.00625000000 0.69196175435 -1.74071628829
-1.00000000000 0.00000000000 2.51562500000 -0.00500000000 0.69218978211 -1.74128992061
-1.00000000000 0.00000000000 2.51562500000 -0.00375000000 0.69242233636 -1.74187493991
-1.00000000000 0.00000000000 2.51562500000 -0.00250000000 0.69265942344 -1.74247136209
-1.00000000000 0.00000000000 2.51562500000 -0.00125000000 0.69290104977 -1.74307920332
-1.00000000000 0.00000000000 2.51562500000 0.00000000000 0.69314722187 -1.74369848003
-1.00000000000 0.00000000000 2.51562500000 0.00125000000 0.69339794641 -1.74432920893
-1.00000000000 0.00000000000 2.51562500000 0.00250000000 0.69365323011 -1.74497140700
-1.00000000000 0.00000000000 2.51562500000 0.00375000000 0.69391307984 -1.74562509147
-1.00000000000 0.00000000000 2.51562500000 0.00500000000 0.69417750256 -1.74629027988
-1.00000000000 0.00000000000 2.51562500000 0.00625000000 0.69444650535 -1.74696699001
-1.00000000000 0.00000000000 2.51562500000 0.00750000000 0.69472009538 -1.74765523993
-1.00000000000 0.00000000000 2.51562500000 0.00875000000 0.69499827994 -1.74835504799
-1.00000000000 0.00000000000 2.53125000000 -0.01000000000 0.69131672377 -1.74989545703
-1.00000000000 0.00000000000 2.53125000000 -0.00875000000 0.69152974835 -1.75043467551
-1.00000000000 0.00000000000 2.53125000000 -0.00750000000 0.69174727153 -1.75098528107
-1.00000000000 0.00000000000 2.53125000000 -0.00625000000 0.69196929927 -1.75154728877
-1.00000000000 0.00000000000 2.53125000000 -0.00500000000 0.69219583761 -1.75212071394
-1.00000000000 0.00000000000 2.53125000000 -0.00375000000 0.69242689272 -1.75270557219
-1.00000000000 0.00000000000 2.53125000000 -0.00250000000 0.69266247087 -1.75330187938
-1.00000000000 0.00000000000 2.53125000000 -0.00125000000 0.69290257843 -1.75390965164
-1.00000000000 0.00000000000 2.53125000000 0.00000000000 0.69314722187 -1.75452890537
-1.00000000000 0.00000000000 2.53125000000 0.00125000000 0.69339640780 -1.75515965724
-1.00000000000 0.00000000000 2.53125000000 0.00250000000 0.69365014289 -1.75580192420
-1.00000000000 0.00000000000 2.53125000000 0.00375000000 0.69390843395 -1.75645572345
-1.00000000000 0.00000000000 2.53125000000 0.00500000000 0.69417128789 -1.75712107248
-1.00000000000 0.00000000000 2.53125000000 0.00625000000 0.69443871172 -1.75779798905
-1.00000000000 0.00000000000 2.53125000000 0.00750000000 0.69471071257 -1.75848649120
-1.00000000000 0.00000000000 2.53125000000 0.00875000000 0.69498729767 -1.75918659724
-1.00000000000 0.00000000000 2.54687500000 -0.01000000000 0.69132853279 -1.76072735696
-1.00000000000 0.00000000000 2.54687500000 -0.00875000000 0.69154011467 -1.76126622954
-1.00000000000 0.00000000000 2.54687500000 -0.00750000000 0.69175618569 -1.76181653544
-1.00000000000 0.00000000000 2.54687500000 -0.00625000000 0.69197675177 -1.76237828968
-1.00000000000 0.00000000000 2.54687500000 -0.00500000000 0.69220181892 -1.76295150755
-1.00000000000 0.00000000000 2.54687500000 -0.00375000000 0.69243139323 -1.76353620463
-1.00000000000 0.00000000000 2.54687500000 -0.00250000000 0.69266548093 -1.76413239674
-1.00000000000 0.00000000000 2.54687500000 -0.00125000000 0.69290408834 -1.76474009998
-1.00000000000 0.00000000000 2.54687500000 0.00000000000 0.69314722187 -1.76535933071
-1.00000000000 0.00000000000 2.54687500000 0.00125000000 0.69339488808 -1.76599010557
-1.00000000000 0.00000000000 2.54687500000 0.00250000000 0.69364709358 -1.76663244147
-1.00000000000 0.00000000000 2.54687500000 0.00375000000 0.69390384514 -1.76728635558
-1.00000000000 0.00000000000 2.54687500000 0.00500000000 0.69416514959 -1.76795186537
-1.00000000000 0.00000000000 2.54687500000 0.00625000000 0.69443101391 -1.76862898855
-1.00000000000 0.00000000000 2.54687500000 0.00750000000 0.69470144515 -1.76931774312
-1.00000000000 0.00000000000 2.54687500000 0.00875000000 0.69497645050 -1.77001814738
-1.00000000000 0.00000000000 2.56250000000 -0.01000000000 0.69134019822 -1.77155925795
-1.00000000000 0.00000000000 2.56250000000 -0.00875000000 0.69155035488 -1.77209778439
-1.00000000000 0.00000000000 2.56250000000 -0.00750000000 0.69176499138 -1.77264779041
-1.00000000000 0.00000000000 2.56250000000 -0.00625000000 0.69198411356 -1.77320929101
-1.00000000000 0.00000000000 2.56250000000 -0.00500000000 0.69220772739 -1.77378230144
-1.00000000000 0.00000000000 2.56250000000 -0.00375000000 0.69243583892 -1.77436683723
-1.00000000000 0.00000000000 2.56250000000 -0.00250000000 0.69266845431 -1.77496291418
-1.00000000000 0.00000000000 2.56250000000 -0.00125000000 0.69290557984 -1.77557054834
-1.00000000000 0.00000000000 2.56250000000 0.00000000000 0.69314722187 -1.77618975605
-1.00000000000 0.00000000000 2.56250000000 0.00125000000 0.69339338690 -1.77682055392
-1.00000000000 0.00000000000 2.56250000000 0.00250000000 0.69364408149 -1.77746295881
-1.00000000000 0.00000000000 2.56250000000 0.00375000000 0.69389931234 -1.77811698788
-1.00000000000 0.00000000000 2.56250000000 0.00500000000 0.69415908626 -1.77878265853
-1.00000000000 0.00000000000 2.56250000000 0.00625000000 0.69442341014 -1.77945998848
-1.00000000000 0.00000000000 2.56250000000 0.00750000000 0.69469229100 -1.78014899568
-1.00000000000 0.00000000000 2.56250000000 0.00875000000 0.69496573596 -1.78084969839
-1.00000000000 0.00000000000 2.57812500000 -0.01000000000 0.69135172267 -1.78239116000
-1.00000000000 0.00000000000 2.57812500000 -0.00875000000 0.69156047129 -1.78292934005
-1.00000000000 0.00000000000 2.57812500000 -0.00750000000 0.69177369056 -1.78347904599
-1.00000000000 0.00000000000 2.57812500000 -0.00625000000 0.69199138628 -1.78404029276
-1.00000000000 0.00000000000 2.57812500000 -0.00500000000 0.69221356435 -1.78461309559
-1.00000000000 0.00000000000 2.57812500000 -0.00375000000 0.69244023078 -1.78519746998
-1.00000000000 0.00000000000 2.57812500000 -0.00250000000 0.69267139168 -1.78579343168
-1.00000000000 0.00000000000 2.57812500000 -0.00125000000 0.69290705327 -1.78640099672
-1.00000000000 0.00000000000 2.57812500000 0.00000000000 0.69314722187 -1.78702018140
-1.00000000000 0.00000000000 2.57812500000 0.00125000000 0.69339190392 -1.78765100228
-1.00000000000 0.00000000000 2.57812500000 0.00250000000 0.69364110593 -1.78829347622
-1.00000000000 0.00000000000 2.57812500000 0.00375000000 0.69389483455 -1.78894762033
-1.00000000000 0.00000000000 2.57812500000 0.00500000000 0.69415309653 -1.78961345198
-1.00000000000 0.00000000000 2.57812500000 0.00625000000 0.69441589871 -1.79029098885
-1.00000000000 0.00000000000 2.57812500000 0.00750000000 0.69468324805 -1.79098024887
-1.00000000000 0.00000000000 2.57812500000 0.00875000000 0.69495515162 -1.79168125027
-1.00000000000 0.00000000000 2.59375000000 -0.01000000000 0.69136310866 -1.79322306308
-1.00000000000 0.00000000000 2.59375000000 -0.00875000000 0.69157046612 -1.79376089651
-1.00000000000 0.00000000000 2.59375000000 -0.00750000000 0.69178228516 -1.79431030214
-1.00000000000 0.00000000000 2.59375000000 -0.00625000000 0.69199857153 -1.79487129491
-1.00000000000 0.00000000000 2.59375000000 -0.00500000000 0.69221933109 -1.79544389000
-1.00000000000 0.00000000000 2.59375000000 -0.00375000000 0.69244456978 -1.79602810287
-1.00000000000 0.00000000000 2.59375000000 -0.00250000000 0.69267429368 -1.79662394924
-1.00000000000 0.00000000000 2.59375000000 -0.00125000000 0.69290850896 -1.79723144511
-1.00000000000 0.00000000000 2.59375000000 0.00000000000 0.69314722187 -1.79785060674
-1.00000000000 0.00000000000 2.59375000000 0.00125000000 0.69339043881 -1.79848145067
-1.00000000000 0.00000000000 2.59375000000 0.00250000000 0.69363816625 -1.79912399370
-1.00000000000 0.00000000000 2.59375000000 0.00375000000 0.69389041077 -1.79977825293
-1.00000000000 0.00000000000 2.59375000000 0.00500000000 0.69414717906 -1.80044424570
-1.00000000000 0.00000000000 2.59375000000 0.00625000000 0.69440847794 -1.80112198964
-1.00000000000 0.00000000000 2.59375000000 0.00750000000 0.69467431429 -1.80181150268
-1.00000000000 0.00000000000 2.59375000000 0.00875000000 0.69494469513 -1.80251280298
-1.00000000000 0.00000000000 2.60937500000 -0.01000000000 0.69137435868 -1.80405496717
-1.00000000000 0.00000000000 2.60937500000 -0.00875000000 0.69158034155 -1.80459245374
-1.00000000000 0.00000000000 2.60937500000 -0.00750000000 0.69179077706 -1.80514155888
-1.00000000000 0.00000000000 2.60937500000 -0.00625000000 0.69200567089 -1.80570229747
-1.00000000000 0.00000000000 2.60937500000 -0.00500000000 0.69222502886 -1.80627468468
-1.00000000000 0.00000000000 2.60937500000 -0.00375000000 0.69244885688 -1.80685873591
-1.00000000000 0.00000000000 2.60937500000 -0.00250000000 0.69267716096 -1.80745446687
-1.00000000000 0.00000000000 2.60937500000 -0.00125000000 0.69290994722 -1.80806189352
-1.00000000000 0.00000000000 2.60937500000 0.00000000000 0.69314722187 -1.80868103208
-1.00000000000 0.00000000000 2.60937500000 0.00125000000 0.69338899126 -1.80931189906
-1.00000000000 0.00000000000 2.60937500000 0.00250000000 0.69363526179 -1.80995451125
-1.00000000000 0.00000000000 2.60937500000 0.00375000000 0.69388604002 -1.81060888568
-1.00000000000 0.00000000000 2.60937500000 0.00500000000 0.69414133257 -1.81127503968
-1.00000000000 0.00000000000 2.60937500000 0.00625000000 0.69440114620 -1.81195299086
-1.00000000000 0.00000000000 2.60937500000 0.00750000000 0.69466548775 -1.81264275709
-1.00000000000 0.00000000000 2.60937500000 0.00875000000 0.69493436418 -1.81334435653
-1.00000000000 0.00000000000 2.62500000000 -0.01000000000 0.69138547515 -1.81488687226
-1.00000000000 0.00000000000 2.62500000000 -0.00875000000 0.69159009971 -1.81542401174
-1.00000000000 0.00000000000 2.62500000000 -0.00750000000 0.69179916807 -1.81597281618
-1.00000000000 0.00000000000 2.62500000000 -0.00625000000 0.69201268588 -1.81653330042
-1.00000000000 0.00000000000 2.62500000000 -0.00500000000 0.69223065890 -1.81710547960
-1.00000000000 0.00000000000 2.62500000000 -0.00375000000 0.69245309299 -1.81768936910
-1.00000000000 0.00000000000 2.62500000000 -0.00250000000 0.69267999412 -1.81828498457
-1.00000000000 0.00000000000 2.62500000000 -0.00125000000 0.69291136836 -1.81889234194
-1.00000000000 0.00000000000 2.62500000000 0.00000000000 0.69314722187 -1.81951145742
-1.00000000000 0.00000000000 2.62500000000 0.00125000000 0.69338756094 -1.82014234748
-1.00000000000 0.00000000000 2.62500000000 0.00250000000 0.69363239194 -1.82078502885
-1.00000000000 0.00000000000 2.62500000000 0.00375000000 0.69388172136 -1.82143951857
-1.00000000000 0.00000000000 2.62500000000 0.00500000000 0.69413555578 -1.82210583393
-1.00000000000 0.00000000000 2.62500000000 0.00625000000 0.69439390190 -1.82278399248
-1.00000000000 0.00000000000 2.62500000000 0.00750000000 0.69465676651 -1.82347401210
-1.00000000000 0.00000000000 2.62500000000 0.00875000000 0.69492415653 -1.82417591089
-1.00000000000 0.00000000000 2.64062500000 -0.01000000000 0.69139646043 -1.82571877833
-1.00000000000 0.00000000000 2.64062500000 -0.00875000000 0.69159974267 -1.82625557049
-1.00000000000 0.00000000000 2.64062500000 -0.00750000000 0.69180745999 -1.82680407403
-1.00000000000 0.00000000000 2.64062500000 -0.00625000000 0.69201961799 -1.82736430376
-1.00000000000 0.00000000000 2.64062500000 -0.00500000000 0.69223622240 -1.82793627477
-1.00000000000 0.00000000000 2.64062500000 -0.00375000000 0.69245727902 -1.82852000242
-1.00000000000 0.00000000000 2.64062500000 -0.00250000000 0.69268279378 -1.82911550232
-1.00000000000 0.00000000000 2.64062500000 -0.00125000000 0.69291277269 -1.82972279038
-1.00000000000 0.00000000000 2.64062500000 0.00000000000 0.69314722187 -1.83034188276
-1.00000000000 0.00000000000 2.64062500000 0.00125000000 0.69338614756 -1.83097279591
-1.00000000000 0.00000000000 2.64062500000 0.00250000000 0.69362955608 -1.83161554653
-1.00000000000 0.00000000000 2.64062500000 0.00375000000 0.69387745387 -1.83227015161
-1.00000000000 0.00000000000 2.64062500000 0.00500000000 0.69412984745 -1.83293662843
-1.00000000000 0.00000000000 2.64062500000 0.00625000000 0.69438674348 -1.83361499451
-1.00000000000 0.00000000000 2.64062500000 0.00750000000 0.69464814871 -1.83430526769
-1.00000000000 0.00000000000 2.64062500000 0.00875000000 0.69491406998 -1.83500746605
-1.00000000000 0.00000000000 2.65625000000 -0.01000000000 0.69140731684 -1.83655068536
-1.00000000000 0.00000000000 2.65625000000 -0.00875000000 0.69160927246 -1.83708712998
-1.00000000000 0.00000000000 2.65625000000 -0.00750000000 0.69181565456 -1.83763533243
-1.00000000000 0.00000000000 2.65625000000 -0.00625000000 0.69202646870 -1.83819530748
-1.00000000000 0.00000000000 2.65625000000 -0.00500000000 0.69224172054 -1.83876707019
-1.00000000000 0.00000000000 2.65625000000 -0.00375000000 0.69246141586 -1.83935063588
-1.00000000000 0.00000000000 2.65625000000 -0.00250000000 0.69268556052 -1.83994602014
-1.00000000000 0.00000000000 2.65625000000 -0.00125000000 0.69291416050 -1.84055323884
-1.00000000000 0.00000000000 2.65625000000 0.00000000000 0.69314722187 -1.84117230810
-1.00000000000 0.00000000000 2.65625000000 0.00125000000 0.69338475082 -1.84180324435
-1.00000000000 0.00000000000 2.65625000000 0.00250000000 0.69362675361 -1.84244606426
-1.00000000000 0.00000000000 2.65625000000 0.00375000000 0.69387323663 -1.84310078480
-1.00000000000 0.00000000000 2.65625000000 0.00500000000 0.69412420638 -1.84376742319
-1.00000000000 0.00000000000 2.65625000000 0.00625000000 0.69437966944 -1.84444599694
-1.00000000000 0.00000000000 2.65625000000 0.00750000000 0.69463963251 -1.84513652385
-1.00000000000 0.00000000000 2.65625000000 0.00875000000 0.69490410240 -1.84583902199
-1.00000000000 0.00000000000 2.67187500000 -0.01000000000 0.69141804663 -1.84738259333
-1.00000000000 0.00000000000 2.67187500000 -0.00875000000 0.69161869107 -1.84791869020
-1.00000000000 0.00000000000 2.67187500000 -0.00750000000 0.69182375349 -1.84846659137
-1.00000000000 0.00000000000 2.67187500000 -0.00625000000 0.69203323942 -1.84902631158
-1.00000000000 0.00000000000 2.67187500000 -0.00500000000 0.69224715447 -1.84959786585
-1.00000000000 0.00000000000 2.67187500000 -0.00375000000 0.69246550437 -1.85018126948
-1.00000000000 0.00000000000 2.67187500000 -0.00250000000 0.69268829493 -1.85077653802
-1.00000000000 0.00000000000 2.67187500000 -0.00125000000 0.69291553209 -1.85138368731
-1.00000000000 0.00000000000 2.67187500000 0.00000000000 0.69314722187 -1.85200273345
-1.00000000000 0.00000000000 2.67187500000 0.00125000000 0.69338337041 -1.85263369281
-1.00000000000 0.00000000000 2.67187500000 0.00250000000 0.69362398393 -1.85327658206
-1.00000000000 0.00000000000 2.67187500000 0.00375000000 0.69386906877 -1.85393141812
-1.00000000000 0.00000000000 2.67187500000 0.00500000000 0.69411863137 -1.85459821819
-1.00000000000 0.00000000000 2.67187500000 0.00625000000 0.69437267827 -1.85527699976
-1.00000000000 0.00000000000 2.67187500000 0.00750000000 0.69463121612 -1.85596778058
-1.00000000000 0.00000000000 2.67187500000 0.00875000000 0.69489425168 -1.85667057870
-1.00000000000 0.00000000000 2.68750000000 -0.01000000000 0.69142865199 -1.85821450223
-1.00000000000 0.00000000000 2.68750000000 -0.00875000000 0.69162800042 -1.85875025113
-1.00000000000 0.00000000000 2.68750000000 -0.00750000000 0.69183175845 -1.85929785083
-1.00000000000 0.00000000000 2.68750000000 -0.00625000000 0.69203993155 -1.85985731604
-1.00000000000 0.00000000000 2.68750000000 -0.00500000000 0.69225252530 -1.86042866175
-1.00000000000 0.00000000000 2.68750000000 -0.00375000000 0.69246954538 -1.86101190321
-1.00000000000 0.00000000000 2.68750000000 -0.00250000000 0.69269099757 -1.86160705596
-1.00000000000 0.00000000000 2.68750000000 -0.00125000000 0.69291688774 -1.86221413579
-1.00000000000 0.00000000000 2.68750000000 0.00000000000 0.69314722187 -1.86283315879
-1.00000000000 0.00000000000 2.68750000000 0.00125000000 0.69338200606 -1.86346414129
-1.00000000000 0.00000000000 2.68750000000 0.00250000000 0.69362124648 -1.86410709992
-1.00000000000 0.00000000000 2.68750000000 0.00375000000 0.69386494942 -1.86476205158
-1.00000000000 0.00000000000 2.68750000000 0.00500000000 0.69411312128 -1.86542901344
-1.00000000000 0.00000000000 2.68750000000 0.00625000000 0.69436576854 -1.86610800296
-1.00000000000 0.00000000000 2.68750000000 0.00750000000 0.69462289781 -1.86679903786
-1.00000000000 0.00000000000 2.68750000000 0.00875000000 0.69488451578 -1.86750213617
-1.00000000000 0.00000000000 2.70312500000 -0.01000000000 0.69143913509 -1.86904641204
-1.00000000000 0.00000000000 2.70312500000 -0.00875000000 0.69163720241 -1.86958181277
-1.00000000000 0.00000000000 2.70312500000 -0.00750000000 0.69183967105 -1.87012911081
-1.00000000000 0.00000000000 2.70312500000 -0.00625000000 0.69204654645 -1.87068832086
-1.00000000000 0.00000000000 2.70312500000 -0.00500000000 0.69225783413 -1.87125945787
-1.00000000000 0.00000000000 2.70312500000 -0.00375000000 0.69247353973 -1.87184253707
-1.00000000000 0.00000000000 2.70312500000 -0.00250000000 0.69269366898 -1.87243757396
-1.00000000000 0.00000000000 2.70312500000 -0.00125000000 0.69291822772 -1.87304458429
-1.00000000000 0.00000000000 2.70312500000 0.00000000000 0.69314722187 -1.87366358413
-1.00000000000 0.00000000000 2.70312500000 0.00125000000 0.69338065749 -1.87429458978
-1.00000000000 0.00000000000 2.70312500000 0.00250000000 0.69361854070 -1.87493761784
-1.00000000000 0.00000000000 2.70312500000 0.00375000000 0.69386087775 -1.87559268517
-1.00000000000 0.00000000000 2.70312500000 0.00500000000 0.69410767498 -1.87625980893
-1.00000000000 0.00000000000 2.70312500000 0.00625000000 0.69435893883 -1.87693900653
-1.00000000000 0.00000000000 2.70312500000 0.00750000000 0.69461467586 -1.87763029569
-1.00000000000 0.00000000000 2.70312500000 0.00875000000 0.69487489272 -1.87833369439
-1.00000000000 0.00000000000 2.71875000000 -0.01000000000 0.69144949802 -1.87987832275
-1.00000000000 0.00000000000 2.71875000000 -0.00875000000 0.69164629888 -1.88041337509
-1.00000000000 0.00000000000 2.71875000000 -0.00750000000 0.69184749289 -1.88096037130
-1.00000000000 0.00000000000 2.71875000000 -0.00625000000 0.69205308544 -1.88151932604
-1.00000000000 0.00000000000 2.71875000000 -0.00500000000 0.69226308201 -1.88209025423
-1.00000000000 0.00000000000 2.71875000000 -0.00375000000 0.69247748821 -1.88267317106
-1.00000000000 0.00000000000 2.71875000000 -0.00250000000 0.69269630971 -1.88326809201
-1.00000000000 0.00000000000 2.71875000000 -0.00125000000 0.69291955230 -1.88387503281
-1.00000000000 0.00000000000 2.71875000000 0.00000000000 0.69314722187 -1.88449400947
-1.00000000000 0.00000000000 2.71875000000 0.00125000000 0.69337932443 -1.88512503829
-1.00000000000 0.00000000000 2.71875000000 0.00250000000 0.69361586605 -1.88576813581
-1.00000000000 0.00000000000 2.71875000000 0.00375000000 0.69385685293 -1.88642331890
-1.00000000000 0.00000000000 2.71875000000 0.00500000000 0.69410229137 -1.88709060465
-1.00000000000 0.00000000000 2.71875000000 0.00625000000 0.69435218776 -1.88777001048
-1.00000000000 0.00000000000 2.71875000000 0.00750000000 0.69460654862 -1.88846155405
-1.00000000000 0.00000000000 2.71875000000 0.00875000000 0.69486538054 -1.88916525333
-1.00000000000 0.00000000000 2.73437500000 -0.01000000000 0.69145974285 -1.89071023434
-1.00000000000 0.00000000000 2.73437500000 -0.00875000000 0.69165529164 -1.89124493809
-1.00000000000 0.00000000000 2.73437500000 -0.00750000000 0.69185522552 -1.89179163228
-1.00000000000 0.00000000000 2.73437500000 -0.00625000000 0.69205954983 -1.89235033156
-1.00000000000 0.00000000000 2.73437500000 -0.00500000000 0.69226827001 -1.89292105081
-1.00000000000 0.00000000000 2.73437500000 -0.00375000000 0.69248139161 -1.89350380518
-1.00000000000 0.00000000000 2.73437500000 -0.00250000000 0.69269892027 -1.89409861012
-1.00000000000 0.00000000000 2.73437500000 -0.00125000000 0.69292086175 -1.89470548134
-1.00000000000 0.00000000000 2.73437500000 0.00000000000 0.69314722187 -1.89532443481
-1.00000000000 0.00000000000 2.73437500000 0.00125000000 0.69337800660 -1.89595548680
-1.00000000000 0.00000000000 2.73437500000 0.00250000000 0.69361322198 -1.89659865385
-1.00000000000 0.00000000000 2.73437500000 0.00375000000 0.69385287415 -1.89725395275
-1.00000000000 0.00000000000 2.73437500000 0.00500000000 0.69409696937 -1.89792140061
-1.00000000000 0.00000000000 2.73437500000 0.00625000000 0.69434551398 -1.89860101479
-1.00000000000 0.00000000000 2.73437500000 0.00750000000 0.69459851445 -1.89929281294
-1.00000000000 0.00000000000 2.73437500000 0.00875000000 0.69485597732 -1.89999681300
-1.00000000000 0.00000000000 2.75000000000 -0.01000000000 0.69146987156 -1.90154214680
-1.00000000000 0.00000000000 2.75000000000 -0.00875000000 0.69166418245 -1.90207650175
-1.00000000000 0.00000000000 2.75000000000 -0.00750000000 0.69186287046 -1.90262289376
-1.00000000000 0.00000000000 2.75000000000 -0.00625000000 0.69206594088 -1.90318133743
-1.00000000000 0.00000000000 2.75000000000 -0.00500000000 0.69227339913 -1.90375184760
-1.00000000000 0.00000000000 2.75000000000 -0.00375000000 0.69248525070 -1.90433443942
-1.00000000000 0.00000000000 2.75000000000 -0.00250000000 0.69270150120 -1.90492912829
-1.00000000000 0.00000000000 2.75000000000 -0.00125000000 0.69292215632 -1.90553592988
-1.00000000000 0.00000000000 2.75000000000 0.00000000000 0.69314722187 -1.90615486016
-1.00000000000 0.00000000000 2.75000000000 0.00125000000 0.69337670376 -1.90678593534
-1.00000000000 0.00000000000 2.75000000000 0.00250000000 0.69361060798 -1.90742917194
-1.00000000000 0.00000000000 2.75000000000 0.00375000000 0.69384894063 -1.90808458673
-1.00000000000 0.00000000000 2.75000000000 0.00500000000 0.69409170792 -1.90875219679
-1.00000000000 0.00000000000 2.75000000000 0.00625000000 0.69433891617 -1.90943201946
-1.00000000000 0.00000000000 2.75000000000 0.00750000000 0.69459057176 -1.91012407235
-1.00000000000 0.00000000000 2.75000000000 0.00875000000 0.69484668123 -1.91082837337
-1.00000000000 0.00000000000 2.76562500000 -0.01000000000 0.69147988614 -1.91237406011
-1.00000000000 0.00000000000 2.76562500000 -0.00875000000 0.69167297304 -1.91290806607
-1.00000000000 0.00000000000 2.76562500000 -0.00750000000 0.69187042919 -1.91345415572
-1.00000000000 0.00000000000 2.76562500000 -0.00625000000 0.69207225984 -1.91401234363
-1.00000000000 0.00000000000 2.76562500000 -0.00500000000 0.69227847037 -1.91458264462
-1.00000000000 0.00000000000 2.76562500000 -0.00375000000 0.69248906623 -1.91516507379
-1.00000000000 0.00000000000 2.76562500000 -0.00250000000 0.69270405298 -1.91575964651
-1.00000000000 0.00000000000 2.76562500000 -0.00125000000 0.69292343627 -1.91636637844
-1.00000000000 0.00000000000 2.76562500000 0.00000000000 0.69314722187 -1.91698528550
-1.00000000000 0.00000000000 2.76562500000 0.00125000000 0.69337541564 -1.91761638389
-1.00000000000 0.00000000000 2.76562500000 0.00250000000 0.69360802353 -1.91825969008
-1.00000000000 0.00000000000 2.76562500000 0.00375000000 0.69384505160 -1.91891522084
-1.00000000000 0.00000000000 2.76562500000 0.00500000000 0.69408650602 -1.91958299320
-1.00000000000 0.00000000000 2.76562500000 0.00625000000 0.69433239303 -1.92026302448
-1.00000000000 0.00000000000 2.76562500000 0.00750000000 0.69458271901 -1.92095533226
-1.00000000000 0.00000000000 2.76562500000 0.00875000000 0.69483749042 -1.92165993444
-1.00000000000 0.00000000000 2.78125000000 -0.01000000000 0.69148978850 -1.92320597425
-1.00000000000 0.00000000000 2.78125000000 -0.00875000000 0.69168166509 -1.92373963103
-1.00000000000 0.00000000000 2.78125000000 -0.00750000000 0.69187790316 -1.92428541816
-1.00000000000 0.00000000000 2.78125000000 -0.00625000000 0.69207850792 -1.92484335017
-1.00000000000 0.00000000000 2.78125000000 -0.00500000000 0.69228348471 -1.92541344185
-1.00000000000 0.00000000000 2.78125000000 -0.00375000000 0.69249283893 -1.92599570827
-1.00000000000 0.00000000000 2.78125000000 -0.00250000000 0.69270657610 -1.92659016479
-1.00000000000 0.00000000000 2.78125000000 -0.00125000000 0.69292470185 -1.92719682701
-1.00000000000 0.00000000000 2.78125000000 0.00000000000 0.69314722187 -1.92781571084
-1.00000000000 0.00000000000 2.78125000000 0.00125000000 0.69337414200 -1.92844683245
-1.00000000000 0.00000000000 2.78125000000 0.00250000000 0.69360546815 -1.92909020828
-1.00000000000 0.00000000000 2.78125000000 0.00375000000 0.69384120632 -1.92974585507
-1.00000000000 0.00000000000 2.78125000000 0.00500000000 0.69408136264 -1.93041378983
-1.00000000000 0.00000000000 2.78125000000 0.00625000000 0.69432594331 -1.93109402984
-1.00000000000 0.00000000000 2.78125000000 0.00750000000 0.69457495467 -1.93178659267
-1.00000000000 0.00000000000 2.78125000000 0.00875000000 0.69482840312 -1.93249149618
-1.00000000000 0.00000000000 2.79687500000 -0.01000000000 0.69149958050 -1.93403788922
-1.00000000000 0.00000000000 2.79687500000 -0.00875000000 0.69169026025 -1.93457119663
-1.00000000000 0.00000000000 2.79687500000 -0.00750000000 0.69188529379 -1.93511668106
-1.00000000000 0.00000000000 2.79687500000 -0.00625000000 0.69208468631 -1.93567435703
-1.00000000000 0.00000000000 2.79687500000 -0.00500000000 0.69228844310 -1.93624423928
-1.00000000000 0.00000000000 2.79687500000 -0.00375000000 0.69249656952 -1.93682634287
-1.00000000000 0.00000000000 2.79687500000 -0.00250000000 0.69270907106 -1.93742068311
-1.00000000000 0.00000000000 2.79687500000 -0.00125000000 0.69292595328 -1.93802727559
-1.00000000000 0.00000000000 2.79687500000 0.00000000000 0.69314722187 -1.93864613618
-1.00000000000 0.00000000000 2.79687500000 0.00125000000 0.69337288260 -1.93927728102
-1.00000000000 0.00000000000 2.79687500000 0.00250000000 0.69360294133 -1.93992072654
-1.00000000000 0.00000000000 2.79687500000 0.00375000000 0.69383740404 -1.94057648943
-1.00000000000 0.00000000000 2.79687500000 0.00500000000 0.69407627680 -1.94124458667
-1.00000000000 0.00000000000 2.79687500000 0.00625000000 0.69431956578 -1.94192503554
-1.00000000000 0.00000000000 2.79687500000 0.00750000000 0.69456727726 -1.94261785358
-1.00000000000 0.00000000000 2.79687500000 0.00875000000 0.69481941760 -1.94332305860
-1.00000000000 0.00000000000 2.81250000000 -0.01000000000 0.69150926400 -1.94486980500
-1.00000000000 0.00000000000 2.81250000000 -0.00875000000 0.69169876012 -1.94540276284
-1.00000000000 0.00000000000 2.81250000000 -0.00750000000 0.69189260246 -1.94594794442
-1.00000000000 0.00000000000 2.81250000000 -0.00625000000 0.69209079616 -1.94650536421
-1.00000000000 0.00000000000 2.81250000000 -0.00500000000 0.69229334646 -1.94707503692
-1.00000000000 0.00000000000 2.81250000000 -0.00375000000 0.69250025870 -1.94765697759
-1.00000000000 0.00000000000 2.81250000000 -0.00250000000 0.69271153831 -1.94825120149
-1.00000000000 0.00000000000 2.81250000000 -0.00125000000 0.69292719082 -1.94885772419
-1.00000000000 0.00000000000 2.81250000000 0.00000000000 0.69314722187 -1.94947656152
-1.00000000000 0.00000000000 2.81250000000 0.00125000000 0.69337163719 -1.95010772961
-1.00000000000 0.00000000000 2.81250000000 0.00250000000 0.69360044261 -1.95075124484
-1.00000000000 0.00000000000 2.81250000000 0.00375000000 0.69383364405 -1.95140712390
-1.00000000000 0.00000000000 2.81250000000 0.00500000000 0.69407124755 -1.95207538373
-1.00000000000 0.00000000000 2.81250000000 0.00625000000 0.69431325923 -1.95275604158
-1.00000000000 0.00000000000 2.81250000000 0.00750000000 0.69455968532 -1.95344911496
-1.00000000000 0.00000000000 2.81250000000 0.00875000000 0.69481053215 -1.95415462168
-1.00000000000 0.00000000000 2.82812500000 -0.01000000000 0.69151884078 -1.95570172157
-1.00000000000 0.00000000000 2.82812500000 -0.00875000000 0.69170716629 -1.95623432967
-1.00000000000 0.00000000000 2.82812500000 -0.00750000000 0.69189983054 -1.95677920824
-1.00000000000 0.00000000000 2.82812500000 -0.00625000000 0.69209683861 -1.95733637170
-1.00000000000 0.00000000000 2.82812500000 -0.00500000000 0.69229819572 -1.95790583477
-1.00000000000 0.00000000000 2.82812500000 -0.00375000000 0.69250390716 -1.95848761242
-1.00000000000 0.00000000000 2.82812500000 -0.00250000000 0.69271397832 -1.95908171992
-1.00000000000 0.00000000000 2.82812500000 -0.00125000000 0.69292841469 -1.95968817280
-1.00000000000 0.00000000000 2.82812500000 0.00000000000 0.69314722187 -1.96030698686
-1.00000000000 0.00000000000 2.82812500000 0.00125000000 0.69337040555 -1.96093817821
-1.00000000000 0.00000000000 2.82812500000 0.00250000000 0.69359797152 -1.96158176320
-1.00000000000 0.00000000000 2.82812500000 0.00375000000 0.69382992565 -1.96223775849
-1.00000000000 0.00000000000 2.82812500000 0.00500000000 0.69406627394 -1.96290618100
-1.00000000000 0.00000000000 2.82812500000 0.00625000000 0.69430702248 -1.96358704795
-1.00000000000 0.00000000000 2.82812500000 0.00750000000 0.69455217744 -1.96428037683
-1.00000000000 0.00000000000 2.82812500000 0.00875000000 0.69480174512 -1.96498618541
-1.00000000000 0.00000000000 2.84375000000 -0.01000000000 0.69152831259 -1.96653363892
-1.00000000000 0.00000000000 2.84375000000 -0.00875000000 0.69171548030 -1.96706589710
-1.00000000000 0.00000000000 2.84375000000 -0.00750000000 0.69190697934 -1.96761047250
-1.00000000000 0.00000000000 2.84375000000 -0.00625000000 0.69210281477 -1.96816737951
-1.00000000000 0.00000000000 2.84375000000 -0.00500000000 0.69230299176 -1.96873663281
-1.00000000000 0.00000000000 2.84375000000 -0.00375000000 0.69250751556 -1.96931824737
-1.00000000000 0.00000000000 2.84375000000 -0.00250000000 0.69271639153 -1.96991223840
-1.00000000000 0.00000000000 2.84375000000 -0.00125000000 0.69292962512 -1.97051862142
-1.00000000000 0.00000000000 2.84375000000 0.00000000000 0.69314722187 -1.97113741221
-1.00000000000 0.00000000000 2.84375000000 0.00125000000 0.69336918745 -1.97176862682
-1.00000000000 0.00000000000 2.84375000000 0.00250000000 0.69359552760 -1.97241228161
-1.00000000000 0.00000000000 2.84375000000 0.00375000000 0.69382624815 -1.97306839319
-1.00000000000 0.00000000000 2.84375000000 0.00500000000 0.69406135507 -1.97373697847
-1.00000000000 0.00000000000 2.84375000000 0.00625000000 0.69430085438 -1.97441805463
-1.00000000000 0.00000000000 2.84375000000 0.00750000000 0.69454475223 -1.97511163915
-1.00000000000 0.00000000000 2.84375000000 0.00875000000 0.69479305487 -1.97581774978
-1.00000000000 0.00000000000 2.85937500000 -0.01000000000 0.69153768115 -1.97736555705
-1.00000000000 0.00000000000 2.85937500000 -0.00875000000 0.69172370365 -1.97789746513
-1.00000000000 0.00000000000 2.85937500000 -0.00750000000 0.69191405016 -1.97844173719
-1.00000000000 0.00000000000 2.85937500000 -0.00625000000 0.69210872572 -1.97899838762
-1.00000000000 0.00000000000 2.85937500000 -0.00500000000 0.69230773545 -1.97956743105
-1.00000000000 0.00000000000 2.85937500000 -0.00375000000 0.69251108456 -1.98014888243
-1.00000000000 0.00000000000 2.85937500000 -0.00250000000 0.69271877838 -1.98074275693
-1.00000000000 0.00000000000 2.85937500000 -0.00125000000 0.69293082231 -1.98134907006
-1.00000000000 0.00000000000 2.85937500000 0.00000000000 0.69314722187 -1.98196783755
-1.00000000000 0.00000000000 2.85937500000 0.00125000000 0.69336798267 -1.98259907545
-1.00000000000 0.00000000000 2.85937500000 0.00250000000 0.69359311041 -1.98324280007
-1.00000000000 0.00000000000 2.85937500000 0.00375000000 0.69382261089 -1.98389902801
-1.00000000000 0.00000000000 2.85937500000 0.00500000000 0.69405649002 -1.98456777615
-1.00000000000 0.00000000000 2.85937500000 0.00625000000 0.69429475380 -1.98524906164
-1.00000000000 0.00000000000 2.85937500000 0.00750000000 0.69453740833 -1.98594290194
-1.00000000000 0.00000000000 2.85937500000 0.00875000000 0.69478445981 -1.98664931478
-1.00000000000 0.00000000000 2.87500000000 -0.01000000000 0.69154694815 -1.98819747593
-1.00000000000 0.00000000000 2.87500000000 -0.00875000000 0.69173183782 -1.98872903373
-1.00000000000 0.00000000000 2.87500000000 -0.00750000000 0.69192104428 -1.98927300231
-1.00000000000 0.00000000000 2.87500000000 -0.00625000000 0.69211457253 -1.98982939603
-1.00000000000 0.00000000000 2.87500000000 -0.00500000000 0.69231242765 -1.99039822949
-1.00000000000 0.00000000000 2.87500000000 -0.00375000000 0.69251461481 -1.99097951759
-1.00000000000 0.00000000000 2.87500000000 -0.00250000000 0.69272113931 -1.99157327551
-1.00000000000 0.00000000000 2.87500000000 -0.00125000000 0.69293200650 -1.99217951870
-1.00000000000 0.00000000000 2.87500000000 0.00000000000 0.69314722187 -1.99279826289
-1.00000000000 0.00000000000 2.87500000000 0.00125000000 0.69336679099 -1.99342952408
-1.00000000000 0.00000000000 2.87500000000 0.00250000000 0.69359071951 -1.99407331858
-1.00000000000 0.00000000000 2.87500000000 0.00375000000 0.69381901320 -1.99472966294
-1.00000000000 0.00000000000 2.87500000000 0.00500000000 0.69405167792 -1.99539857402
-1.00000000000 0.00000000000 2.87500000000 0.00625000000 0.69428871964 -1.99608006896
-1.00000000000 0.00000000000 2.87500000000 0.00750000000 0.69453014441 -1.99677416518
-1.00000000000 0.00000000000 2.87500000000 0.00875000000 0.69477595840 -1.99748088039
-1.00000000000 0.00000000000 2.89062500000 -0.01000000000 0.69155611522 -1.99902939556
-1.00000000000 0.00000000000 2.89062500000 -0.00875000000 0.69173988425 -1.99956060291
-1.00000000000 0.00000000000 2.89062500000 -0.00750000000 0.69192796294 -2.00010426786
-1.00000000000 0.00000000000 2.89062500000 -0.00625000000 0.69212035623 -2.00066040473
-1.00000000000 0.00000000000 2.89062500000 -0.00500000000 0.69231706918 -2.00122902811
-1.00000000000 0.00000000000 2.89062500000 -0.00375000000 0.69251810694 -2.00181015286
-1.00000000000 0.00000000000 2.89062500000 -0.00250000000 0.69272347473 -2.00240379414
-1.00000000000 0.00000000000 2.89062500000 -0.00125000000 0.69293317790 -2.00300996736
-1.00000000000 0.00000000000 2.89062500000 0.00000000000 0.69314722187 -2.00362868823
-1.00000000000 0.00000000000 2.89062500000 0.00125000000 0.69336561219 -2.00425997273
-1.00000000000 0.00000000000 2.89062500000 0.00250000000 0.69358835447 -2.00490383713
-1.00000000000 0.00000000000 2.89062500000 0.00375000000 0.69381545443 -2.00556029798
-1.00000000000 0.00000000000 2.89062500000 0.00500000000 0.69404691791 -2.00622937209
-1.00000000000 0.00000000000 2.89062500000 0.00625000000 0.69428275082 -2.00691107659
-1.00000000000 0.00000000000 2.89062500000 0.00750000000 0.69452295918 -2.00760542887
-1.00000000000 0.00000000000 2.89062500000 0.00875000000 0.69476754910 -2.00831244661
-1.00000000000 0.00000000000 2.90625000000 -0.01000000000 0.69156518397 -2.00986131592
-1.00000000000 0.00000000000 2.90625000000 -0.00875000000 0.69174784435 -2.01039217265
-1.00000000000 0.00000000000 2.90625000000 -0.00750000000 0.69193480734 -2.01093553382
-1.00000000000 0.00000000000 2.90625000000 -0.00625000000 0.69212607784 -2.01149141372
-1.00000000000 0.00000000000 2.90625000000 -0.00500000000 0.69232166087 -2.01205982691
-1.00000000000 0.00000000000 2.90625000000 -0.00375000000 0.69252156154 -2.01264078824
-1.00000000000 0.00000000000 2.90625000000 -0.00250000000 0.69272578505 -2.01323431281
-1.00000000000 0.00000000000 2.90625000000 -0.00125000000 0.69293433670 -2.01384041603
-1.00000000000 0.00000000000 2.90625000000 0.00000000000 0.69314722187 -2.01445911357
-1.00000000000 0.00000000000 2.90625000000 0.00125000000 0.69336444607 -2.01509042140
-1.00000000000 0.00000000000 2.90625000000 0.00250000000 0.69358601488 -2.01573435574
-1.00000000000 0.00000000000 2.90625000000 0.00375000000 0.69381193398 -2.01639093312
-1.00000000000 0.00000000000 2.90625000000 0.00500000000 0.69404220915 -2.01706017035
-1.00000000000 0.00000000000 2.90625000000 0.00625000000 0.69427684628 -2.01774208452
-1.00000000000 0.00000000000 2.90625000000 0.00750000000 0.69451585135 -2.01843669299
-1.00000000000 0.00000000000 2.90625000000 0.00875000000 0.69475923043 -2.01914401343
-1.00000000000 0.00000000000 2.92187500000 -0.01000000000 0.69157415598 -2.02069323700
-1.00000000000 0.00000000000 2.92187500000 -0.00875000000 0.69175571951 -2.02122374295
-1.00000000000 0.00000000000 2.92187500000 -0.00750000000 0.69194157868 -2.02176680019
-1.00000000000 0.00000000000 2.92187500000 -0.00625000000 0.69213173835 -2.02232242300
-1.00000000000 0.00000000000 2.92187500000 -0.00500000000 0.69232620352 -2.02289062591
-1.00000000000 0.00000000000 2.92187500000 -0.00375000000 0.69252497924 -2.02347142372
-1.00000000000 0.00000000000 2.92187500000 -0.00250000000 0.69272807068 -2.02406483153
-1.00000000000 0.00000000000 2.92187500000 -0.00125000000 0.69293548311 -2.02467086471
-1.00000000000 0.00000000000 2.92187500000 0.00000000000 0.69314722187 -2.02528953892
-1.00000000000 0.00000000000 2.92187500000 0.00125000000 0.69336329243 -2.02592087007
-1.00000000000 0.00000000000 2.92187500000 0.00250000000 0.69358370033 -2.02656487439
-1.00000000000 0.00000000000 2.92187500000 0.00375000000 0.69380845121 -2.02722156838
-1.00000000000 0.00000000000 2.92187500000 0.00500000000 0.69403755082 -2.02789096880
-1.00000000000 0.00000000000 2.92187500000 0.00625000000 0.69427100500 -2.02857309274
-1.00000000000 0.00000000000 2.92187500000 0.00750000000 0.69450881969 -2.02926795754
-1.00000000000 0.00000000000 2.92187500000 0.00875000000 0.69475100093 -2.02997558084
-1.00000000000 0.00000000000 2.93750000000 -0.01000000000 0.69158303278 -2.03152515880
-1.00000000000 0.00000000000 2.93750000000 -0.00875000000 0.69176351108 -2.03205531379
-1.00000000000 0.00000000000 2.93750000000 -0.00750000000 0.69194827812 -2.03259806697
-1.00000000000 0.00000000000 2.93750000000 -0.00625000000 0.69213733874 -2.03315343256
-1.00000000000 0.00000000000 2.93750000000 -0.00500000000 0.69233069790 -2.03372142508
-1.00000000000 0.00000000000 2.93750000000 -0.00375000000 0.69252836061 -2.03430205930
-1.00000000000 0.00000000000 2.93750000000 -0.00250000000 0.69273033202 -2.03489535030
-1.00000000000 0.00000000000 2.93750000000 -0.00125000000 0.69293661733 -2.03550131341
-1.00000000000 0.00000000000 2.93750000000 0.00000000000 0.69314722187 -2.03611996426
-1.00000000000 0.00000000000 2.93750000000 0.00125000000 0.69336215107 -2.03675131876
-1.00000000000 0.00000000000 2.93750000000 0.00250000000 0.69358141041 -2.03739539309
-1.00000000000 0.00000000000 2.93750000000 0.00375000000 0.69380500553 -2.03805220373
-1.00000000000 0.00000000000 2.93750000000 0.00500000000 0.69403294211 -2.03872176744
-1.00000000000 0.00000000000 2.93750000000 0.00625000000 0.69426522596 -2.03940410126
-1.00000000000 0.00000000000 2.93750000000 0.00750000000 0.69450186298 -2.04009922252
-1.00000000000 0.00000000000 2.93750000000 0.00875000000 0.69474285917 -2.04080714883
-1.00000000000 0.00000000000 2.95312500000 -0.01000000000 0.69159181589 -2.04235708129
-1.00000000000 0.00000000000 2.95312500000 -0.00875000000 0.69177122037 -2.04288688517
-1.00000000000 0.00000000000 2.95312500000 -0.00750000000 0.69195490680 -2.04342933414
-1.00000000000 0.00000000000 2.95312500000 -0.00625000000 0.69214287997 -2.04398444240
-1.00000000000 0.00000000000 2.95312500000 -0.00500000000 0.69233514478 -2.04455222443
-1.00000000000 0.00000000000 2.95312500000 -0.00375000000 0.69253170624 -2.04513269498
-1.00000000000 0.00000000000 2.95312500000 -0.00250000000 0.69273256943 -2.04572586911
-1.00000000000 0.00000000000 2.95312500000 -0.00125000000 0.69293773955 -2.04633176211
-1.00000000000 0.00000000000 2.95312500000 0.00000000000 0.69314722187 -2.04695038960
-1.00000000000 0.00000000000 2.95312500000 0.00125000000 0.69336102178 -2.04758176745
-1.00000000000 0.00000000000 2.95312500000 0.00250000000 0.69357914475 -2.04822591183
-1.00000000000 0.00000000000 2.95312500000 0.00375000000 0.69380159634 -2.04888283919
-1.00000000000 0.00000000000 2.95312500000 0.00500000000 0.69402838223 -2.04955256627
-1.00000000000 0.00000000000 2.95312500000 0.00625000000 0.69425950817 -2.05023511007
-1.00000000000 0.00000000000 2.95312500000 0.00750000000 0.69449498003 -2.05093048791
-1.00000000000 0.00000000000 2.95312500000 0.00875000000 0.69473480377 -2.05163871738
-1.00000000000 0.00000000000 2.96875000000 -0.01000000000 0.69160050677 -2.05318900447
-1.00000000000 0.00000000000 2.96875000000 -0.00875000000 0.69177884870 -2.05371845708
-1.00000000000 0.00000000000 2.96875000000 -0.00750000000 0.69196146584 -2.05426060170
-1.00000000000 0.00000000000 2.96875000000 -0.00625000000 0.69214836295 -2.05481545251
-1.00000000000 0.00000000000 2.96875000000 -0.00500000000 0.69233954491 -2.05538302395
-1.00000000000 0.00000000000 2.96875000000 -0.00375000000 0.69253501668 -2.05596333077
-1.00000000000 0.00000000000 2.96875000000 -0.00250000000 0.69273478331 -2.05655638796
-1.00000000000 0.00000000000 2.96875000000 -0.00125000000 0.69293884996 -2.05716221083
-1.00000000000 0.00000000000 2.96875000000 0.00000000000 0.69314722187 -2.05778081494
-1.00000000000 0.00000000000 2.96875000000 0.00125000000 0.69335990439 -2.05841221616
-1.00000000000 0.00000000000 2.96875000000 0.00250000000 0.69357690295 -2.05905643062
-1.00000000000 0.00000000000 2.96875000000 0.00375000000 0.69379822308 -2.05971347476
-1.00000000000 0.00000000000 2.96875000000 0.00500000000 0.69402387041 -2.06038336527
-1.00000000000 0.00000000000 2.96875000000 0.00625000000 0.69425385066 -2.06106611916
-1.00000000000 0.00000000000 2.96875000000 0.00750000000 0.69448816967 -2.06176175371
-1.00000000000 0.00000000000 2.96875000000 0.00875000000 0.69472683335 -2.06247028650
-1.00000000000 0.00000000000 2.98437500000 -0.01000000000 0.69160910687 -2.06402092832
-1.00000000000 0.00000000000 2.98437500000 -0.00875000000 0.69178639732 -2.06455002951
-1.00000000000 0.00000000000 2.98437500000 -0.00750000000 0.69196795632 -2.06509186964
-1.00000000000 0.00000000000 2.98437500000 -0.00625000000 0.69215378861 -2.06564646288
-1.00000000000 0.00000000000 2.98437500000 -0.00500000000 0.69234389902 -2.06621382365
-1.00000000000 0.00000000000 2.98437500000 -0.00375000000 0.69253829249 -2.06679396664
-1.00000000000 0.00000000000 2.98437500000 -0.00250000000 0.69273697403 -2.06738690686
-1.00000000000 0.00000000000 2.98437500000 -0.00125000000 0.69293994875 -2.06799265955
-1.00000000000 0.00000000000 2.98437500000 0.00000000000 0.69314722187 -2.06861124028
-1.00000000000 0.00000000000 2.98437500000 0.00125000000 0.69335879870 -2.06924266488
-1.00000000000 0.00000000000 2.98437500000 0.00250000000 0.69357468463 -2.06988694946
-1.00000000000 0.00000000000 2.98437500000 0.00375000000 0.69379488517 -2.07054411042
-1.00000000000 0.00000000000 2.98437500000 0.00500000000 0.69401940589 -2.07121416445
-1.00000000000 0.00000000000 2.98437500000 0.00625000000 0.69424825249 -2.07189712853
-1.00000000000 0.00000000000 2.98437500000 0.00750000000 0.69448143076 -2.07259301992
-1.00000000000 0.00000000000 2.98437500000 0.00875000000 0.69471894657 -2.07330185617
