-1.00000000000 0.00000000000 2.00000000000 -0.01000000000 0.69080844058 -1.38161688115
-1.00000000000 0.00000000000 2.00000000000 -0.00875000000 0.69108383579 -1.38216767158
-1.00000000000 0.00000000000 2.00000000000 -0.00750000000 0.69136415057 -1.38272830113
-1.00000000000 0.00000000000 2.00000000000 -0.00625000000 0.69164939322 -1.38329878643
-1.00000000000 0.00000000000 2.00000000000 -0.00500000000 0.69193957219 -1.38387914438
-1.00000000000 0.00000000000 2.00000000000 -0.00375000000 0.69223469606 -1.38446939211
-1.00000000000 0.00000000000 2.00000000000 -0.00250000000 0.69253477352 -1.38506954705
-1.00000000000 0.00000000000 2.00000000000 -0.00125000000 0.69283981342 -1.38567962684
-1.00000000000 0.00000000000 2.00000000000 0.00000000000 0.69314982471 -1.38629964941
-1.00000000000 0.00000000000 2.00000000000 0.00125000000 0.69346481647 -1.38692963294
-1.00000000000 0.00000000000 2.00000000000 0.00250000000 0.69378479794 -1.38756959588
-1.00000000000 0.00000000000 2.00000000000 0.00375000000 0.69410977846 -1.38821955691
-1.00000000000 0.00000000000 2.00000000000 0.00500000000 0.69443976751 -1.38887953502
-1.00000000000 0.00000000000 2.00000000000 0.00625000000 0.69477477472 -1.38954954943
-1.00000000000 0.00000000000 2.00000000000 0.00750000000 0.69511480982 -1.39022961965
-1.00000000000 0.00000000000 2.00000000000 0.00875000000 0.69545988271 -1.39091976543
-1.00000000000 0.00000000000 2.01562500000 -0.01000000000 0.69082729634 -1.39244876918
-1.00000000000 0.00000000000 2.01562500000 -0.00875000000 0.69110039112 -1.39299922586
-1.00000000000 0.00000000000 2.01562500000 -0.00750000000 0.69137838950 -1.39355956634
-1.00000000000 0.00000000000 2.01562500000 -0.00625000000 0.69166129970 -1.39412980720
-1.00000000000 0.00000000000 2.01562500000 -0.00500000000 0.69194913006 -1.39470996528
-1.00000000000 0.00000000000 2.01562500000 -0.00375000000 0.69224188908 -1.39530005767
-1.00000000000 0.00000000000 2.01562500000 -0.00250000000 0.69253958534 -1.39590010171
-1.00000000000 0.00000000000 2.01562500000 -0.00125000000 0.69284222760 -1.39651011500
-1.00000000000 0.00000000000 2.01562500000 0.00000000000 0.69314982471 -1.39713011542
-1.00000000000 0.00000000000 2.01562500000 0.00125000000 0.69346238566 -1.39776012109
-1.00000000000 0.00000000000 2.01562500000 0.00250000000 0.69377991957 -1.39840015038
-1.00000000000 0.00000000000 2.01562500000 0.00375000000 0.69410243570 -1.39905022196
-1.00000000000 0.00000000000 2.01562500000 0.00500000000 0.69442994343 -1.39971035472
-1.00000000000 0.00000000000 2.01562500000 0.00625000000 0.69476245226 -1.40038056784
-1.00000000000 0.00000000000 2.01562500000 0.00750000000 0.69509997185 -1.40106088077
-1.00000000000 0.00000000000 2.01562500000 0.00875000000 0.69544251198 -1.40175131321
-1.00000000000 0.00000000000 2.03125000000 -0.01000000000 0.69084586307 -1.40328065937
-1.00000000000 0.00000000000 2.03125000000 -0.00875000000 0.69111669258 -1.40383078179
-1.00000000000 0.00000000000 2.03125000000 -0.00750000000 0.69139240998 -1.40439083277
-1.00000000000 0.00000000000 2.03125000000 -0.00625000000 0.69167302342 -1.40496082883
-1.00000000000 0.00000000000 2.03125000000 -0.00500000000 0.69195854116 -1.40554078674
-1.00000000000 0.00000000000 2.03125000000 -0.00375000000 0.69224897158 -1.40613072353
-1.00000000000 0.00000000000 2.03125000000 -0.00250000000 0.69254432320 -1.40673065650
-1.00000000000 0.00000000000 2.03125000000 -0.00125000000 0.69284460465 -1.40734060320
-1.00000000000 0.00000000000 2.03125000000 0.00000000000 0.69314982471 -1.40796058144
-1.00000000000 0.00000000000 2.03125000000 0.00125000000 0.69345999226 -1.40859060927
-1.00000000000 0.00000000000 2.03125000000 0.00250000000 0.69377511632 -1.40923070503
-1.00000000000 0.00000000000 2.03125000000 0.00375000000 0.69409520606 -1.40988088732
-1.00000000000 0.00000000000 2.03125000000 0.00500000000 0.69442027076 -1.41054117498
-1.00000000000 0.00000000000 2.03125000000 0.00625000000 0.69475031982 -1.41121158714
-1.00000000000 0.00000000000 2.03125000000 0.00750000000 0.69508536280 -1.41189214319
-1.00000000000 0.00000000000 2.03125000000 0.00875000000 0.69542540936 -1.41258286277
-1.00000000000 0.00000000000 2.04687500000 -0.01000000000 0.69086414737 -1.41411255166
-1.00000000000 0.00000000000 2.04687500000 -0.00875000000 0.69113274594 -1.41466233935
-1.00000000000 0.00000000000 2.04687500000 -0.00750000000 0.69140621699 -1.41522210040
-1.00000000000 0.00000000000 2.04687500000 -0.00625000000 0.69168456857 -1.41579185129
-1.00000000000 0.00000000000 2.04687500000 -0.00500000000 0.69196780884 -1.41637160873
-1.00000000000 0.00000000000 2.04687500000 -0.00375000000 0.69225594611 -1.41696138970
-1.00000000000 0.00000000000 2.04687500000 -0.00250000000 0.69254898879 -1.41756121144
-1.00000000000 0.00000000000 2.04687500000 -0.00125000000 0.69284694543 -1.41817109144
-1.00000000000 0.00000000000 2.04687500000 0.00000000000 0.69314982471 -1.41879104745
-1.00000000000 0.00000000000 2.04687500000 0.00125000000 0.69345763541 -1.41942109748
-1.00000000000 0.00000000000 2.04687500000 0.00250000000 0.69377038648 -1.42006125982
-1.00000000000 0.00000000000 2.04687500000 0.00375000000 0.69408808696 -1.42071155299
-1.00000000000 0.00000000000 2.04687500000 0.00500000000 0.69441074604 -1.42137199580
-1.00000000000 0.00000000000 2.04687500000 0.00625000000 0.69473837304 -1.42204260731
-1.00000000000 0.00000000000 2.04687500000 0.00750000000 0.69507097740 -1.42272340686
-1.00000000000 0.00000000000 2.04687500000 0.00875000000 0.69540856870 -1.42341441405
-1.00000000000 0.00000000000 2.06250000000 -0.01000000000 0.69088215564 -1.42494444601
-1.00000000000 0.00000000000 2.06250000000 -0.00875000000 0.69114855684 -1.42549389848
-1.00000000000 0.00000000000 2.06250000000 -0.00750000000 0.69141981537 -1.42605336920
-1.00000000000 0.00000000000 2.06250000000 -0.00625000000 0.69169593918 -1.42662287456
-1.00000000000 0.00000000000 2.06250000000 -0.00500000000 0.69197693636 -1.42720243124
-1.00000000000 0.00000000000 2.06250000000 -0.00375000000 0.69226281511 -1.42779205616
-1.00000000000 0.00000000000 2.06250000000 -0.00250000000 0.69255358376 -1.42839176650
-1.00000000000 0.00000000000 2.06250000000 -0.00125000000 0.69284925076 -1.42900157970
-1.00000000000 0.00000000000 2.06250000000 0.00000000000 0.69314982471 -1.42962151346
-1.00000000000 0.00000000000 2.06250000000 0.00125000000 0.69345531429 -1.43025158573
-1.00000000000 0.00000000000 2.06250000000 0.00250000000 0.69376572836 -1.43089181474
-1.00000000000 0.00000000000 2.06250000000 0.00375000000 0.69408107586 -1.43154221897
-1.00000000000 0.00000000000 2.06250000000 0.00500000000 0.69440136590 -1.43220281717
-1.00000000000 0.00000000000 2.06250000000 0.00625000000 0.69472660768 -1.43287362834
-1.00000000000 0.00000000000 2.06250000000 0.00750000000 0.69505681056 -1.43355467178
-1.00000000000 0.00000000000 2.06250000000 0.00875000000 0.69539198401 -1.43424596702
-1.00000000000 0.00000000000 2.07812500000 -0.01000000000 0.69089989407 -1.43577634237
-1.00000000000 0.00000000000 2.07812500000 -0.00875000000 0.69116413073 -1.43632545917
-1.00000000000 0.00000000000 2.07812500000 -0.00750000000 0.69143320981 -1.43688463914
-1.00000000000 0.00000000000 2.07812500000 -0.00625000000 0.69170713919 -1.43745389863
-1.00000000000 0.00000000000 2.07812500000 -0.00500000000 0.69198592687 -1.43803325427
-1.00000000000 0.00000000000 2.07812500000 -0.00375000000 0.69226958095 -1.43862272291
-1.00000000000 0.00000000000 2.07812500000 -0.00250000000 0.69255810969 -1.43922232170
-1.00000000000 0.00000000000 2.07812500000 -0.00125000000 0.69285152144 -1.43983206800
-1.00000000000 0.00000000000 2.07812500000 0.00000000000 0.69314982471 -1.44045197947
-1.00000000000 0.00000000000 2.07812500000 0.00125000000 0.69345302810 -1.44108207401
-1.00000000000 0.00000000000 2.07812500000 0.00250000000 0.69376114035 -1.44172236979
-1.00000000000 0.00000000000 2.07812500000 0.00375000000 0.69407417034 -1.44237288524
-1.00000000000 0.00000000000 2.07812500000 0.00500000000 0.69439212707 -1.44303363906
-1.00000000000 0.00000000000 2.07812500000 0.00625000000 0.69471501965 -1.44370465020
-1.00000000000 0.00000000000 2.07812500000 0.00750000000 0.69504285733 -1.44438593790
-1.00000000000 0.00000000000 2.07812500000 0.00875000000 0.69537564951 -1.44507752164
-1.00000000000 0.00000000000 2.09375000000 -0.01000000000 0.69091736869 -1.44660824070
-1.00000000000 0.00000000000 2.09375000000 -0.00875000000 0.69117947289 -1.44715702137
-1.00000000000 0.00000000000 2.09375000000 -0.00750000000 0.69144640487 -1.44771591020
-1.00000000000 0.00000000000 2.09375000000 -0.00625000000 0.69171817241 -1.44828492348
-1.00000000000 0.00000000000 2.09375000000 -0.00500000000 0.69199478343 -1.44886407780
-1.00000000000 0.00000000000 2.09375000000 -0.00375000000 0.69227624595 -1.44945338995
-1.00000000000 0.00000000000 2.09375000000 -0.00250000000 0.69256256813 -1.45005287702
-1.00000000000 0.00000000000 2.09375000000 -0.00125000000 0.69285375825 -1.45066255633
-1.00000000000 0.00000000000 2.09375000000 0.00000000000 0.69314982471 -1.45128244548
-1.00000000000 0.00000000000 2.09375000000 0.00125000000 0.69345077603 -1.45191256232
-1.00000000000 0.00000000000 2.09375000000 0.00250000000 0.69375662088 -1.45255292497
-1.00000000000 0.00000000000 2.09375000000 0.00375000000 0.69406736803 -1.45320355181
-1.00000000000 0.00000000000 2.09375000000 0.00500000000 0.69438302638 -1.45386446148
-1.00000000000 0.00000000000 2.09375000000 0.00625000000 0.69470360496 -1.45453567288
-1.00000000000 0.00000000000 2.09375000000 0.00750000000 0.69502911293 -1.45521720520
-1.00000000000 0.00000000000 2.09375000000 0.00875000000 0.69535955958 -1.45590907787
-1.00000000000 0.00000000000 2.10937500000 -0.01000000000 0.69093458534 -1.45744014096
-1.00000000000 0.00000000000 2.10937500000 -0.00875000000 0.69119458847 -1.45798858505
-1.00000000000 0.00000000000 2.10937500000 -0.00750000000 0.69145940496 -1.45854718234
-1.00000000000 0.00000000000 2.10937500000 -0.00625000000 0.69172904254 -1.45911594910
-1.00000000000 0.00000000000 2.10937500000 -0.00500000000 0.69200350901 -1.45969490182
-1.00000000000 0.00000000000 2.10937500000 -0.00375000000 0.69228281233 -1.46028405726
-1.00000000000 0.00000000000 2.10937500000 -0.00250000000 0.69256696057 -1.46088343246
-1.00000000000 0.00000000000 2.10937500000 -0.00125000000 0.69285596193 -1.46149304469
-1.00000000000 0.00000000000 2.10937500000 0.00000000000 0.69314982471 -1.46211291149
-1.00000000000 0.00000000000 2.10937500000 0.00125000000 0.69344855735 -1.46274305067
-1.00000000000 0.00000000000 2.10937500000 0.00250000000 0.69375216843 -1.46338348028
-1.00000000000 0.00000000000 2.10937500000 0.00375000000 0.69406066662 -1.46403421866
-1.00000000000 0.00000000000 2.10937500000 0.00500000000 0.69437406075 -1.46469528440
-1.00000000000 0.00000000000 2.10937500000 0.00625000000 0.69469235975 -1.46536669635
-1.00000000000 0.00000000000 2.10937500000 0.00750000000 0.69501557269 -1.46604847365
-1.00000000000 0.00000000000 2.10937500000 0.00875000000 0.69534370877 -1.46674063568
-1.00000000000 0.00000000000 2.12500000000 -0.01000000000 0.69095154969 -1.46827204310
-1.00000000000 0.00000000000 2.12500000000 -0.00875000000 0.69120948244 -1.46882015018
-1.00000000000 0.00000000000 2.12500000000 -0.00750000000 0.69147221438 -1.46937845556
-1.00000000000 0.00000000000 2.12500000000 -0.00625000000 0.69173975316 -1.46994697546
-1.00000000000 0.00000000000 2.12500000000 -0.00500000000 0.69201210650 -1.47052572631
-1.00000000000 0.00000000000 2.12500000000 -0.00375000000 0.69228928228 -1.47111472485
-1.00000000000 0.00000000000 2.12500000000 -0.00250000000 0.69257128848 -1.47171398802
-1.00000000000 0.00000000000 2.12500000000 -0.00125000000 0.69285813321 -1.47232353308
-1.00000000000 0.00000000000 2.12500000000 0.00000000000 0.69314982471 -1.47294337750
-1.00000000000 0.00000000000 2.12500000000 0.00125000000 0.69344637131 -1.47357353904
-1.00000000000 0.00000000000 2.12500000000 0.00250000000 0.69374778151 -1.47421403571
-1.00000000000 0.00000000000 2.12500000000 0.00375000000 0.69405406390 -1.47486488579
-1.00000000000 0.00000000000 2.12500000000 0.00500000000 0.69436522721 -1.47552610782
-1.00000000000 0.00000000000 2.12500000000 0.00625000000 0.69468128029 -1.47619772061
-1.00000000000 0.00000000000 2.12500000000 0.00750000000 0.69500223211 -1.47687974323
-1.00000000000 0.00000000000 2.12500000000 0.00875000000 0.69532809178 -1.47757219503
-1.00000000000 0.00000000000 2.14062500000 -0.01000000000 0.69096826725 -1.47910394708
-1.00000000000 0.00000000000 2.14062500000 -0.00875000000 0.69122415964 -1.47965171672
-1.00000000000 0.00000000000 2.14062500000 -0.00750000000 0.69148483729 -1.48020972982
-1.00000000000 0.00000000000 2.14062500000 -0.00625000000 0.69175030776 -1.48077800254
-1.00000000000 0.00000000000 2.14062500000 -0.00500000000 0.69202057870 -1.48135655128
-1.00000000000 0.00000000000 2.14062500000 -0.00375000000 0.69229565790 -1.48194539269
-1.00000000000 0.00000000000 2.14062500000 -0.00250000000 0.69257555326 -1.48254454371
-1.00000000000 0.00000000000 2.14062500000 -0.00125000000 0.69286027282 -1.48315402150
-1.00000000000 0.00000000000 2.14062500000 0.00000000000 0.69314982471 -1.48377384351
-1.00000000000 0.00000000000 2.14062500000 0.00125000000 0.69344421720 -1.48440402744
-1.00000000000 0.00000000000 2.14062500000 0.00250000000 0.69374345869 -1.48504459126
-1.00000000000 0.00000000000 2.14062500000 0.00375000000 0.69404755769 -1.48569555319
-1.00000000000 0.00000000000 2.14062500000 0.00500000000 0.69435652285 -1.48635693173
-1.00000000000 0.00000000000 2.14062500000 0.00625000000 0.69467036292 -1.48702874562
-1.00000000000 0.00000000000 2.14062500000 0.00750000000 0.69498908679 -1.48771101392
-1.00000000000 0.00000000000 2.14062500000 0.00875000000 0.69531270348 -1.48840375589
-1.00000000000 0.00000000000 2.15625000000 -0.01000000000 0.69098474335 -1.48993585286
-1.00000000000 0.00000000000 2.15625000000 -0.00875000000 0.69123862476 -1.49048328465
-1.00000000000 0.00000000000 2.15625000000 -0.00750000000 0.69149727773 -1.49104100511
-1.00000000000 0.00000000000 2.15625000000 -0.00625000000 0.69176070972 -1.49160903034
-1.00000000000 0.00000000000 2.15625000000 -0.00500000000 0.69202892833 -1.49218737670
-1.00000000000 0.00000000000 2.15625000000 -0.00375000000 0.69230194124 -1.49277606080
-1.00000000000 0.00000000000 2.15625000000 -0.00250000000 0.69257975629 -1.49337509951
-1.00000000000 0.00000000000 2.15625000000 -0.00125000000 0.69286238143 -1.49398450995
-1.00000000000 0.00000000000 2.15625000000 0.00000000000 0.69314982471 -1.49460430952
-1.00000000000 0.00000000000 2.15625000000 0.00125000000 0.69344209432 -1.49523451588
-1.00000000000 0.00000000000 2.15625000000 0.00250000000 0.69373919858 -1.49587514693
-1.00000000000 0.00000000000 2.15625000000 0.00375000000 0.69404114590 -1.49652622086
-1.00000000000 0.00000000000 2.15625000000 0.00500000000 0.69434794486 -1.49718775611
-1.00000000000 0.00000000000 2.15625000000 0.00625000000 0.69465960412 -1.49785977139
-1.00000000000 0.00000000000 2.15625000000 0.00750000000 0.69497613249 -1.49854228568
-1.00000000000 0.00000000000 2.15625000000 0.00875000000 0.69529753889 -1.49923531823
-1.00000000000 0.00000000000 2.17187500000 -0.01000000000 0.69100098321 -1.50076776040
-1.00000000000 0.00000000000 2.17187500000 -0.00875000000 0.69125288238 -1.50131485393
-1.00000000000 0.00000000000 2.17187500000 -0.00750000000 0.69150953963 -1.50187228139
-1.00000000000 0.00000000000 2.17187500000 -0.00625000000 0.69177096234 -1.50244005884
-1.00000000000 0.00000000000 2.17187500000 -0.00500000000 0.69203715802 -1.50301820257
-1.00000000000 0.00000000000 2.17187500000 -0.00375000000 0.69230813429 -1.50360672916
-1.00000000000 0.00000000000 2.17187500000 -0.00250000000 0.69258389890 -1.50420565542
-1.00000000000 0.00000000000 2.17187500000 -0.00125000000 0.69286445971 -1.50481499843
-1.00000000000 0.00000000000 2.17187500000 0.00000000000 0.69314982471 -1.50543477553
-1.00000000000 0.00000000000 2.17187500000 0.00125000000 0.69344000200 -1.50606500434
-1.00000000000 0.00000000000 2.17187500000 0.00250000000 0.69373499981 -1.50670570271
-1.00000000000 0.00000000000 2.17187500000 0.00375000000 0.69403482649 -1.50735688878
-1.00000000000 0.00000000000 2.17187500000 0.00500000000 0.69433949051 -1.50801858095
-1.00000000000 0.00000000000 2.17187500000 0.00625000000 0.69464900046 -1.50869079788
-1.00000000000 0.00000000000 2.17187500000 0.00750000000 0.69496336506 -1.50937355850
-1.00000000000 0.00000000000 2.17187500000 0.00875000000 0.69528259315 -1.51006688201
-1.00000000000 0.00000000000 2.18750000000 -0.01000000000 0.69101699185 -1.51159966967
-1.00000000000 0.00000000000 2.18750000000 -0.00875000000 0.69126693693 -1.51214642454
-1.00000000000 0.00000000000 2.18750000000 -0.00750000000 0.69152162681 -1.51270355866
-1.00000000000 0.00000000000 2.18750000000 -0.00625000000 0.69178106881 -1.51327108802
-1.00000000000 0.00000000000 2.18750000000 -0.00500000000 0.69204527035 -1.51384902889
-1.00000000000 0.00000000000 2.18750000000 -0.00375000000 0.69231423898 -1.51443739777
-1.00000000000 0.00000000000 2.18750000000 -0.00250000000 0.69258798237 -1.51503621144
-1.00000000000 0.00000000000 2.18750000000 -0.00125000000 0.69286650831 -1.51564548693
-1.00000000000 0.00000000000 2.18750000000 0.00000000000 0.69314982471 -1.51626524155
-1.00000000000 0.00000000000 2.18750000000 0.00125000000 0.69343793958 -1.51689549283
-1.00000000000 0.00000000000 2.18750000000 0.00250000000 0.69373086108 -1.51753625861
-1.00000000000 0.00000000000 2.18750000000 0.00375000000 0.69402859747 -1.51818755697
-1.00000000000 0.00000000000 2.18750000000 0.00500000000 0.69433115714 -1.51884940625
-1.00000000000 0.00000000000 2.18750000000 0.00625000000 0.69463854861 -1.51952182508
-1.00000000000 0.00000000000 2.18750000000 0.00750000000 0.69495078050 -1.52020483235
-1.00000000000 0.00000000000 2.18750000000 0.00875000000 0.69526786158 -1.52089844720
-1.00000000000 0.00000000000 2.20312500000 -0.01000000000 0.69103277418 -1.52243158063
-1.00000000000 0.00000000000 2.20312500000 -0.00875000000 0.69128079271 -1.52297799645
-1.00000000000 0.00000000000 2.20312500000 -0.00750000000 0.69153354298 -1.52353483688
-1.00000000000 0.00000000000 2.20312500000 -0.00625000000 0.69179103222 -1.52410211787
-1.00000000000 0.00000000000 2.20312500000 -0.00500000000 0.69205326780 -1.52467985563
-1.00000000000 0.00000000000 2.20312500000 -0.00375000000 0.69232025719 -1.52526806662
-1.00000000000 0.00000000000 2.20312500000 -0.00250000000 0.69259200798 -1.52586676757
-1.00000000000 0.00000000000 2.20312500000 -0.00125000000 0.69286852787 -1.52647597547
-1.00000000000 0.00000000000 2.20312500000 0.00000000000 0.69314982471 -1.52709570756
-1.00000000000 0.00000000000 2.20312500000 0.00125000000 0.69343590643 -1.52772598135
-1.00000000000 0.00000000000 2.20312500000 0.00250000000 0.69372678110 -1.52836681462
-1.00000000000 0.00000000000 2.20312500000 0.00375000000 0.69402245692 -1.52901822540
-1.00000000000 0.00000000000 2.20312500000 0.00500000000 0.69432294218 -1.52968023200
-1.00000000000 0.00000000000 2.20312500000 0.00625000000 0.69462824533 -1.53035285299
-1.00000000000 0.00000000000 2.20312500000 0.00750000000 0.69493837490 -1.53103610721
-1.00000000000 0.00000000000 2.20312500000 0.00875000000 0.69525333958 -1.53173001377
-1.00000000000 0.00000000000 2.21875000000 -0.01000000000 0.69104833498 -1.53326349323
-1.00000000000 0.00000000000 2.21875000000 -0.00875000000 0.69129445392 -1.53380956963
-1.00000000000 0.00000000000 2.21875000000 -0.00750000000 0.69154529174 -1.53436611604
-1.00000000000 0.00000000000 2.21875000000 -0.00625000000 0.69180085560 -1.53493314837
-1.00000000000 0.00000000000 2.21875000000 -0.00500000000 0.69206115281 -1.53551068279
-1.00000000000 0.00000000000 2.21875000000 -0.00375000000 0.69232619074 -1.53609873571
-1.00000000000 0.00000000000 2.21875000000 -0.00250000000 0.69259597693 -1.53669732381
-1.00000000000 0.00000000000 2.21875000000 -0.00125000000 0.69287051900 -1.53730646403
-1.00000000000 0.00000000000 2.21875000000 0.00000000000 0.69314982471 -1.53792617357
-1.00000000000 0.00000000000 2.21875000000 0.00125000000 0.69343390192 -1.53855646989
-1.00000000000 0.00000000000 2.21875000000 0.00250000000 0.69372275864 -1.53919737073
-1.00000000000 0.00000000000 2.21875000000 0.00375000000 0.69401640296 -1.53984889407
-1.00000000000 0.00000000000 2.21875000000 0.00500000000 0.69431484312 -1.54051105818
-1.00000000000 0.00000000000 2.21875000000 0.00625000000 0.69461808747 -1.54118388158
-1.00000000000 0.00000000000 2.21875000000 0.00750000000 0.69492614448 -1.54186738306
-1.00000000000 0.00000000000 2.21875000000 0.00875000000 0.69523902274 -1.54256158170
-1.00000000000 0.00000000000 2.23437500000 -0.01000000000 0.69106367886 -1.54409540746
-1.00000000000 0.00000000000 2.23437500000 -0.00875000000 0.69130792461 -1.54464114405
-1.00000000000 0.00000000000 2.23437500000 -0.00750000000 0.69155687658 -1.54519739612
-1.00000000000 0.00000000000 2.23437500000 -0.00625000000 0.69181054188 -1.54576417952
-1.00000000000 0.00000000000 2.23437500000 -0.00500000000 0.69206892771 -1.54634151036
-1.00000000000 0.00000000000 2.23437500000 -0.00375000000 0.69233204141 -1.54692940503
-1.00000000000 0.00000000000 2.23437500000 -0.00250000000 0.69259989042 -1.54752788015
-1.00000000000 0.00000000000 2.23437500000 -0.00125000000 0.69287248229 -1.54813695261
-1.00000000000 0.00000000000 2.23437500000 0.00000000000 0.69314982471 -1.54875663958
-1.00000000000 0.00000000000 2.23437500000 0.00125000000 0.69343192547 -1.54938695846
-1.00000000000 0.00000000000 2.23437500000 0.00250000000 0.69371879248 -1.55002792695
-1.00000000000 0.00000000000 2.23437500000 0.00375000000 0.69401043378 -1.55067956299
-1.00000000000 0.00000000000 2.23437500000 0.00500000000 0.69430685753 -1.55134188479
-1.00000000000 0.00000000000 2.23437500000 0.00625000000 0.69460807198 -1.55201491084
-1.00000000000 0.00000000000 2.23437500000 0.00750000000 0.69491408554 -1.55269865988
-1.00000000000 0.00000000000 2.23437500000 0.00875000000 0.69522490672 -1.55339315095
-1.00000000000 0.00000000000 2.25000000000 -0.01000000000 0.69107881034 -1.55492732327
-1.00000000000 0.00000000000 2.25000000000 -0.00875000000 0.69132120875 -1.55547271969
-1.00000000000 0.00000000000 2.25000000000 -0.00750000000 0.69156830093 -1.55602867709
-1.00000000000 0.00000000000 2.25000000000 -0.00625000000 0.69182009391 -1.55659521129
-1.00000000000 0.00000000000 2.25000000000 -0.00500000000 0.69207659482 -1.55717233834
-1.00000000000 0.00000000000 2.25000000000 -0.00375000000 0.69233781092 -1.55776007458
-1.00000000000 0.00000000000 2.25000000000 -0.00250000000 0.69260374960 -1.55835843659
-1.00000000000 0.00000000000 2.25000000000 -0.00125000000 0.69287441832 -1.55896744122
-1.00000000000 0.00000000000 2.25000000000 0.00000000000 0.69314982471 -1.55958710559
-1.00000000000 0.00000000000 2.25000000000 0.00125000000 0.69342997647 -1.56021744706
-1.00000000000 0.00000000000 2.25000000000 0.00250000000 0.69371488146 -1.56085848327
-1.00000000000 0.00000000000 2.25000000000 0.00375000000 0.69400454762 -1.56151023214
-1.00000000000 0.00000000000 2.25000000000 0.00500000000 0.69429898303 -1.56217271182
-1.00000000000 0.00000000000 2.25000000000 0.00625000000 0.69459819589 -1.56284594075
-1.00000000000 0.00000000000 2.25000000000 0.00750000000 0.69490219451 -1.56352993765
-1.00000000000 0.00000000000 2.25000000000 0.00875000000 0.69521098733 -1.56422472149
-1.00000000000 0.00000000000 2.26562500000 -0.01000000000 0.69109373380 -1.56575924063
-1.00000000000 0.00000000000 2.26562500000 -0.00875000000 0.69133431019 -1.56630429653
-1.00000000000 0.00000000000 2.26562500000 -0.00750000000 0.69157956809 -1.56685995895
-1.00000000000 0.00000000000 2.26562500000 -0.00625000000 0.69182951445 -1.56742624367
-1.00000000000 0.00000000000 2.26562500000 -0.00500000000 0.69208415634 -1.56800316671
-1.00000000000 0.00000000000 2.26562500000 -0.00375000000 0.69234350096 -1.56859074435
-1.00000000000 0.00000000000 2.26562500000 -0.00250000000 0.69260755559 -1.56918899313
-1.00000000000 0.00000000000 2.26562500000 -0.00125000000 0.69287632766 -1.56979792986
-1.00000000000 0.00000000000 2.26562500000 0.00000000000 0.69314982471 -1.57041757160
-1.00000000000 0.00000000000 2.26562500000 0.00125000000 0.69342805437 -1.57104793568
-1.00000000000 0.00000000000 2.26562500000 0.00250000000 0.69371102442 -1.57168903970
-1.00000000000 0.00000000000 2.26562500000 0.00375000000 0.69399874274 -1.57234090151
-1.00000000000 0.00000000000 2.26562500000 0.00500000000 0.69429121732 -1.57300353925
-1.00000000000 0.00000000000 2.26562500000 0.00625000000 0.69458845630 -1.57367697131
-1.00000000000 0.00000000000 2.26562500000 0.00750000000 0.69489046791 -1.57436121635
-1.00000000000 0.00000000000 2.26562500000 0.00875000000 0.69519726050 -1.57505629331
-1.00000000000 0.00000000000 2.28125000000 -0.01000000000 0.69110845349 -1.57659115952
-1.00000000000 0.00000000000 2.28125000000 -0.00875000000 0.69134723267 -1.57713587453
-1.00000000000 0.00000000000 2.28125000000 -0.00750000000 0.69159068128 -1.57769124167
-1.00000000000 0.00000000000 2.28125000000 -0.00625000000 0.69183880621 -1.57825727666
-1.00000000000 0.00000000000 2.28125000000 -0.00500000000 0.69209161445 -1.57883399547
-1.00000000000 0.00000000000 2.28125000000 -0.00375000000 0.69234911314 -1.57942141434
-1.00000000000 0.00000000000 2.28125000000 -0.00250000000 0.69261130949 -1.58001954977
-1.00000000000 0.00000000000 2.28125000000 -0.00125000000 0.69287821086 -1.58062841852
-1.00000000000 0.00000000000 2.28125000000 0.00000000000 0.69314982471 -1.58124803761
-1.00000000000 0.00000000000 2.28125000000 0.00125000000 0.69342615861 -1.58187842433
-1.00000000000 0.00000000000 2.28125000000 0.00250000000 0.69370722026 -1.58251959622
-1.00000000000 0.00000000000 2.28125000000 0.00375000000 0.69399301747 -1.58317157111
-1.00000000000 0.00000000000 2.28125000000 0.00500000000 0.69428355818 -1.58383436709
-1.00000000000 0.00000000000 2.28125000000 0.00625000000 0.69457885041 -1.58450800249
-1.00000000000 0.00000000000 2.28125000000 0.00750000000 0.69487890234 -1.58519249596
-1.00000000000 0.00000000000 2.28125000000 0.00875000000 0.69518372224 -1.58588786637
-1.00000000000 0.00000000000 2.29687500000 -0.01000000000 0.69112297356 -1.58742307989
-1.00000000000 0.00000000000 2.29687500000 -0.00875000000 0.69135997983 -1.58796745368
-1.00000000000 0.00000000000 2.29687500000 -0.00750000000 0.69160164364 -1.58852252524
-1.00000000000 0.00000000000 2.29687500000 -0.00625000000 0.69184797180 -1.58908831023
-1.00000000000 0.00000000000 2.29687500000 -0.00500000000 0.69209897126 -1.58966482461
-1.00000000000 0.00000000000 2.29687500000 -0.00375000000 0.69235464905 -1.59025208455
-1.00000000000 0.00000000000 2.29687500000 -0.00250000000 0.69261501236 -1.59085010651
-1.00000000000 0.00000000000 2.29687500000 -0.00125000000 0.69288006844 -1.59145890721
-1.00000000000 0.00000000000 2.29687500000 0.00000000000 0.69314982471 -1.59207850362
-1.00000000000 0.00000000000 2.29687500000 0.00125000000 0.69342428865 -1.59270891300
-1.00000000000 0.00000000000 2.29687500000 0.00250000000 0.69370346791 -1.59335015285
-1.00000000000 0.00000000000 2.29687500000 0.00375000000 0.69398737020 -1.59400224094
-1.00000000000 0.00000000000 2.29687500000 0.00500000000 0.69427600340 -1.59466519532
-1.00000000000 0.00000000000 2.29687500000 0.00625000000 0.69456937548 -1.59533903429
-1.00000000000 0.00000000000 2.29687500000 0.00750000000 0.69486749451 -1.59602377646
-1.00000000000 0.00000000000 2.29687500000 0.00875000000 0.69517036872 -1.59671944065
-1.00000000000 0.00000000000 2.31250000000 -0.01000000000 0.69113729804 -1.59825500172
-1.00000000000 0.00000000000 2.31250000000 -0.00875000000 0.69137255522 -1.59879903395
-1.00000000000 0.00000000000 2.31250000000 -0.00750000000 0.69161245822 -1.59935380963
-1.00000000000 0.00000000000 2.31250000000 -0.00625000000 0.69185701379 -1.59991934439
-1.00000000000 0.00000000000 2.31250000000 -0.00500000000 0.69210622881 -1.60049565411
-1.00000000000 0.00000000000 2.31250000000 -0.00375000000 0.69236011025 -1.60108275496
-1.00000000000 0.00000000000 2.31250000000 -0.00250000000 0.69261866523 -1.60168066334
-1.00000000000 0.00000000000 2.31250000000 -0.00125000000 0.69288190094 -1.60228939592
-1.00000000000 0.00000000000 2.31250000000 0.00000000000 0.69314982471 -1.60290896963
-1.00000000000 0.00000000000 2.31250000000 0.00125000000 0.69342244398 -1.60353940169
-1.00000000000 0.00000000000 2.31250000000 0.00250000000 0.69369976630 -1.60418070956
-1.00000000000 0.00000000000 2.31250000000 0.00375000000 0.69398179934 -1.60483291097
-1.00000000000 0.00000000000 2.31250000000 0.00500000000 0.69426855089 -1.60549602393
-1.00000000000 0.00000000000 2.31250000000 0.00625000000 0.69456002884 -1.60617006670
-1.00000000000 0.00000000000 2.31250000000 0.00750000000 0.69485624122 -1.60685505783
-1.00000000000 0.00000000000 2.31250000000 0.00875000000 0.69515719616 -1.60755101612
-1.00000000000 0.00000000000 2.32812500000 -0.01000000000 0.69115143086 -1.60908692498
-1.00000000000 0.00000000000 2.32812500000 -0.00875000000 0.69138496228 -1.60963061532
-1.00000000000 0.00000000000 2.32812500000 -0.00750000000 0.69162312798 -1.61018509483
-1.00000000000 0.00000000000 2.32812500000 -0.00625000000 0.69186593465 -1.61075037911
-1.00000000000 0.00000000000 2.32812500000 -0.00500000000 0.69211338910 -1.61132648399
-1.00000000000 0.00000000000 2.32812500000 -0.00375000000 0.69236549824 -1.61191342558
-1.00000000000 0.00000000000 2.32812500000 -0.00250000000 0.69262226910 -1.61251122026
-1.00000000000 0.00000000000 2.32812500000 -0.00125000000 0.69288370884 -1.61311988465
-1.00000000000 0.00000000000 2.32812500000 0.00000000000 0.69314982471 -1.61373943565
-1.00000000000 0.00000000000 2.32812500000 0.00125000000 0.69342062407 -1.61436989041
-1.00000000000 0.00000000000 2.32812500000 0.00250000000 0.69369611441 -1.61501126637
-1.00000000000 0.00000000000 2.32812500000 0.00375000000 0.69397630334 -1.61566358122
-1.00000000000 0.00000000000 2.32812500000 0.00500000000 0.69426119857 -1.61632685292
-1.00000000000 0.00000000000 2.32812500000 0.00625000000 0.69455080792 -1.61700109970
-1.00000000000 0.00000000000 2.32812500000 0.00750000000 0.69484513935 -1.61768634005
-1.00000000000 0.00000000000 2.32812500000 0.00875000000 0.69514420092 -1.61838259276
-1.00000000000 0.00000000000 2.34375000000 -0.01000000000 0.69116537585 -1.61991884964
-1.00000000000 0.00000000000 2.34375000000 -0.00875000000 0.69139720438 -1.62046219777
-1.00000000000 0.00000000000 2.34375000000 -0.00750000000 0.69163365582 -1.62101638083
-1.00000000000 0.00000000000 2.34375000000 -0.00625000000 0.69187473680 -1.62158141438
-1.00000000000 0.00000000000 2.34375000000 -0.00500000000 0.69212045407 -1.62215731422
-1.00000000000 0.00000000000 2.34375000000 -0.00375000000 0.69237081447 -1.62274409640
-1.00000000000 0.00000000000 2.34375000000 -0.00250000000 0.69262582497 -1.62334177727
-1.00000000000 0.00000000000 2.34375000000 -0.00125000000 0.69288549265 -1.62395037340
-1.00000000000 0.00000000000 2.34375000000 0.00000000000 0.69314982471 -1.62456990166
-1.00000000000 0.00000000000 2.34375000000 0.00125000000 0.69341882844 -1.62520037915
-1.00000000000 0.00000000000 2.34375000000 0.00250000000 0.69369251126 -1.62584182327
-1.00000000000 0.00000000000 2.34375000000 0.00375000000 0.69397088071 -1.62649425168
-1.00000000000 0.00000000000 2.34375000000 0.00500000000 0.69425394444 -1.62715768228
-1.00000000000 0.00000000000 2.34375000000 0.00625000000 0.69454171020 -1.62783213327
-1.00000000000 0.00000000000 2.34375000000 0.00750000000 0.69483418586 -1.62851762312
-1.00000000000 0.00000000000 2.34375000000 0.00875000000 0.69513137944 -1.62921417055
-1.00000000000 0.00000000000 2.35937500000 -0.01000000000 0.69117913671 -1.63075077568
-1.00000000000 0.00000000000 2.35937500000 -0.00875000000 0.69140928478 -1.63129378127
-1.00000000000 0.00000000000 2.35937500000 -0.00750000000 0.69164404455 -1.63184766761
-1.00000000000 0.00000000000 2.35937500000 -0.00625000000 0.69188342260 -1.63241245020
-1.00000000000 0.00000000000 2.35937500000 -0.00500000000 0.69212742561 -1.63298814479
-1.00000000000 0.00000000000 2.35937500000 -0.00375000000 0.69237606036 -1.63357476742
-1.00000000000 0.00000000000 2.35937500000 -0.00250000000 0.69262933377 -1.63417233437
-1.00000000000 0.00000000000 2.35937500000 -0.00125000000 0.69288725284 -1.63478086218
-1.00000000000 0.00000000000 2.35937500000 0.00000000000 0.69314982471 -1.63540036767
-1.00000000000 0.00000000000 2.35937500000 0.00125000000 0.69341705660 -1.63603086791
-1.00000000000 0.00000000000 2.35937500000 0.00250000000 0.69368895587 -1.63667238027
-1.00000000000 0.00000000000 2.35937500000 0.00375000000 0.69396553000 -1.63732492233
-1.00000000000 0.00000000000 2.35937500000 0.00500000000 0.69424678654 -1.63798851200
-1.00000000000 0.00000000000 2.35937500000 0.00625000000 0.69453273321 -1.63866316742
-1.00000000000 0.00000000000 2.35937500000 0.00750000000 0.69482337780 -1.63934890701
-1.00000000000 0.00000000000 2.35937500000 0.00875000000 0.69511872825 -1.64004574946
-1.00000000000 0.00000000000 2.37500000000 -0.01000000000 0.69119271708 -1.64158270306
-1.00000000000 0.00000000000 2.37500000000 -0.00875000000 0.69142120666 -1.64212536581
-1.00000000000 0.00000000000 2.37500000000 -0.00750000000 0.69165429691 -1.64267895515
-1.00000000000 0.00000000000 2.37500000000 -0.00625000000 0.69189199434 -1.64324348655
-1.00000000000 0.00000000000 2.37500000000 -0.00500000000 0.69213430556 -1.64381897571
-1.00000000000 0.00000000000 2.37500000000 -0.00375000000 0.69238123732 -1.64440543863
-1.00000000000 0.00000000000 2.37500000000 -0.00250000000 0.69263279644 -1.64500289155
-1.00000000000 0.00000000000 2.37500000000 -0.00125000000 0.69288898988 -1.64561135098
-1.00000000000 0.00000000000 2.37500000000 0.00000000000 0.69314982471 -1.64623083368
-1.00000000000 0.00000000000 2.37500000000 0.00125000000 0.69341530808 -1.64686135670
-1.00000000000 0.00000000000 2.37500000000 0.00250000000 0.69368544730 -1.64750293735
-1.00000000000 0.00000000000 2.37500000000 0.00375000000 0.69396024976 -1.64815559319
-1.00000000000 0.00000000000 2.37500000000 0.00500000000 0.69423972298 -1.64881934208
-1.00000000000 0.00000000000 2.37500000000 0.00625000000 0.69452387458 -1.64949420212
-1.00000000000 0.00000000000 2.37500000000 0.00750000000 0.69481271229 -1.65018019170
-1.00000000000 0.00000000000 2.37500000000 0.00875000000 0.69510624399 -1.65087732948
-1.00000000000 0.00000000000 2.39062500000 -0.01000000000 0.69120612047 -1.65241463176
-1.00000000000 0.00000000000 2.39062500000 -0.00875000000 0.69143297312 -1.65295695136
-1.00000000000 0.00000000000 2.39062500000 -0.00750000000 0.69166441556 -1.65351024344
-1.00000000000 0.00000000000 2.39062500000 -0.00625000000 0.69190045424 -1.65407452342
-1.00000000000 0.00000000000 2.39062500000 -0.00500000000 0.69214109573 -1.65464980697
-1.00000000000 0.00000000000 2.39062500000 -0.00375000000 0.69238634668 -1.65523611004
-1.00000000000 0.00000000000 2.39062500000 -0.00250000000 0.69263621389 -1.65583344882
-1.00000000000 0.00000000000 2.39062500000 -0.00125000000 0.69289070423 -1.65644183979
-1.00000000000 0.00000000000 2.39062500000 0.00000000000 0.69314982471 -1.65706129969
-1.00000000000 0.00000000000 2.39062500000 0.00125000000 0.69341358243 -1.65769184551
-1.00000000000 0.00000000000 2.39062500000 0.00250000000 0.69368198463 -1.65833349451
-1.00000000000 0.00000000000 2.39062500000 0.00375000000 0.69395503864 -1.65898626424
-1.00000000000 0.00000000000 2.39062500000 0.00500000000 0.69423275189 -1.65965017250
-1.00000000000 0.00000000000 2.39062500000 0.00625000000 0.69451513197 -1.66032523736
-1.00000000000 0.00000000000 2.39062500000 0.00750000000 0.69480218653 -1.66101147718
-1.00000000000 0.00000000000 2.39062500000 0.00875000000 0.69509392337 -1.66170891057
-1.00000000000 0.00000000000 2.40625000000 -0.01000000000 0.69121935034 -1.66324656176
-1.00000000000 0.00000000000 2.40625000000 -0.00875000000 0.69144458718 -1.66378853791
-1.00000000000 0.00000000000 2.40625000000 -0.00750000000 0.69167440310 -1.66434153247
-1.00000000000 0.00000000000 2.40625000000 -0.00625000000 0.69190880449 -1.66490556080
-1.00000000000 0.00000000000 2.40625000000 -0.00500000000 0.69214779784 -1.66548063856
-1.00000000000 0.00000000000 2.40625000000 -0.00375000000 0.69239138977 -1.66606678162
-1.00000000000 0.00000000000 2.40625000000 -0.00250000000 0.69263958698 -1.66666400617
-1.00000000000 0.00000000000 2.40625000000 -0.00125000000 0.69289239632 -1.66727232863
-1.00000000000 0.00000000000 2.40625000000 0.00000000000 0.69314982471 -1.66789176570
-1.00000000000 0.00000000000 2.40625000000 0.00125000000 0.69341187920 -1.66852233433
-1.00000000000 0.00000000000 2.40625000000 0.00250000000 0.69367856697 -1.66916405176
-1.00000000000 0.00000000000 2.40625000000 0.00375000000 0.69394989527 -1.66981693548
-1.00000000000 0.00000000000 2.40625000000 0.00500000000 0.69422587149 -1.67048100326
-1.00000000000 0.00000000000 2.40625000000 0.00625000000 0.69450650312 -1.67115627314
-1.00000000000 0.00000000000 2.40625000000 0.00750000000 0.69479179779 -1.67184276343
-1.00000000000 0.00000000000 2.40625000000 0.00875000000 0.69508176321 -1.67254049272
-1.00000000000 0.00000000000 2.42187500000 -0.01000000000 0.69123241002 -1.67407849302
-1.00000000000 0.00000000000 2.42187500000 -0.00875000000 0.69145605179 -1.67462012544
-1.00000000000 0.00000000000 2.42187500000 -0.00750000000 0.69168426208 -1.67517282221
-1.00000000000 0.00000000000 2.42187500000 -0.00625000000 0.69191704720 -1.67573659869
-1.00000000000 0.00000000000 2.42187500000 -0.00500000000 0.69215441361 -1.67631147046
-1.00000000000 0.00000000000 2.42187500000 -0.00375000000 0.69239636785 -1.67689745339
-1.00000000000 0.00000000000 2.42187500000 -0.00250000000 0.69264291659 -1.67749456361
-1.00000000000 0.00000000000 2.42187500000 -0.00125000000 0.69289406658 -1.67810281749
-1.00000000000 0.00000000000 2.42187500000 0.00000000000 0.69314982471 -1.67872223171
-1.00000000000 0.00000000000 2.42187500000 0.00125000000 0.69341019796 -1.67935282318
-1.00000000000 0.00000000000 2.42187500000 0.00250000000 0.69367519343 -1.67999460909
-1.00000000000 0.00000000000 2.42187500000 0.00375000000 0.69394481834 -1.68064760691
-1.00000000000 0.00000000000 2.42187500000 0.00500000000 0.69421907999 -1.68131183436
-1.00000000000 0.00000000000 2.42187500000 0.00625000000 0.69449798584 -1.68198730945
-1.00000000000 0.00000000000 2.42187500000 0.00750000000 0.69478154341 -1.68267405045
-1.00000000000 0.00000000000 2.42187500000 0.00875000000 0.69506976037 -1.68337207590
-1.00000000000 0.00000000000 2.43750000000 -0.01000000000 0.69124530278 -1.68491042553
-1.00000000000 0.00000000000 2.43750000000 -0.00875000000 0.69146736981 -1.68545171392
-1.00000000000 0.00000000000 2.43750000000 -0.00750000000 0.69169399494 -1.68600411267
-1.00000000000 0.00000000000 2.43750000000 -0.00625000000 0.69192518444 -1.68656763707
-1.00000000000 0.00000000000 2.43750000000 -0.00500000000 0.69216094469 -1.68714230269
-1.00000000000 0.00000000000 2.43750000000 -0.00375000000 0.69240128219 -1.68772812534
-1.00000000000 0.00000000000 2.43750000000 -0.00250000000 0.69264620354 -1.68832512112
-1.00000000000 0.00000000000 2.43750000000 -0.00125000000 0.69289571544 -1.68893330638
-1.00000000000 0.00000000000 2.43750000000 0.00000000000 0.69314982471 -1.68955269772
-1.00000000000 0.00000000000 2.43750000000 0.00125000000 0.69340853828 -1.69018331205
-1.00000000000 0.00000000000 2.43750000000 0.00250000000 0.69367186318 -1.69082516651
-1.00000000000 0.00000000000 2.43750000000 0.00375000000 0.69393980657 -1.69147827852
-1.00000000000 0.00000000000 2.43750000000 0.00500000000 0.69421237571 -1.69214266579
-1.00000000000 0.00000000000 2.43750000000 0.00625000000 0.69448957796 -1.69281834627
-1.00000000000 0.00000000000 2.43750000000 0.00750000000 0.69477142080 -1.69350533821
-1.00000000000 0.00000000000 2.43750000000 0.00875000000 0.69505791184 -1.69420366011
-1.00000000000 0.00000000000 2.45312500000 -0.01000000000 0.69125803180 -1.69574235926
-1.00000000000 0.00000000000 2.45312500000 -0.00875000000 0.69147854404 -1.69628330334
-1.00000000000 0.00000000000 2.45312500000 -0.00750000000 0.69170360410 -1.69683540381
-1.00000000000 0.00000000000 2.45312500000 -0.00625000000 0.69193321821 -1.69739867593
-1.00000000000 0.00000000000 2.45312500000 -0.00500000000 0.69216739270 -1.69797313522
-1.00000000000 0.00000000000 2.45312500000 -0.00375000000 0.69240613400 -1.69855879747
-1.00000000000 0.00000000000 2.45312500000 -0.00250000000 0.69264944865 -1.69915567871
-1.00000000000 0.00000000000 2.45312500000 -0.00125000000 0.69289734330 -1.69976379528
-1.00000000000 0.00000000000 2.45312500000 0.00000000000 0.69314982471 -1.70038316373
-1.00000000000 0.00000000000 2.45312500000 0.00125000000 0.69340689974 -1.70101380094
-1.00000000000 0.00000000000 2.45312500000 0.00250000000 0.69366857539 -1.70165572400
-1.00000000000 0.00000000000 2.45312500000 0.00375000000 0.69393485873 -1.70230895032
-1.00000000000 0.00000000000 2.45312500000 0.00500000000 0.69420575696 -1.70297349754
-1.00000000000 0.00000000000 2.45312500000 0.00625000000 0.69448127739 -1.70364938360
-1.00000000000 0.00000000000 2.45312500000 0.00750000000 0.69476142744 -1.70433662670
-1.00000000000 0.00000000000 2.45312500000 0.00875000000 0.69504621465 -1.70503524531
-1.00000000000 0.00000000000 2.46875000000 -0.01000000000 0.69127060018 -1.70657429419
-1.00000000000 0.00000000000 2.46875000000 -0.00875000000 0.69148957719 -1.70711489368
-1.00000000000 0.00000000000 2.46875000000 -0.00750000000 0.69171309190 -1.70766669564
-1.00000000000 0.00000000000 2.46875000000 -0.00625000000 0.69194115049 -1.70822971527
-1.00000000000 0.00000000000 2.46875000000 -0.00500000000 0.69217375922 -1.70880396806
-1.00000000000 0.00000000000 2.46875000000 -0.00375000000 0.69241092446 -1.70938946977
-1.00000000000 0.00000000000 2.46875000000 -0.00250000000 0.69265265271 -1.70998623638
-1.00000000000 0.00000000000 2.46875000000 -0.00125000000 0.69289895056 -1.71059428419
-1.00000000000 0.00000000000 2.46875000000 0.00000000000 0.69314982471 -1.71121362974
-1.00000000000 0.00000000000 2.46875000000 0.00125000000 0.69340528196 -1.71184428984
-1.00000000000 0.00000000000 2.46875000000 0.00250000000 0.69366532925 -1.71248628157
-1.00000000000 0.00000000000 2.46875000000 0.00375000000 0.69392997358 -1.71313962229
-1.00000000000 0.00000000000 2.46875000000 0.00500000000 0.69419922212 -1.71380432960
-1.00000000000 0.00000000000 2.46875000000 0.00625000000 0.69447308209 -1.71448042142
-1.00000000000 0.00000000000 2.46875000000 0.00750000000 0.69475156087 -1.71516791590
-1.00000000000 0.00000000000 2.46875000000 0.00875000000 0.69503466592 -1.71586683150
-1.00000000000 0.00000000000 2.48437500000 -0.01000000000 0.69128301094 -1.71740623030
-1.00000000000 0.00000000000 2.48437500000 -0.00875000000 0.69150047192 -1.71794648493
-1.00000000000 0.00000000000 2.48437500000 -0.00750000000 0.69172246063 -1.71849798813
-1.00000000000 0.00000000000 2.48437500000 -0.00625000000 0.69194898317 -1.71906075507
-1.00000000000 0.00000000000 2.48437500000 -0.00500000000 0.69218004577 -1.71963480120
-1.00000000000 0.00000000000 2.48437500000 -0.00375000000 0.69241565473 -1.72022014223
-1.00000000000 0.00000000000 2.48437500000 -0.00250000000 0.69265581650 -1.72081679413
-1.00000000000 0.00000000000 2.48437500000 -0.00125000000 0.69290053761 -1.72142477313
-1.00000000000 0.00000000000 2.48437500000 0.00000000000 0.69314982471 -1.72204409576
-1.00000000000 0.00000000000 2.48437500000 0.00125000000 0.69340368454 -1.72267477877
-1.00000000000 0.00000000000 2.48437500000 0.00250000000 0.69366212396 -1.72331683922
-1.00000000000 0.00000000000 2.48437500000 0.00375000000 0.69392514996 -1.72397029443
-1.00000000000 0.00000000000 2.48437500000 0.00500000000 0.69419276960 -1.72463516198
-1.00000000000 0.00000000000 2.48437500000 0.00625000000 0.69446499008 -1.72531145973
-1.00000000000 0.00000000000 2.48437500000 0.00750000000 0.69474181869 -1.72599920581
-1.00000000000 0.00000000000 2.48437500000 0.00875000000 0.69502326285 -1.72669841864
-1.00000000000 0.00000000000 2.50000000000 -0.01000000000 0.69129526702 -1.72823816756
-1.00000000000 0.00000000000 2.50000000000 -0.00875000000 0.69151123083 -1.72877807706
-1.00000000000 0.00000000000 2.50000000000 -0.00750000000 0.69173171251 -1.72932928128
-1.00000000000 0.00000000000 2.50000000000 -0.00625000000 0.69195671813 -1.72989179533
-1.00000000000 0.00000000000 2.50000000000 -0.00500000000 0.69218625385 -1.73046563464
-1.00000000000 0.00000000000 2.50000000000 -0.00375000000 0.69242032595 -1.73105081486
-1.00000000000 0.00000000000 2.50000000000 -0.00250000000 0.69265894078 -1.73164735195
-1.00000000000 0.00000000000 2.50000000000 -0.00125000000 0.69290210484 -1.73225526209
-1.00000000000 0.00000000000 2.50000000000 0.00000000000 0.69314982471 -1.73287456177
-1.00000000000 0.00000000000 2.50000000000 0.00125000000 0.69340210709 -1.73350526772
-1.00000000000 0.00000000000 2.50000000000 0.00250000000 0.69365895878 -1.73414739695
-1.00000000000 0.00000000000 2.50000000000 0.00375000000 0.69392038670 -1.73480096674
-1.00000000000 0.00000000000 2.50000000000 0.00500000000 0.69418639786 -1.73546599465
-1.00000000000 0.00000000000 2.50000000000 0.00625000000 0.69445699940 -1.73614249851
-1.00000000000 0.00000000000 2.50000000000 0.00750000000 0.69473219856 -1.73683049641
-1.00000000000 0.00000000000 2.50000000000 0.00875000000 0.69501200269 -1.73753000672
-1.00000000000 0.00000000000 2.51562500000 -0.01000000000 0.69130737131 -1.73907010595
-1.00000000000 0.00000000000 2.51562500000 -0.00875000000 0.69152185643 -1.73960967007
-1.00000000000 0.00000000000 2.51562500000 -0.00750000000 0.69174084972 -1.74016057506
-1.00000000000 0.00000000000 2.51562500000 -0.00625000000 0.69196435718 -1.74072283604
-1.00000000000 0.00000000000 2.51562500000 -0.00500000000 0.69219238494 -1.74129646836
-1.00000000000 0.00000000000 2.51562500000 -0.00375000000 0.69242493919 -1.74188148766
-1.00000000000 0.00000000000 2.51562500000 -0.00250000000 0.69266202627 -1.74247790984
-1.00000000000 0.00000000000 2.51562500000 -0.00125000000 0.69290365260 -1.74308575107
-1.00000000000 0.00000000000 2.51562500000 0.00000000000 0.69314982471 -1.74370502778
-1.00000000000 0.00000000000 2.51562500000 0.00125000000 0.69340054924 -1.74433575668
-1.00000000000 0.00000000000 2.51562500000 0.00250000000 0.69365583294 -1.74497795474
-1.00000000000 0.00000000000 2.51562500000 0.00375000000 0.69391568267 -1.74563163922
-1.00000000000 0.00000000000 2.51562500000 0.00500000000 0.69418010539 -1.74629682763
-1.00000000000 0.00000000000 2.51562500000 0.00625000000 0.69444910818 -1.74697353776
-1.00000000000 0.00000000000 2.51562500000 0.00750000000 0.69472269821 -1.74766178768
-1.00000000000 0.00000000000 2.51562500000 0.00875000000 0.69500088278 -1.74836159574
-1.00000000000 0.00000000000 2.53125000000 -0.01000000000 0.69131932660 -1.74990204545
-1.00000000000 0.00000000000 2.53125000000 -0.00875000000 0.69153235118 -1.75044126393
-1.00000000000 0.00000000000 2.53125000000 -0.00750000000 0.69174987436 -1.75099186948
-1.00000000000 0.00000000000 2.53125000000 -0.00625000000 0.69197190210 -1.75155387718
-1.00000000000 0.00000000000 2.53125000000 -0.00500000000 0.69219844044 -1.75212730236
-1.00000000000 0.00000000000 2.53125000000 -0.00375000000 0.69242949555 -1.75271216061
-1.00000000000 0.00000000000 2.53125000000 -0.00250000000 0.69266507370 -1.75330846780
-1.00000000000 0.00000000000 2.53125000000 -0.00125000000 0.69290518126 -1.75391624006
-1.00000000000 0.00000000000 2.53125000000 0.00000000000 0.69314982471 -1.75453549379
-1.00000000000 0.00000000000 2.53125000000 0.00125000000 0.69339901063 -1.75516624566
-1.00000000000 0.00000000000 2.53125000000 0.00250000000 0.69365274572 -1.75580851262
-1.00000000000 0.00000000000 2.53125000000 0.00375000000 0.69391103679 -1.75646231187
-1.00000000000 0.00000000000 2.53125000000 0.00500000000 0.69417389073 -1.75712766090
-1.00000000000 0.00000000000 2.53125000000 0.00625000000 0.69444131456 -1.75780457747
-1.00000000000 0.00000000000 2.53125000000 0.00750000000 0.69471331541 -1.75849307962
-1.00000000000 0.00000000000 2.53125000000 0.00875000000 0.69498990051 -1.75919318565
-1.00000000000 0.00000000000 2.54687500000 -0.01000000000 0.69133113562 -1.76073398604
-1.00000000000 0.00000000000 2.54687500000 -0.00875000000 0.69154271750 -1.76127285863
-1.00000000000 0.00000000000 2.54687500000 -0.00750000000 0.69175878852 -1.76182316452
-1.00000000000 0.00000000000 2.54687500000 -0.00625000000 0.69197935461 -1.76238491876
-1.00000000000 0.00000000000 2.54687500000 -0.00500000000 0.69220442175 -1.76295813664
-1.00000000000 0.00000000000 2.54687500000 -0.00375000000 0.69243399606 -1.76354283372
-1.00000000000 0.00000000000 2.54687500000 -0.00250000000 0.69266808376 -1.76413902583
-1.00000000000 0.00000000000 2.54687500000 -0.00125000000 0.69290669117 -1.76474672907
-1.00000000000 0.00000000000 2.54687500000 0.00000000000 0.69314982471 -1.76536595980
-1.00000000000 0.00000000000 2.54687500000 0.00125000000 0.69339749091 -1.76599673466
-1.00000000000 0.00000000000 2.54687500000 0.00250000000 0.69364969641 -1.76663907056
-1.00000000000 0.00000000000 2.54687500000 0.00375000000 0.69390644797 -1.76729298467
-1.00000000000 0.00000000000 2.54687500000 0.00500000000 0.69416775242 -1.76795849445
-1.00000000000 0.00000000000 2.54687500000 0.00625000000 0.69443361674 -1.76863561763
-1.00000000000 0.00000000000 2.54687500000 0.00750000000 0.69470404798 -1.76932437221
-1.00000000000 0.00000000000 2.54687500000 0.00875000000 0.69497905334 -1.77002477646
-1.00000000000 0.00000000000 2.56250000000 -0.01000000000 0.69134280106 -1.77156592771
-1.00000000000 0.00000000000 2.56250000000 -0.00875000000 0.69155295772 -1.77210445415
-1.00000000000 0.00000000000 2.56250000000 -0.00750000000 0.69176759421 -1.77265446017
-1.00000000000 0.00000000000 2.56250000000 -0.00625000000 0.69198671640 -1.77321596076
-1.00000000000 0.00000000000 2.56250000000 -0.00500000000 0.69221033022 -1.77378897120
-1.00000000000 0.00000000000 2.56250000000 -0.00375000000 0.69243844175 -1.77437350699
-1.00000000000 0.00000000000 2.56250000000 -0.00250000000 0.69267105714 -1.77496958393
-1.00000000000 0.00000000000 2.56250000000 -0.00125000000 0.69290818267 -1.77557721810
-1.00000000000 0.00000000000 2.56250000000 0.00000000000 0.69314982471 -1.77619642581
-1.00000000000 0.00000000000 2.56250000000 0.00125000000 0.69339598973 -1.77682722368
-1.00000000000 0.00000000000 2.56250000000 0.00250000000 0.69364668432 -1.77746962857
-1.00000000000 0.00000000000 2.56250000000 0.00375000000 0.69390191517 -1.77812365763
-1.00000000000 0.00000000000 2.56250000000 0.00500000000 0.69416168909 -1.77878932829
-1.00000000000 0.00000000000 2.56250000000 0.00625000000 0.69442601297 -1.77946665824
-1.00000000000 0.00000000000 2.56250000000 0.00750000000 0.69469489383 -1.78015566544
-1.00000000000 0.00000000000 2.56250000000 0.00875000000 0.69496833879 -1.78085636815
-1.00000000000 0.00000000000 2.57812500000 -0.01000000000 0.69135432550 -1.78239787042
-1.00000000000 0.00000000000 2.57812500000 -0.00875000000 0.69156307412 -1.78293605048
-1.00000000000 0.00000000000 2.57812500000 -0.00750000000 0.69177629340 -1.78348575641
-1.00000000000 0.00000000000 2.57812500000 -0.00625000000 0.69199398911 -1.78404700318
-1.00000000000 0.00000000000 2.57812500000 -0.00500000000 0.69221616718 -1.78461980602
-1.00000000000 0.00000000000 2.57812500000 -0.00375000000 0.69244283361 -1.78520418040
-1.00000000000 0.00000000000 2.57812500000 -0.00250000000 0.69267399451 -1.78580014210
-1.00000000000 0.00000000000 2.57812500000 -0.00125000000 0.69290965610 -1.78640770714
-1.00000000000 0.00000000000 2.57812500000 0.00000000000 0.69314982471 -1.78702689182
-1.00000000000 0.00000000000 2.57812500000 0.00125000000 0.69339450675 -1.78765771271
-1.00000000000 0.00000000000 2.57812500000 0.00250000000 0.69364370876 -1.78830018665
-1.00000000000 0.00000000000 2.57812500000 0.00375000000 0.69389743738 -1.78895433075
-1.00000000000 0.00000000000 2.57812500000 0.00500000000 0.69415569936 -1.78962016241
-1.00000000000 0.00000000000 2.57812500000 0.00625000000 0.69441850154 -1.79029769927
-1.00000000000 0.00000000000 2.57812500000 0.00750000000 0.69468585088 -1.79098695930
-1.00000000000 0.00000000000 2.57812500000 0.00875000000 0.69495775445 -1.79168796069
-1.00000000000 0.00000000000 2.59375000000 -0.01000000000 0.69136571149 -1.79322981417
-1.00000000000 0.00000000000 2.59375000000 -0.00875000000 0.69157306895 -1.79376764760
-1.00000000000 0.00000000000 2.59375000000 -0.00750000000 0.69178488800 -1.79431705324
-1.00000000000 0.00000000000 2.59375000000 -0.00625000000 0.69200117436 -1.79487804601
-1.00000000000 0.00000000000 2.59375000000 -0.00500000000 0.69222193392 -1.79545064110
-1.00000000000 0.00000000000 2.59375000000 -0.00375000000 0.69244717261 -1.79603485397
-1.00000000000 0.00000000000 2.59375000000 -0.00250000000 0.69267689652 -1.79663070034
-1.00000000000 0.00000000000 2.59375000000 -0.00125000000 0.69291111179 -1.79723819620
-1.00000000000 0.00000000000 2.59375000000 0.00000000000 0.69314982471 -1.79785735783
-1.00000000000 0.00000000000 2.59375000000 0.00125000000 0.69339304164 -1.79848820176
-1.00000000000 0.00000000000 2.59375000000 0.00250000000 0.69364076908 -1.79913074480
-1.00000000000 0.00000000000 2.59375000000 0.00375000000 0.69389301360 -1.79978500402
-1.00000000000 0.00000000000 2.59375000000 0.00500000000 0.69414978190 -1.80045099679
-1.00000000000 0.00000000000 2.59375000000 0.00625000000 0.69441108077 -1.80112874074
-1.00000000000 0.00000000000 2.59375000000 0.00750000000 0.69467691712 -1.80181825377
-1.00000000000 0.00000000000 2.59375000000 0.00875000000 0.69494729796 -1.80251955408
-1.00000000000 0.00000000000 2.60937500000 -0.01000000000 0.69137696151 -1.80406175893
-1.00000000000 0.00000000000 2.60937500000 -0.00875000000 0.69158294439 -1.80459924550
-1.00000000000 0.00000000000 2.60937500000 -0.00750000000 0.69179337989 -1.80514835064
-1.00000000000 0.00000000000 2.60937500000 -0.00625000000 0.69200827372 -1.80570908924
-1.00000000000 0.00000000000 2.60937500000 -0.00500000000 0.69222763169 -1.80628147644
-1.00000000000 0.00000000000 2.60937500000 -0.00375000000 0.69245145971 -1.80686552768
-1.00000000000 0.00000000000 2.60937500000 -0.00250000000 0.69267976379 -1.80746125864
-1.00000000000 0.00000000000 2.60937500000 -0.00125000000 0.69291255005 -1.80806868528
-1.00000000000 0.00000000000 2.60937500000 0.00000000000 0.69314982471 -1.80868782384
-1.00000000000 0.00000000000 2.60937500000 0.00125000000 0.69339159409 -1.80931869083
-1.00000000000 0.00000000000 2.60937500000 0.00250000000 0.69363786463 -1.80996130301
-1.00000000000 0.00000000000 2.60937500000 0.00375000000 0.69388864285 -1.81061567744
-1.00000000000 0.00000000000 2.60937500000 0.00500000000 0.69414393540 -1.81128183144
-1.00000000000 0.00000000000 2.60937500000 0.00625000000 0.69440374903 -1.81195978262
-1.00000000000 0.00000000000 2.60937500000 0.00750000000 0.69466809058 -1.81264954885
-1.00000000000 0.00000000000 2.60937500000 0.00875000000 0.69493696701 -1.81335114829
-1.00000000000 0.00000000000 2.62500000000 -0.01000000000 0.69138807798 -1.81489370469
-1.00000000000 0.00000000000 2.62500000000 -0.00875000000 0.69159270254 -1.81543084417
-1.00000000000 0.00000000000 2.62500000000 -0.00750000000 0.69180177090 -1.81597964861
-1.00000000000 0.00000000000 2.62500000000 -0.00625000000 0.69201528871 -1.81654013286
-1.00000000000 0.00000000000 2.62500000000 -0.00500000000 0.69223326173 -1.81711231203
-1.00000000000 0.00000000000 2.62500000000 -0.00375000000 0.69245569582 -1.81769620153
-1.00000000000 0.00000000000 2.62500000000 -0.00250000000 0.69268259695 -1.81829181700
-1.00000000000 0.00000000000 2.62500000000 -0.00125000000 0.69291397119 -1.81889917437
-1.00000000000 0.00000000000 2.62500000000 0.00000000000 0.69314982471 -1.81951828985
-1.00000000000 0.00000000000 2.62500000000 0.00125000000 0.69339016378 -1.82014917991
-1.00000000000 0.00000000000 2.62500000000 0.00250000000 0.69363499478 -1.82079186129
-1.00000000000 0.00000000000 2.62500000000 0.00375000000 0.69388432419 -1.82144635101
-1.00000000000 0.00000000000 2.62500000000 0.00500000000 0.69413815861 -1.82211266636
-1.00000000000 0.00000000000 2.62500000000 0.00625000000 0.69439650473 -1.82279082492
-1.00000000000 0.00000000000 2.62500000000 0.00750000000 0.69465936934 -1.82348084453
-1.00000000000 0.00000000000 2.62500000000 0.00875000000 0.69492675936 -1.82418274332
-1.00000000000 0.00000000000 2.64062500000 -0.01000000000 0.69139906326 -1.82572565143
-1.00000000000 0.00000000000 2.64062500000 -0.00875000000 0.69160234550 -1.82626244360
-1.00000000000 0.00000000000 2.64062500000 -0.00750000000 0.69181006282 -1.82681094714
-1.00000000000 0.00000000000 2.64062500000 -0.00625000000 0.69202222083 -1.82737117687
-1.00000000000 0.00000000000 2.64062500000 -0.00500000000 0.69223882523 -1.82794314788
-1.00000000000 0.00000000000 2.64062500000 -0.00375000000 0.69245988185 -1.82852687552
-1.00000000000 0.00000000000 2.64062500000 -0.00250000000 0.69268539661 -1.82912237543
-1.00000000000 0.00000000000 2.64062500000 -0.00125000000 0.69291537552 -1.82972966348
-1.00000000000 0.00000000000 2.64062500000 0.00000000000 0.69314982471 -1.83034875587
-1.00000000000 0.00000000000 2.64062500000 0.00125000000 0.69338875039 -1.83097966901
-1.00000000000 0.00000000000 2.64062500000 0.00250000000 0.69363215891 -1.83162241963
-1.00000000000 0.00000000000 2.64062500000 0.00375000000 0.69388005670 -1.83227702472
-1.00000000000 0.00000000000 2.64062500000 0.00500000000 0.69413245028 -1.83294350153
-1.00000000000 0.00000000000 2.64062500000 0.00625000000 0.69438934632 -1.83362186762
-1.00000000000 0.00000000000 2.64062500000 0.00750000000 0.69465075154 -1.83431214079
-1.00000000000 0.00000000000 2.64062500000 0.00875000000 0.69491667281 -1.83501433915
-1.00000000000 0.00000000000 2.65625000000 -0.01000000000 0.69140991967 -1.83655759913
-1.00000000000 0.00000000000 2.65625000000 -0.00875000000 0.69161187530 -1.83709404376
-1.00000000000 0.00000000000 2.65625000000 -0.00750000000 0.69181825739 -1.83764224620
-1.00000000000 0.00000000000 2.65625000000 -0.00625000000 0.69202907153 -1.83820222126
-1.00000000000 0.00000000000 2.65625000000 -0.00500000000 0.69224432338 -1.83877398397
-1.00000000000 0.00000000000 2.65625000000 -0.00375000000 0.69246401869 -1.83935754965
-1.00000000000 0.00000000000 2.65625000000 -0.00250000000 0.69268816336 -1.83995293391
-1.00000000000 0.00000000000 2.65625000000 -0.00125000000 0.69291676334 -1.84056015261
-1.00000000000 0.00000000000 2.65625000000 0.00000000000 0.69314982471 -1.84117922188
-1.00000000000 0.00000000000 2.65625000000 0.00125000000 0.69338735365 -1.84181015812
-1.00000000000 0.00000000000 2.65625000000 0.00250000000 0.69362935644 -1.84245297804
-1.00000000000 0.00000000000 2.65625000000 0.00375000000 0.69387583946 -1.84310769857
-1.00000000000 0.00000000000 2.65625000000 0.00500000000 0.69412680921 -1.84377433696
-1.00000000000 0.00000000000 2.65625000000 0.00625000000 0.69438227227 -1.84445291071
-1.00000000000 0.00000000000 2.65625000000 0.00750000000 0.69464223534 -1.84514343762
-1.00000000000 0.00000000000 2.65625000000 0.00875000000 0.69490670523 -1.84584593576
-1.00000000000 0.00000000000 2.67187500000 -0.01000000000 0.69142064946 -1.84738954777
-1.00000000000 0.00000000000 2.67187500000 -0.00875000000 0.69162129390 -1.84792564464
-1.00000000000 0.00000000000 2.67187500000 -0.00750000000 0.69182635633 -1.84847354581
-1.00000000000 0.00000000000 2.67187500000 -0.00625000000 0.69203584225 -1.84903326602
-1.00000000000 0.00000000000 2.67187500000 -0.00500000000 0.69224975730 -1.84960482029
-1.00000000000 0.00000000000 2.67187500000 -0.00375000000 0.69246810720 -1.85018822392
-1.00000000000 0.00000000000 2.67187500000 -0.00250000000 0.69269089776 -1.85078349246
-1.00000000000 0.00000000000 2.67187500000 -0.00125000000 0.69291813492 -1.85139064175
-1.00000000000 0.00000000000 2.67187500000 0.00000000000 0.69314982471 -1.85200968789
-1.00000000000 0.00000000000 2.67187500000 0.00125000000 0.69338597324 -1.85264064725
-1.00000000000 0.00000000000 2.67187500000 0.00250000000 0.69362658676 -1.85328353650
-1.00000000000 0.00000000000 2.67187500000 0.00375000000 0.69387167160 -1.85393837256
-1.00000000000 0.00000000000 2.67187500000 0.00500000000 0.69412123420 -1.85460517263
-1.00000000000 0.00000000000 2.67187500000 0.00625000000 0.69437528110 -1.85528395420
-1.00000000000 0.00000000000 2.67187500000 0.00750000000 0.69463381896 -1.85597473502
-1.00000000000 0.00000000000 2.67187500000 0.00875000000 0.69489685451 -1.85667753314
-1.00000000000 0.00000000000 2.68750000000 -0.01000000000 0.69143125482 -1.85822149734
-1.00000000000 0.00000000000 2.68750000000 -0.00875000000 0.69163060325 -1.85875724624
-1.00000000000 0.00000000000 2.68750000000 -0.00750000000 0.69183436128 -1.85930484594
-1.00000000000 0.00000000000 2.68750000000 -0.00625000000 0.69204253438 -1.85986431115
-1.00000000000 0.00000000000 2.68750000000 -0.00500000000 0.69225512813 -1.86043565686
-1.00000000000 0.00000000000 2.68750000000 -0.00375000000 0.69247214821 -1.86101889832
-1.00000000000 0.00000000000 2.68750000000 -0.00250000000 0.69269360040 -1.86161405107
-1.00000000000 0.00000000000 2.68750000000 -0.00125000000 0.69291949057 -1.86222113090
-1.00000000000 0.00000000000 2.68750000000 0.00000000000 0.69314982471 -1.86284015390
-1.00000000000 0.00000000000 2.68750000000 0.00125000000 0.69338460889 -1.86347113640
-1.00000000000 0.00000000000 2.68750000000 0.00250000000 0.69362384931 -1.86411409503
-1.00000000000 0.00000000000 2.68750000000 0.00375000000 0.69386755226 -1.86476904669
-1.00000000000 0.00000000000 2.68750000000 0.00500000000 0.69411572411 -1.86543600855
-1.00000000000 0.00000000000 2.68750000000 0.00625000000 0.69436837137 -1.86611499807
-1.00000000000 0.00000000000 2.68750000000 0.00750000000 0.69462550064 -1.86680603297
-1.00000000000 0.00000000000 2.68750000000 0.00875000000 0.69488711862 -1.86750913128
-1.00000000000 0.00000000000 2.70312500000 -0.01000000000 0.69144173792 -1.86905344782
-1.00000000000 0.00000000000 2.70312500000 -0.00875000000 0.69163980524 -1.86958884855
-1.00000000000 0.00000000000 2.70312500000 -0.00750000000 0.69184227388 -1.87013614659
-1.00000000000 0.00000000000 2.70312500000 -0.00625000000 0.69204914928 -1.87069535664
-1.00000000000 0.00000000000 2.70312500000 -0.00500000000 0.69226043696 -1.87126649365
-1.00000000000 0.00000000000 2.70312500000 -0.00375000000 0.69247614256 -1.87184957285
-1.00000000000 0.00000000000 2.70312500000 -0.00250000000 0.69269627181 -1.87244460974
-1.00000000000 0.00000000000 2.70312500000 -0.00125000000 0.69292083055 -1.87305162007
-1.00000000000 0.00000000000 2.70312500000 0.00000000000 0.69314982471 -1.87367061991
-1.00000000000 0.00000000000 2.70312500000 0.00125000000 0.69338326032 -1.87430162556
-1.00000000000 0.00000000000 2.70312500000 0.00250000000 0.69362114353 -1.87494465362
-1.00000000000 0.00000000000 2.70312500000 0.00375000000 0.69386348058 -1.87559972095
-1.00000000000 0.00000000000 2.70312500000 0.00500000000 0.69411027781 -1.87626684471
-1.00000000000 0.00000000000 2.70312500000 0.00625000000 0.69436154167 -1.87694604231
-1.00000000000 0.00000000000 2.70312500000 0.00750000000 0.69461727869 -1.87763733147
-1.00000000000 0.00000000000 2.70312500000 0.00875000000 0.69487749555 -1.87834073017
-1.00000000000 0.00000000000 2.71875000000 -0.01000000000 0.69145210086 -1.87988539920
-1.00000000000 0.00000000000 2.71875000000 -0.00875000000 0.69164890171 -1.88042045154
-1.00000000000 0.00000000000 2.71875000000 -0.00750000000 0.69185009572 -1.88096744775
-1.00000000000 0.00000000000 2.71875000000 -0.00625000000 0.69205568827 -1.88152640249
-1.00000000000 0.00000000000 2.71875000000 -0.00500000000 0.69226568485 -1.88209733068
-1.00000000000 0.00000000000 2.71875000000 -0.00375000000 0.69248009104 -1.88268024751
-1.00000000000 0.00000000000 2.71875000000 -0.00250000000 0.69269891254 -1.88327516846
-1.00000000000 0.00000000000 2.71875000000 -0.00125000000 0.69292215513 -1.88388210926
-1.00000000000 0.00000000000 2.71875000000 0.00000000000 0.69314982471 -1.88450108592
-1.00000000000 0.00000000000 2.71875000000 0.00125000000 0.69338192726 -1.88513211473
-1.00000000000 0.00000000000 2.71875000000 0.00250000000 0.69361846888 -1.88577521226
-1.00000000000 0.00000000000 2.71875000000 0.00375000000 0.69385945576 -1.88643039535
-1.00000000000 0.00000000000 2.71875000000 0.00500000000 0.69410489420 -1.88709768110
-1.00000000000 0.00000000000 2.71875000000 0.00625000000 0.69435479059 -1.88777708693
-1.00000000000 0.00000000000 2.71875000000 0.00750000000 0.69460915145 -1.88846863050
-1.00000000000 0.00000000000 2.71875000000 0.00875000000 0.69486798337 -1.88917232978
-1.00000000000 0.00000000000 2.73437500000 -0.01000000000 0.69146234568 -1.89071735146
-1.00000000000 0.00000000000 2.73437500000 -0.00875000000 0.69165789447 -1.89125205520
-1.00000000000 0.00000000000 2.73437500000 -0.00750000000 0.69185782835 -1.89179874940
-1.00000000000 0.00000000000 2.73437500000 -0.00625000000 0.69206215266 -1.89235744868
-1.00000000000 0.00000000000 2.73437500000 -0.00500000000 0.69227087284 -1.89292816792
-1.00000000000 0.00000000000 2.73437500000 -0.00375000000 0.69248399444 -1.89351092230
-1.00000000000 0.00000000000 2.73437500000 -0.00250000000 0.69270152311 -1.89410572724
-1.00000000000 0.00000000000 2.73437500000 -0.00125000000 0.69292346458 -1.89471259846
-1.00000000000 0.00000000000 2.73437500000 0.00000000000 0.69314982471 -1.89533155193
-1.00000000000 0.00000000000 2.73437500000 0.00125000000 0.69338060943 -1.89596260392
-1.00000000000 0.00000000000 2.73437500000 0.00250000000 0.69361582481 -1.89660577096
-1.00000000000 0.00000000000 2.73437500000 0.00375000000 0.69385547698 -1.89726106987
-1.00000000000 0.00000000000 2.73437500000 0.00500000000 0.69409957220 -1.89792851773
-1.00000000000 0.00000000000 2.73437500000 0.00625000000 0.69434811681 -1.89860813191
-1.00000000000 0.00000000000 2.73437500000 0.00750000000 0.69460111728 -1.89929993006
-1.00000000000 0.00000000000 2.73437500000 0.00875000000 0.69485858016 -1.90000393012
-1.00000000000 0.00000000000 2.75000000000 -0.01000000000 0.69147247440 -1.90154930459
-1.00000000000 0.00000000000 2.75000000000 -0.00875000000 0.69166678529 -1.90208365954
-1.00000000000 0.00000000000 2.75000000000 -0.00750000000 0.69186547329 -1.90263005155
-1.00000000000 0.00000000000 2.75000000000 -0.00625000000 0.69206854371 -1.90318849522
-1.00000000000 0.00000000000 2.75000000000 -0.00500000000 0.69227600196 -1.90375900539
-1.00000000000 0.00000000000 2.75000000000 -0.00375000000 0.69248785353 -1.90434159721
-1.00000000000 0.00000000000 2.75000000000 -0.00250000000 0.69270410403 -1.90493628608
-1.00000000000 0.00000000000 2.75000000000 -0.00125000000 0.69292475915 -1.90554308767
-1.00000000000 0.00000000000 2.75000000000 0.00000000000 0.69314982471 -1.90616201794
-1.00000000000 0.00000000000 2.75000000000 0.00125000000 0.69337930659 -1.90679309313
-1.00000000000 0.00000000000 2.75000000000 0.00250000000 0.69361321081 -1.90743632972
-1.00000000000 0.00000000000 2.75000000000 0.00375000000 0.69385154346 -1.90809174452
-1.00000000000 0.00000000000 2.75000000000 0.00500000000 0.69409431076 -1.90875935458
-1.00000000000 0.00000000000 2.75000000000 0.00625000000 0.69434151900 -1.90943917724
-1.00000000000 0.00000000000 2.75000000000 0.00750000000 0.69459317459 -1.91013123013
-1.00000000000 0.00000000000 2.75000000000 0.00875000000 0.69484928406 -1.91083553116
-1.00000000000 0.00000000000 2.76562500000 -0.01000000000 0.69148248897 -1.91238125856
-1.00000000000 0.00000000000 2.76562500000 -0.00875000000 0.69167557587 -1.91291526453
-1.00000000000 0.00000000000 2.76562500000 -0.00750000000 0.69187303202 -1.91346135418
-1.00000000000 0.00000000000 2.76562500000 -0.00625000000 0.69207486268 -1.91401954209
-1.00000000000 0.00000000000 2.76562500000 -0.00500000000 0.69228107320 -1.91458984308
-1.00000000000 0.00000000000 2.76562500000 -0.00375000000 0.69249166906 -1.91517227224
-1.00000000000 0.00000000000 2.76562500000 -0.00250000000 0.69270665581 -1.91576684497
-1.00000000000 0.00000000000 2.76562500000 -0.00125000000 0.69292603910 -1.91637357690
-1.00000000000 0.00000000000 2.76562500000 0.00000000000 0.69314982471 -1.91699248395
-1.00000000000 0.00000000000 2.76562500000 0.00125000000 0.69337801847 -1.91762358234
-1.00000000000 0.00000000000 2.76562500000 0.00250000000 0.69361062636 -1.91826688854
-1.00000000000 0.00000000000 2.76562500000 0.00375000000 0.69384765444 -1.91892241930
-1.00000000000 0.00000000000 2.76562500000 0.00500000000 0.69408910885 -1.91959019166
-1.00000000000 0.00000000000 2.76562500000 0.00625000000 0.69433499586 -1.92027022293
-1.00000000000 0.00000000000 2.76562500000 0.00750000000 0.69458532184 -1.92096253072
-1.00000000000 0.00000000000 2.76562500000 0.00875000000 0.69484009325 -1.92166713289
-1.00000000000 0.00000000000 2.78125000000 -0.01000000000 0.69149239133 -1.92321321338
-1.00000000000 0.00000000000 2.78125000000 -0.00875000000 0.69168426792 -1.92374687016
-1.00000000000 0.00000000000 2.78125000000 -0.00750000000 0.69188050599 -1.92429265729
-1.00000000000 0.00000000000 2.78125000000 -0.00625000000 0.69208111076 -1.92485058929
-1.00000000000 0.00000000000 2.78125000000 -0.00500000000 0.69228608754 -1.92542068097
-1.00000000000 0.00000000000 2.78125000000 -0.00375000000 0.69249544176 -1.92600294740
-1.00000000000 0.00000000000 2.78125000000 -0.00250000000 0.69270917893 -1.92659740391
-1.00000000000 0.00000000000 2.78125000000 -0.00125000000 0.69292730468 -1.92720406614
-1.00000000000 0.00000000000 2.78125000000 0.00000000000 0.69314982471 -1.92782294997
-1.00000000000 0.00000000000 2.78125000000 0.00125000000 0.69337674484 -1.92845407157
-1.00000000000 0.00000000000 2.78125000000 0.00250000000 0.69360807098 -1.92909744741
-1.00000000000 0.00000000000 2.78125000000 0.00375000000 0.69384380915 -1.92975309420
-1.00000000000 0.00000000000 2.78125000000 0.00500000000 0.69408396547 -1.93042102896
-1.00000000000 0.00000000000 2.78125000000 0.00625000000 0.69432854614 -1.93110126897
-1.00000000000 0.00000000000 2.78125000000 0.00750000000 0.69457755750 -1.93179383180
-1.00000000000 0.00000000000 2.78125000000 0.00875000000 0.69483100595 -1.93249873531
-1.00000000000 0.00000000000 2.79687500000 -0.01000000000 0.69150218333 -1.93404516901
-1.00000000000 0.00000000000 2.79687500000 -0.00875000000 0.69169286308 -1.93457847642
-1.00000000000 0.00000000000 2.79687500000 -0.00750000000 0.69188789662 -1.93512396086
-1.00000000000 0.00000000000 2.79687500000 -0.00625000000 0.69208728914 -1.93568163682
-1.00000000000 0.00000000000 2.79687500000 -0.00500000000 0.69229104593 -1.93625151908
-1.00000000000 0.00000000000 2.79687500000 -0.00375000000 0.69249917235 -1.93683362267
-1.00000000000 0.00000000000 2.79687500000 -0.00250000000 0.69271167389 -1.93742796291
-1.00000000000 0.00000000000 2.79687500000 -0.00125000000 0.69292855612 -1.93803455539
-1.00000000000 0.00000000000 2.79687500000 0.00000000000 0.69314982471 -1.93865341598
-1.00000000000 0.00000000000 2.79687500000 0.00125000000 0.69337548543 -1.93928456082
-1.00000000000 0.00000000000 2.79687500000 0.00250000000 0.69360554416 -1.93992800633
-1.00000000000 0.00000000000 2.79687500000 0.00375000000 0.69384000687 -1.94058376922
-1.00000000000 0.00000000000 2.79687500000 0.00500000000 0.69407887963 -1.94125186647
-1.00000000000 0.00000000000 2.79687500000 0.00625000000 0.69432216861 -1.94193231534
-1.00000000000 0.00000000000 2.79687500000 0.00750000000 0.69456988009 -1.94262513337
-1.00000000000 0.00000000000 2.79687500000 0.00875000000 0.69482202043 -1.94333033840
-1.00000000000 0.00000000000 2.81250000000 -0.01000000000 0.69151186683 -1.94487712546
-1.00000000000 0.00000000000 2.81250000000 -0.00875000000 0.69170136295 -1.94541008331
-1.00000000000 0.00000000000 2.81250000000 -0.00750000000 0.69189520529 -1.94595526489
-1.00000000000 0.00000000000 2.81250000000 -0.00625000000 0.69209339899 -1.94651268467
-1.00000000000 0.00000000000 2.81250000000 -0.00500000000 0.69229594929 -1.94708235739
-1.00000000000 0.00000000000 2.81250000000 -0.00375000000 0.69250286153 -1.94766429806
-1.00000000000 0.00000000000 2.81250000000 -0.00250000000 0.69271414114 -1.94825852196
-1.00000000000 0.00000000000 2.81250000000 -0.00125000000 0.69292979365 -1.94886504465
-1.00000000000 0.00000000000 2.81250000000 0.00000000000 0.69314982471 -1.94948388199
-1.00000000000 0.00000000000 2.81250000000 0.00125000000 0.69337424003 -1.95011505007
-1.00000000000 0.00000000000 2.81250000000 0.00250000000 0.69360304544 -1.95075856531
-1.00000000000 0.00000000000 2.81250000000 0.00375000000 0.69383624688 -1.95141444436
-1.00000000000 0.00000000000 2.81250000000 0.00500000000 0.69407385038 -1.95208270420
-1.00000000000 0.00000000000 2.81250000000 0.00625000000 0.69431586206 -1.95276336204
-1.00000000000 0.00000000000 2.81250000000 0.00750000000 0.69456228815 -1.95345643543
-1.00000000000 0.00000000000 2.81250000000 0.00875000000 0.69481313499 -1.95416194215
-1.00000000000 0.00000000000 2.82812500000 -0.01000000000 0.69152144361 -1.95570908270
-1.00000000000 0.00000000000 2.82812500000 -0.00875000000 0.69170976912 -1.95624169081
-1.00000000000 0.00000000000 2.82812500000 -0.00750000000 0.69190243337 -1.95678656937
-1.00000000000 0.00000000000 2.82812500000 -0.00625000000 0.69209944144 -1.95734373284
-1.00000000000 0.00000000000 2.82812500000 -0.00500000000 0.69230079855 -1.95791319590
-1.00000000000 0.00000000000 2.82812500000 -0.00375000000 0.69250650999 -1.95849497356
-1.00000000000 0.00000000000 2.82812500000 -0.00250000000 0.69271658115 -1.95908908106
-1.00000000000 0.00000000000 2.82812500000 -0.00125000000 0.69293101752 -1.95969553393
-1.00000000000 0.00000000000 2.82812500000 0.00000000000 0.69314982471 -1.96031434800
-1.00000000000 0.00000000000 2.82812500000 0.00125000000 0.69337300839 -1.96094553934
-1.00000000000 0.00000000000 2.82812500000 0.00250000000 0.69360057435 -1.96158912433
-1.00000000000 0.00000000000 2.82812500000 0.00375000000 0.69383252848 -1.96224511962
-1.00000000000 0.00000000000 2.82812500000 0.00500000000 0.69406887678 -1.96291354213
-1.00000000000 0.00000000000 2.82812500000 0.00625000000 0.69430962531 -1.96359440908
-1.00000000000 0.00000000000 2.82812500000 0.00750000000 0.69455478027 -1.96428773796
-1.00000000000 0.00000000000 2.82812500000 0.00875000000 0.69480434795 -1.96499354655
-1.00000000000 0.00000000000 2.84375000000 -0.01000000000 0.69153091542 -1.96654104073
-1.00000000000 0.00000000000 2.84375000000 -0.00875000000 0.69171808313 -1.96707329891
-1.00000000000 0.00000000000 2.84375000000 -0.00750000000 0.69190958217 -1.96761787430
-1.00000000000 0.00000000000 2.84375000000 -0.00625000000 0.69210541760 -1.96817478131
-1.00000000000 0.00000000000 2.84375000000 -0.00500000000 0.69230559459 -1.96874403462
-1.00000000000 0.00000000000 2.84375000000 -0.00375000000 0.69251011839 -1.96932564917
-1.00000000000 0.00000000000 2.84375000000 -0.00250000000 0.69271899436 -1.96991964021
-1.00000000000 0.00000000000 2.84375000000 -0.00125000000 0.69293222795 -1.97052602322
-1.00000000000 0.00000000000 2.84375000000 0.00000000000 0.69314982471 -1.97114481401
-1.00000000000 0.00000000000 2.84375000000 0.00125000000 0.69337179029 -1.97177602862
-1.00000000000 0.00000000000 2.84375000000 0.00250000000 0.69359813043 -1.97241968341
-1.00000000000 0.00000000000 2.84375000000 0.00375000000 0.69382885099 -1.97307579499
-1.00000000000 0.00000000000 2.84375000000 0.00500000000 0.69406395790 -1.97374438027
-1.00000000000 0.00000000000 2.84375000000 0.00625000000 0.69430345721 -1.97442545644
-1.00000000000 0.00000000000 2.84375000000 0.00750000000 0.69454735506 -1.97511904096
-1.00000000000 0.00000000000 2.84375000000 0.00875000000 0.69479565770 -1.97582515159
-1.00000000000 0.00000000000 2.85937500000 -0.01000000000 0.69154028399 -1.97737299952
-1.00000000000 0.00000000000 2.85937500000 -0.00875000000 0.69172630648 -1.97790490760
-1.00000000000 0.00000000000 2.85937500000 -0.00750000000 0.69191665300 -1.97844917966
-1.00000000000 0.00000000000 2.85937500000 -0.00625000000 0.69211132856 -1.97900583009
-1.00000000000 0.00000000000 2.85937500000 -0.00500000000 0.69231033828 -1.97957487353
-1.00000000000 0.00000000000 2.85937500000 -0.00375000000 0.69251368740 -1.98015632490
-1.00000000000 0.00000000000 2.85937500000 -0.00250000000 0.69272138121 -1.98075019941
-1.00000000000 0.00000000000 2.85937500000 -0.00125000000 0.69293342515 -1.98135651253
-1.00000000000 0.00000000000 2.85937500000 0.00000000000 0.69314982471 -1.98197528002
-1.00000000000 0.00000000000 2.85937500000 0.00125000000 0.69337058550 -1.98260651792
-1.00000000000 0.00000000000 2.85937500000 0.00250000000 0.69359571324 -1.98325024254
-1.00000000000 0.00000000000 2.85937500000 0.00375000000 0.69382521372 -1.98390647048
-1.00000000000 0.00000000000 2.85937500000 0.00500000000 0.69405909285 -1.98457521862
-1.00000000000 0.00000000000 2.85937500000 0.00625000000 0.69429735663 -1.98525650411
-1.00000000000 0.00000000000 2.85937500000 0.00750000000 0.69454001116 -1.98595034441
-1.00000000000 0.00000000000 2.85937500000 0.00875000000 0.69478706264 -1.98665675725
-1.00000000000 0.00000000000 2.87500000000 -0.01000000000 0.69154955098 -1.98820495907
-1.00000000000 0.00000000000 2.87500000000 -0.00875000000 0.69173444065 -1.98873651687
-1.00000000000 0.00000000000 2.87500000000 -0.00750000000 0.69192364711 -1.98928048546
-1.00000000000 0.00000000000 2.87500000000 -0.00625000000 0.69211717536 -1.98983687917
-1.00000000000 0.00000000000 2.87500000000 -0.00500000000 0.69231503048 -1.99040571263
-1.00000000000 0.00000000000 2.87500000000 -0.00375000000 0.69251721765 -1.99098700073
-1.00000000000 0.00000000000 2.87500000000 -0.00250000000 0.69272374214 -1.99158075865
-1.00000000000 0.00000000000 2.87500000000 -0.00125000000 0.69293460934 -1.99218700184
-1.00000000000 0.00000000000 2.87500000000 0.00000000000 0.69314982471 -1.99280574603
-1.00000000000 0.00000000000 2.87500000000 0.00125000000 0.69336939382 -1.99343700723
-1.00000000000 0.00000000000 2.87500000000 0.00250000000 0.69359332234 -1.99408080172
-1.00000000000 0.00000000000 2.87500000000 0.00375000000 0.69382161603 -1.99473714608
-1.00000000000 0.00000000000 2.87500000000 0.00500000000 0.69405428075 -1.99540605716
-1.00000000000 0.00000000000 2.87500000000 0.00625000000 0.69429132247 -1.99608755210
-1.00000000000 0.00000000000 2.87500000000 0.00750000000 0.69453274724 -1.99678164832
-1.00000000000 0.00000000000 2.87500000000 0.00875000000 0.69477856123 -1.99748836353
-1.00000000000 0.00000000000 2.89062500000 -0.01000000000 0.69155871805 -1.99903691937
-1.00000000000 0.00000000000 2.89062500000 -0.00875000000 0.69174248708 -1.99956812672
-1.00000000000 0.00000000000 2.89062500000 -0.00750000000 0.69193056577 -2.00011179167
-1.00000000000 0.00000000000 2.89062500000 -0.00625000000 0.69212295906 -2.00066792854
-1.00000000000 0.00000000000 2.89062500000 -0.00500000000 0.69231967201 -2.00123655192
-1.00000000000 0.00000000000 2.89062500000 -0.00375000000 0.69252070977 -2.00181767667
-1.00000000000 0.00000000000 2.89062500000 -0.00250000000 0.69272607756 -2.00241131795
-1.00000000000 0.00000000000 2.89062500000 -0.00125000000 0.69293578073 -2.00301749117
-1.00000000000 0.00000000000 2.89062500000 0.00000000000 0.69314982471 -2.00363621204
-1.00000000000 0.00000000000 2.89062500000 0.00125000000 0.69336821502 -2.00426749655
-1.00000000000 0.00000000000 2.89062500000 0.00250000000 0.69359095730 -2.00491136095
-1.00000000000 0.00000000000 2.89062500000 0.00375000000 0.69381805727 -2.00556782179
-1.00000000000 0.00000000000 2.89062500000 0.00500000000 0.69404952074 -2.00623689590
-1.00000000000 0.00000000000 2.89062500000 0.00625000000 0.69428535365 -2.00691860040
-1.00000000000 0.00000000000 2.89062500000 0.00750000000 0.69452556201 -2.00761295268
-1.00000000000 0.00000000000 2.89062500000 0.00875000000 0.69477015193 -2.00831997042
-1.00000000000 0.00000000000 2.90625000000 -0.01000000000 0.69156778680 -2.00986888040
-1.00000000000 0.00000000000 2.90625000000 -0.00875000000 0.69175044718 -2.01039973713
-1.00000000000 0.00000000000 2.90625000000 -0.00750000000 0.69193741017 -2.01094309830
-1.00000000000 0.00000000000 2.90625000000 -0.00625000000 0.69212868067 -2.01149897820
-1.00000000000 0.00000000000 2.90625000000 -0.00500000000 0.69232426371 -2.01206739139
-1.00000000000 0.00000000000 2.90625000000 -0.00375000000 0.69252416438 -2.01264835272
-1.00000000000 0.00000000000 2.90625000000 -0.00250000000 0.69272838789 -2.01324187729
-1.00000000000 0.00000000000 2.90625000000 -0.00125000000 0.69293693953 -2.01384798051
-1.00000000000 0.00000000000 2.90625000000 0.00000000000 0.69314982471 -2.01446667805
-1.00000000000 0.00000000000 2.90625000000 0.00125000000 0.69336704890 -2.01509798588
-1.00000000000 0.00000000000 2.90625000000 0.00250000000 0.69358861771 -2.01574192022
-1.00000000000 0.00000000000 2.90625000000 0.00375000000 0.69381453681 -2.01639849760
-1.00000000000 0.00000000000 2.90625000000 0.00500000000 0.69404481199 -2.01706773483
-1.00000000000 0.00000000000 2.90625000000 0.00625000000 0.69427944912 -2.01774964900
-1.00000000000 0.00000000000 2.90625000000 0.00750000000 0.69451845418 -2.01844425747
-1.00000000000 0.00000000000 2.90625000000 0.00875000000 0.69476183326 -2.01915157791
-1.00000000000 0.00000000000 2.92187500000 -0.01000000000 0.69157675881 -2.02070084215
-1.00000000000 0.00000000000 2.92187500000 -0.00875000000 0.69175832234 -2.02123134810
-1.00000000000 0.00000000000 2.92187500000 -0.00750000000 0.69194418151 -2.02177440534
-1.00000000000 0.00000000000 2.92187500000 -0.00625000000 0.69213434119 -2.02233002815
-1.00000000000 0.00000000000 2.92187500000 -0.00500000000 0.69232880635 -2.02289823106
-1.00000000000 0.00000000000 2.92187500000 -0.00375000000 0.69252758207 -2.02347902887
-1.00000000000 0.00000000000 2.92187500000 -0.00250000000 0.69273067352 -2.02407243668
-1.00000000000 0.00000000000 2.92187500000 -0.00125000000 0.69293808594 -2.02467846986
-1.00000000000 0.00000000000 2.92187500000 0.00000000000 0.69314982471 -2.02529714406
-1.00000000000 0.00000000000 2.92187500000 0.00125000000 0.69336589526 -2.02592847522
-1.00000000000 0.00000000000 2.92187500000 0.00250000000 0.69358630316 -2.02657247954
-1.00000000000 0.00000000000 2.92187500000 0.00375000000 0.69381105404 -2.02722917353
-1.00000000000 0.00000000000 2.92187500000 0.00500000000 0.69404015365 -2.02789857395
-1.00000000000 0.00000000000 2.92187500000 0.00625000000 0.69427360783 -2.02858069789
-1.00000000000 0.00000000000 2.92187500000 0.00750000000 0.69451142252 -2.02927556269
-1.00000000000 0.00000000000 2.92187500000 0.00875000000 0.69475360376 -2.02998318599
-1.00000000000 0.00000000000 2.93750000000 -0.01000000000 0.69158563561 -2.03153280461
-1.00000000000 0.00000000000 2.93750000000 -0.00875000000 0.69176611391 -2.03206295961
-1.00000000000 0.00000000000 2.93750000000 -0.00750000000 0.69195088095 -2.03260571279
-1.00000000000 0.00000000000 2.93750000000 -0.00625000000 0.69213994158 -2.03316107838
-1.00000000000 0.00000000000 2.93750000000 -0.00500000000 0.69233330073 -2.03372907090
-1.00000000000 0.00000000000 2.93750000000 -0.00375000000 0.69253096344 -2.03430970512
-1.00000000000 0.00000000000 2.93750000000 -0.00250000000 0.69273293485 -2.03490299611
-1.00000000000 0.00000000000 2.93750000000 -0.00125000000 0.69293922016 -2.03550895922
-1.00000000000 0.00000000000 2.93750000000 0.00000000000 0.69314982471 -2.03612761008
-1.00000000000 0.00000000000 2.93750000000 0.00125000000 0.69336475390 -2.03675896457
-1.00000000000 0.00000000000 2.93750000000 0.00250000000 0.69358401325 -2.03740303891
-1.00000000000 0.00000000000 2.93750000000 0.00375000000 0.69380760836 -2.03805984955
-1.00000000000 0.00000000000 2.93750000000 0.00500000000 0.69403554494 -2.03872941326
-1.00000000000 0.00000000000 2.93750000000 0.00625000000 0.69426782879 -2.03941174708
-1.00000000000 0.00000000000 2.93750000000 0.00750000000 0.69450446582 -2.04010686834
-1.00000000000 0.00000000000 2.93750000000 0.00875000000 0.69474546201 -2.04081479464
-1.00000000000 0.00000000000 2.95312500000 -0.01000000000 0.69159441872 -2.04236476777
-1.00000000000 0.00000000000 2.95312500000 -0.00875000000 0.69177382321 -2.04289457166
-1.00000000000 0.00000000000 2.95312500000 -0.00750000000 0.69195750963 -2.04343702063
-1.00000000000 0.00000000000 2.95312500000 -0.00625000000 0.69214548280 -2.04399212889
-1.00000000000 0.00000000000 2.95312500000 -0.00500000000 0.69233774761 -2.04455991092
-1.00000000000 0.00000000000 2.95312500000 -0.00375000000 0.69253430907 -2.04514038147
-1.00000000000 0.00000000000 2.95312500000 -0.00250000000 0.69273517226 -2.04573355559
-1.00000000000 0.00000000000 2.95312500000 -0.00125000000 0.69294034238 -2.04633944860
-1.00000000000 0.00000000000 2.95312500000 0.00000000000 0.69314982471 -2.04695807609
-1.00000000000 0.00000000000 2.95312500000 0.00125000000 0.69336362461 -2.04758945394
-1.00000000000 0.00000000000 2.95312500000 0.00250000000 0.69358174758 -2.04823359832
-1.00000000000 0.00000000000 2.95312500000 0.00375000000 0.69380419917 -2.04889052568
-1.00000000000 0.00000000000 2.95312500000 0.00500000000 0.69403098506 -2.04956025275
-1.00000000000 0.00000000000 2.95312500000 0.00625000000 0.69426211100 -2.05024279656
-1.00000000000 0.00000000000 2.95312500000 0.00750000000 0.69449758286 -2.05093817440
-1.00000000000 0.00000000000 2.95312500000 0.00875000000 0.69473740660 -2.05164640387
-1.00000000000 0.00000000000 2.96875000000 -0.01000000000 0.69160310960 -2.05319673162
-1.00000000000 0.00000000000 2.96875000000 -0.00875000000 0.69178145153 -2.05372618423
-1.00000000000 0.00000000000 2.96875000000 -0.00750000000 0.69196406867 -2.05426832886
-1.00000000000 0.00000000000 2.96875000000 -0.00625000000 0.69215096578 -2.05482317966
-1.00000000000 0.00000000000 2.96875000000 -0.00500000000 0.69234214774 -2.05539075111
-1.00000000000 0.00000000000 2.96875000000 -0.00375000000 0.69253761951 -2.05597105792
-1.00000000000 0.00000000000 2.96875000000 -0.00250000000 0.69273738614 -2.05656411512
-1.00000000000 0.00000000000 2.96875000000 -0.00125000000 0.69294145279 -2.05716993798
-1.00000000000 0.00000000000 2.96875000000 0.00000000000 0.69314982471 -2.05778854210
-1.00000000000 0.00000000000 2.96875000000 0.00125000000 0.69336250722 -2.05841994332
-1.00000000000 0.00000000000 2.96875000000 0.00250000000 0.69357950578 -2.05906415778
-1.00000000000 0.00000000000 2.96875000000 0.00375000000 0.69380082591 -2.05972120191
-1.00000000000 0.00000000000 2.96875000000 0.00500000000 0.69402647324 -2.06039109243
-1.00000000000 0.00000000000 2.96875000000 0.00625000000 0.69425645350 -2.06107384632
-1.00000000000 0.00000000000 2.96875000000 0.00750000000 0.69449077250 -2.06176948087
-1.00000000000 0.00000000000 2.96875000000 0.00875000000 0.69472943618 -2.06247801365
-1.00000000000 0.00000000000 2.98437500000 -0.01000000000 0.69161170970 -2.06402869615
-1.00000000000 0.00000000000 2.98437500000 -0.00875000000 0.69178900015 -2.06455779733
-1.00000000000 0.00000000000 2.98437500000 -0.00750000000 0.69197055915 -2.06509963747
-1.00000000000 0.00000000000 2.98437500000 -0.00625000000 0.69215639144 -2.06565423071
-1.00000000000 0.00000000000 2.98437500000 -0.00500000000 0.69234650186 -2.06622159147
-1.00000000000 0.00000000000 2.98437500000 -0.00375000000 0.69254089532 -2.06680173447
-1.00000000000 0.00000000000 2.98437500000 -0.00250000000 0.69273957686 -2.06739467468
-1.00000000000 0.00000000000 2.98437500000 -0.00125000000 0.69294255158 -2.06800042738
-1.00000000000 0.00000000000 2.98437500000 0.00000000000 0.69314982471 -2.06861900811
-1.00000000000 0.00000000000 2.98437500000 0.00125000000 0.69336140153 -2.06925043270
-1.00000000000 0.00000000000 2.98437500000 0.00250000000 0.69357728747 -2.06989471728
-1.00000000000 0.00000000000 2.98437500000 0.00375000000 0.69379748800 -2.07055187824
-1.00000000000 0.00000000000 2.98437500000 0.00500000000 0.69402200872 -2.07122193228
-1.00000000000 0.00000000000 2.98437500000 0.00625000000 0.69425085532 -2.07190489636
-1.00000000000 0.00000000000 2.98437500000 0.00750000000 0.69448403359 -2.07260078774
-1.00000000000 0.00000000000 2.98437500000 0.00875000000 0.69472154940 -2.07330962399
