-1.00000000000 0.00000000000 2.00000000000 -0.01000000000 0.69097502182 -1.38195004363
-1.00000000000 0.00000000000 2.00000000000 -0.00875000000 0.69125041703 -1.38250083406
-1.00000000000 0.00000000000 2.00000000000 -0.00750000000 0.69153073180 -1.38306146361
-1.00000000000 0.00000000000 2.00000000000 -0.00625000000 0.69181597445 -1.38363194891
-1.00000000000 0.00000000000 2.00000000000 -0.00500000000 0.69210615343 -1.38421230685
-1.00000000000 0.00000000000 2.00000000000 -0.00375000000 0.69240127730 -1.38480255459
-1.00000000000 0.00000000000 2.00000000000 -0.00250000000 0.69270135476 -1.38540270953
-1.00000000000 0.00000000000 2.00000000000 -0.00125000000 0.69300639466 -1.38601278932
-1.00000000000 0.00000000000 2.00000000000 0.00000000000 0.69331640595 -1.38663281189
-1.00000000000 0.00000000000 2.00000000000 0.00125000000 0.69363139771 -1.38726279542
-1.00000000000 0.00000000000 2.00000000000 0.00250000000 0.69395137918 -1.38790275836
-1.00000000000 0.00000000000 2.00000000000 0.00375000000 0.69427635970 -1.38855271939
-1.00000000000 0.00000000000 2.00000000000 0.00500000000 0.69460634875 -1.38921269750
-1.00000000000 0.00000000000 2.00000000000 0.00625000000 0.69494135596 -1.38988271191
-1.00000000000 0.00000000000 2.00000000000 0.00750000000 0.69528139106 -1.39056278213
-1.00000000000 0.00000000000 2.00000000000 0.00875000000 0.69562646395 -1.39125292791
-1.00000000000 0.00000000000 2.01562500000 -0.01000000000 0.69099387758 -1.39278453449
-1.00000000000 0.00000000000 2.01562500000 -0.00875000000 0.69126697236 -1.39333499117
-1.00000000000 0.00000000000 2.01562500000 -0.00750000000 0.69154497074 -1.39389533165
-1.00000000000 0.00000000000 2.01562500000 -0.00625000000 0.69182788094 -1.39446557251
-1.00000000000 0.00000000000 2.01562500000 -0.00500000000 0.69211571130 -1.39504573059
-1.00000000000 0.00000000000 2.01562500000 -0.00375000000 0.69240847031 -1.39563582298
-1.00000000000 0.00000000000 2.01562500000 -0.00250000000 0.69270616658 -1.39623586702
-1.00000000000 0.00000000000 2.01562500000 -0.00125000000 0.69300880884 -1.39684588031
-1.00000000000 0.00000000000 2.01562500000 0.00000000000 0.69331640595 -1.39746588073
-1.00000000000 0.00000000000 2.01562500000 0.00125000000 0.69362896690 -1.39809588640
-1.00000000000 0.00000000000 2.01562500000 0.00250000000 0.69394650081 -1.39873591569
-1.00000000000 0.00000000000 2.01562500000 0.00375000000 0.69426901694 -1.39938598727
-1.00000000000 0.00000000000 2.01562500000 0.00500000000 0.69459652466 -1.40004612003
-1.00000000000 0.00000000000 2.01562500000 0.00625000000 0.69492903350 -1.40071633315
-1.00000000000 0.00000000000 2.01562500000 0.00750000000 0.69526655309 -1.40139664608
-1.00000000000 0.00000000000 2.01562500000 0.00875000000 0.69560909322 -1.40208707852
-1.00000000000 0.00000000000 2.03125000000 -0.01000000000 0.69101244431 -1.40361902751
-1.00000000000 0.00000000000 2.03125000000 -0.00875000000 0.69128327381 -1.40416914994
-1.00000000000 0.00000000000 2.03125000000 -0.00750000000 0.69155899122 -1.40472920091
-1.00000000000 0.00000000000 2.03125000000 -0.00625000000 0.69183960466 -1.40529919697
-1.00000000000 0.00000000000 2.03125000000 -0.00500000000 0.69212512240 -1.40587915488
-1.00000000000 0.00000000000 2.03125000000 -0.00375000000 0.69241555282 -1.40646909167
-1.00000000000 0.00000000000 2.03125000000 -0.00250000000 0.69271090444 -1.40706902465
-1.00000000000 0.00000000000 2.03125000000 -0.00125000000 0.69301118589 -1.40767897134
-1.00000000000 0.00000000000 2.03125000000 0.00000000000 0.69331640595 -1.40829894958
-1.00000000000 0.00000000000 2.03125000000 0.00125000000 0.69362657349 -1.40892897741
-1.00000000000 0.00000000000 2.03125000000 0.00250000000 0.69394169756 -1.40956907317
-1.00000000000 0.00000000000 2.03125000000 0.00375000000 0.69426178730 -1.41021925546
-1.00000000000 0.00000000000 2.03125000000 0.00500000000 0.69458685200 -1.41087954312
-1.00000000000 0.00000000000 2.03125000000 0.00625000000 0.69491690106 -1.41154995528
-1.00000000000 0.00000000000 2.03125000000 0.00750000000 0.69525194404 -1.41223051133
-1.00000000000 0.00000000000 2.03125000000 0.00875000000 0.69559199060 -1.41292123091
-1.00000000000 0.00000000000 2.04687500000 -0.01000000000 0.69103072861 -1.41445352263
-1.00000000000 0.00000000000 2.04687500000 -0.00875000000 0.69129932718 -1.41500331032
-1.00000000000 0.00000000000 2.04687500000 -0.00750000000 0.69157279823 -1.41556307138
-1.00000000000 0.00000000000 2.04687500000 -0.00625000000 0.69185114981 -1.41613282226
-1.00000000000 0.00000000000 2.04687500000 -0.00500000000 0.69213439008 -1.41671257970
-1.00000000000 0.00000000000 2.04687500000 -0.00375000000 0.69242252735 -1.41730236067
-1.00000000000 0.00000000000 2.04687500000 -0.00250000000 0.69271557003 -1.41790218241
-1.00000000000 0.00000000000 2.04687500000 -0.00125000000 0.69301352667 -1.41851206241
-1.00000000000 0.00000000000 2.04687500000 0.00000000000 0.69331640595 -1.41913201842
-1.00000000000 0.00000000000 2.04687500000 0.00125000000 0.69362421665 -1.41976206846
-1.00000000000 0.00000000000 2.04687500000 0.00250000000 0.69393696772 -1.42040223079
-1.00000000000 0.00000000000 2.04687500000 0.00375000000 0.69425466820 -1.42105252397
-1.00000000000 0.00000000000 2.04687500000 0.00500000000 0.69457732728 -1.42171296678
-1.00000000000 0.00000000000 2.04687500000 0.00625000000 0.69490495428 -1.42238357829
-1.00000000000 0.00000000000 2.04687500000 0.00750000000 0.69523755864 -1.42306437784
-1.00000000000 0.00000000000 2.04687500000 0.00875000000 0.69557514994 -1.42375538502
-1.00000000000 0.00000000000 2.06250000000 -0.01000000000 0.69104873688 -1.42528801981
-1.00000000000 0.00000000000 2.06250000000 -0.00875000000 0.69131513808 -1.42583747229
-1.00000000000 0.00000000000 2.06250000000 -0.00750000000 0.69158639661 -1.42639694300
-1.00000000000 0.00000000000 2.06250000000 -0.00625000000 0.69186252042 -1.42696644837
-1.00000000000 0.00000000000 2.06250000000 -0.00500000000 0.69214351760 -1.42754600505
-1.00000000000 0.00000000000 2.06250000000 -0.00375000000 0.69242939635 -1.42813562997
-1.00000000000 0.00000000000 2.06250000000 -0.00250000000 0.69272016500 -1.42873534031
-1.00000000000 0.00000000000 2.06250000000 -0.00125000000 0.69301583200 -1.42934515351
-1.00000000000 0.00000000000 2.06250000000 0.00000000000 0.69331640595 -1.42996508726
-1.00000000000 0.00000000000 2.06250000000 0.00125000000 0.69362189553 -1.43059515954
-1.00000000000 0.00000000000 2.06250000000 0.00250000000 0.69393230960 -1.43123538855
-1.00000000000 0.00000000000 2.06250000000 0.00375000000 0.69424765710 -1.43188579278
-1.00000000000 0.00000000000 2.06250000000 0.00500000000 0.69456794714 -1.43254639097
-1.00000000000 0.00000000000 2.06250000000 0.00625000000 0.69489318892 -1.43321720215
-1.00000000000 0.00000000000 2.06250000000 0.00750000000 0.69522339180 -1.43389824558
-1.00000000000 0.00000000000 2.06250000000 0.00875000000 0.69555856525 -1.43458954083
-1.00000000000 0.00000000000 2.07812500000 -0.01000000000 0.69106647531 -1.43612251901
-1.00000000000 0.00000000000 2.07812500000 -0.00875000000 0.69133071197 -1.43667163581
-1.00000000000 0.00000000000 2.07812500000 -0.00750000000 0.69159979105 -1.43723081578
-1.00000000000 0.00000000000 2.07812500000 -0.00625000000 0.69187372043 -1.43780007527
-1.00000000000 0.00000000000 2.07812500000 -0.00500000000 0.69215250811 -1.43837943091
-1.00000000000 0.00000000000 2.07812500000 -0.00375000000 0.69243616219 -1.43896889955
-1.00000000000 0.00000000000 2.07812500000 -0.00250000000 0.69272469093 -1.43956849833
-1.00000000000 0.00000000000 2.07812500000 -0.00125000000 0.69301810268 -1.44017824464
-1.00000000000 0.00000000000 2.07812500000 0.00000000000 0.69331640595 -1.44079815611
-1.00000000000 0.00000000000 2.07812500000 0.00125000000 0.69361960933 -1.44142825065
-1.00000000000 0.00000000000 2.07812500000 0.00250000000 0.69392772159 -1.44206854643
-1.00000000000 0.00000000000 2.07812500000 0.00375000000 0.69424075158 -1.44271906188
-1.00000000000 0.00000000000 2.07812500000 0.00500000000 0.69455870831 -1.44337981570
-1.00000000000 0.00000000000 2.07812500000 0.00625000000 0.69488160089 -1.44405082684
-1.00000000000 0.00000000000 2.07812500000 0.00750000000 0.69520943857 -1.44473211454
-1.00000000000 0.00000000000 2.07812500000 0.00875000000 0.69554223075 -1.44542369828
-1.00000000000 0.00000000000 2.09375000000 -0.01000000000 0.69108394993 -1.44695702017
-1.00000000000 0.00000000000 2.09375000000 -0.00875000000 0.69134605413 -1.44750580084
-1.00000000000 0.00000000000 2.09375000000 -0.00750000000 0.69161298611 -1.44806468966
-1.00000000000 0.00000000000 2.09375000000 -0.00625000000 0.69188475365 -1.44863370295
-1.00000000000 0.00000000000 2.09375000000 -0.00500000000 0.69216136466 -1.44921285727
-1.00000000000 0.00000000000 2.09375000000 -0.00375000000 0.69244282719 -1.44980216942
-1.00000000000 0.00000000000 2.09375000000 -0.00250000000 0.69272914937 -1.45040165649
-1.00000000000 0.00000000000 2.09375000000 -0.00125000000 0.69302033949 -1.45101133580
-1.00000000000 0.00000000000 2.09375000000 0.00000000000 0.69331640595 -1.45163122495
-1.00000000000 0.00000000000 2.09375000000 0.00125000000 0.69361735727 -1.45226134179
-1.00000000000 0.00000000000 2.09375000000 0.00250000000 0.69392320212 -1.45290170444
-1.00000000000 0.00000000000 2.09375000000 0.00375000000 0.69423394927 -1.45355233128
-1.00000000000 0.00000000000 2.09375000000 0.00500000000 0.69454960762 -1.45421324095
-1.00000000000 0.00000000000 2.09375000000 0.00625000000 0.69487018620 -1.45488445235
-1.00000000000 0.00000000000 2.09375000000 0.00750000000 0.69519569417 -1.45556598467
-1.00000000000 0.00000000000 2.09375000000 0.00875000000 0.69552614082 -1.45625785734
-1.00000000000 0.00000000000 2.10937500000 -0.01000000000 0.69110116658 -1.45779152326
-1.00000000000 0.00000000000 2.10937500000 -0.00875000000 0.69136116971 -1.45833996735
-1.00000000000 0.00000000000 2.10937500000 -0.00750000000 0.69162598620 -1.45889856465
-1.00000000000 0.00000000000 2.10937500000 -0.00625000000 0.69189562377 -1.45946733140
-1.00000000000 0.00000000000 2.10937500000 -0.00500000000 0.69217009025 -1.46004628412
-1.00000000000 0.00000000000 2.10937500000 -0.00375000000 0.69244939357 -1.46063543956
-1.00000000000 0.00000000000 2.10937500000 -0.00250000000 0.69273354181 -1.46123481476
-1.00000000000 0.00000000000 2.10937500000 -0.00125000000 0.69302254317 -1.46184442699
-1.00000000000 0.00000000000 2.10937500000 0.00000000000 0.69331640595 -1.46246429379
-1.00000000000 0.00000000000 2.10937500000 0.00125000000 0.69361513859 -1.46309443297
-1.00000000000 0.00000000000 2.10937500000 0.00250000000 0.69391874967 -1.46373486258
-1.00000000000 0.00000000000 2.10937500000 0.00375000000 0.69422724786 -1.46438560096
-1.00000000000 0.00000000000 2.10937500000 0.00500000000 0.69454064199 -1.46504666670
-1.00000000000 0.00000000000 2.10937500000 0.00625000000 0.69485894099 -1.46571807866
-1.00000000000 0.00000000000 2.10937500000 0.00750000000 0.69518215393 -1.46639985595
-1.00000000000 0.00000000000 2.10937500000 0.00875000000 0.69551029001 -1.46709201798
-1.00000000000 0.00000000000 2.12500000000 -0.01000000000 0.69111813093 -1.46862602823
-1.00000000000 0.00000000000 2.12500000000 -0.00875000000 0.69137606367 -1.46917413531
-1.00000000000 0.00000000000 2.12500000000 -0.00750000000 0.69163879562 -1.46973244070
-1.00000000000 0.00000000000 2.12500000000 -0.00625000000 0.69190633439 -1.47030096059
-1.00000000000 0.00000000000 2.12500000000 -0.00500000000 0.69217868774 -1.47087971145
-1.00000000000 0.00000000000 2.12500000000 -0.00375000000 0.69245586352 -1.47146870998
-1.00000000000 0.00000000000 2.12500000000 -0.00250000000 0.69273786972 -1.47206797316
-1.00000000000 0.00000000000 2.12500000000 -0.00125000000 0.69302471445 -1.47267751821
-1.00000000000 0.00000000000 2.12500000000 0.00000000000 0.69331640595 -1.47329736263
-1.00000000000 0.00000000000 2.12500000000 0.00125000000 0.69361295255 -1.47392752417
-1.00000000000 0.00000000000 2.12500000000 0.00250000000 0.69391436275 -1.47456802084
-1.00000000000 0.00000000000 2.12500000000 0.00375000000 0.69422064514 -1.47521887092
-1.00000000000 0.00000000000 2.12500000000 0.00500000000 0.69453180845 -1.47588009295
-1.00000000000 0.00000000000 2.12500000000 0.00625000000 0.69484786153 -1.47655170574
-1.00000000000 0.00000000000 2.12500000000 0.00750000000 0.69516881335 -1.47723372837
-1.00000000000 0.00000000000 2.12500000000 0.00875000000 0.69549467302 -1.47792618017
-1.00000000000 0.00000000000 2.14062500000 -0.01000000000 0.69113484849 -1.47946053504
-1.00000000000 0.00000000000 2.14062500000 -0.00875000000 0.69139074087 -1.48000830468
-1.00000000000 0.00000000000 2.14062500000 -0.00750000000 0.69165141853 -1.48056631779
-1.00000000000 0.00000000000 2.14062500000 -0.00625000000 0.69191688900 -1.48113459051
-1.00000000000 0.00000000000 2.14062500000 -0.00500000000 0.69218715994 -1.48171313924
-1.00000000000 0.00000000000 2.14062500000 -0.00375000000 0.69246223914 -1.48230198066
-1.00000000000 0.00000000000 2.14062500000 -0.00250000000 0.69274213450 -1.48290113167
-1.00000000000 0.00000000000 2.14062500000 -0.00125000000 0.69302685406 -1.48351060947
-1.00000000000 0.00000000000 2.14062500000 0.00000000000 0.69331640595 -1.48413043148
-1.00000000000 0.00000000000 2.14062500000 0.00125000000 0.69361079844 -1.48476061541
-1.00000000000 0.00000000000 2.14062500000 0.00250000000 0.69391003993 -1.48540117923
-1.00000000000 0.00000000000 2.14062500000 0.00375000000 0.69421413893 -1.48605214116
-1.00000000000 0.00000000000 2.14062500000 0.00500000000 0.69452310409 -1.48671351969
-1.00000000000 0.00000000000 2.14062500000 0.00625000000 0.69483694416 -1.48738533359
-1.00000000000 0.00000000000 2.14062500000 0.00750000000 0.69515566803 -1.48806760188
-1.00000000000 0.00000000000 2.14062500000 0.00875000000 0.69547928472 -1.48876034386
-1.00000000000 0.00000000000 2.15625000000 -0.01000000000 0.69115132459 -1.49029504366
-1.00000000000 0.00000000000 2.15625000000 -0.00875000000 0.69140520600 -1.49084247544
-1.00000000000 0.00000000000 2.15625000000 -0.00750000000 0.69166385897 -1.49140019591
-1.00000000000 0.00000000000 2.15625000000 -0.00625000000 0.69192729096 -1.49196822114
-1.00000000000 0.00000000000 2.15625000000 -0.00500000000 0.69219550956 -1.49254656750
-1.00000000000 0.00000000000 2.15625000000 -0.00375000000 0.69246852248 -1.49313525160
-1.00000000000 0.00000000000 2.15625000000 -0.00250000000 0.69274633753 -1.49373429030
-1.00000000000 0.00000000000 2.15625000000 -0.00125000000 0.69302896267 -1.49434370075
-1.00000000000 0.00000000000 2.15625000000 0.00000000000 0.69331640595 -1.49496350032
-1.00000000000 0.00000000000 2.15625000000 0.00125000000 0.69360867556 -1.49559370668
-1.00000000000 0.00000000000 2.15625000000 0.00250000000 0.69390577982 -1.49623433773
-1.00000000000 0.00000000000 2.15625000000 0.00375000000 0.69420772714 -1.49688541165
-1.00000000000 0.00000000000 2.15625000000 0.00500000000 0.69451452610 -1.49754694690
-1.00000000000 0.00000000000 2.15625000000 0.00625000000 0.69482618536 -1.49821896218
-1.00000000000 0.00000000000 2.15625000000 0.00750000000 0.69514271373 -1.49890147648
-1.00000000000 0.00000000000 2.15625000000 0.00875000000 0.69546412013 -1.49959450903
-1.00000000000 0.00000000000 2.17187500000 -0.01000000000 0.69116756445 -1.50112955403
-1.00000000000 0.00000000000 2.17187500000 -0.00875000000 0.69141946362 -1.50167664756
-1.00000000000 0.00000000000 2.17187500000 -0.00750000000 0.69167612087 -1.50223407502
-1.00000000000 0.00000000000 2.17187500000 -0.00625000000 0.69193754358 -1.50280185247
-1.00000000000 0.00000000000 2.17187500000 -0.00500000000 0.69220373926 -1.50337999620
-1.00000000000 0.00000000000 2.17187500000 -0.00375000000 0.69247471553 -1.50396852279
-1.00000000000 0.00000000000 2.17187500000 -0.00250000000 0.69275048014 -1.50456744905
-1.00000000000 0.00000000000 2.17187500000 -0.00125000000 0.69303104095 -1.50517679206
-1.00000000000 0.00000000000 2.17187500000 0.00000000000 0.69331640595 -1.50579656916
-1.00000000000 0.00000000000 2.17187500000 0.00125000000 0.69360658324 -1.50642679797
-1.00000000000 0.00000000000 2.17187500000 0.00250000000 0.69390158105 -1.50706749634
-1.00000000000 0.00000000000 2.17187500000 0.00375000000 0.69420140773 -1.50771868241
-1.00000000000 0.00000000000 2.17187500000 0.00500000000 0.69450607175 -1.50838037458
-1.00000000000 0.00000000000 2.17187500000 0.00625000000 0.69481558170 -1.50905259151
-1.00000000000 0.00000000000 2.17187500000 0.00750000000 0.69512994630 -1.50973535213
-1.00000000000 0.00000000000 2.17187500000 0.00875000000 0.69544917439 -1.51042867564
-1.00000000000 0.00000000000 2.18750000000 -0.01000000000 0.69118357309 -1.51196406613
-1.00000000000 0.00000000000 2.18750000000 -0.00875000000 0.69143351817 -1.51251082100
-1.00000000000 0.00000000000 2.18750000000 -0.00750000000 0.69168820805 -1.51306795512
-1.00000000000 0.00000000000 2.18750000000 -0.00625000000 0.69194765005 -1.51363548448
-1.00000000000 0.00000000000 2.18750000000 -0.00500000000 0.69221185159 -1.51421342535
-1.00000000000 0.00000000000 2.18750000000 -0.00375000000 0.69248082022 -1.51480179423
-1.00000000000 0.00000000000 2.18750000000 -0.00250000000 0.69275456361 -1.51540060790
-1.00000000000 0.00000000000 2.18750000000 -0.00125000000 0.69303308955 -1.51600988340
-1.00000000000 0.00000000000 2.18750000000 0.00000000000 0.69331640595 -1.51662963801
-1.00000000000 0.00000000000 2.18750000000 0.00125000000 0.69360452082 -1.51725988929
-1.00000000000 0.00000000000 2.18750000000 0.00250000000 0.69389744232 -1.51790065507
-1.00000000000 0.00000000000 2.18750000000 0.00375000000 0.69419517871 -1.51855195343
-1.00000000000 0.00000000000 2.18750000000 0.00500000000 0.69449773838 -1.51921380271
-1.00000000000 0.00000000000 2.18750000000 0.00625000000 0.69480512985 -1.51988622155
-1.00000000000 0.00000000000 2.18750000000 0.00750000000 0.69511736174 -1.52056922881
-1.00000000000 0.00000000000 2.18750000000 0.00875000000 0.69543444281 -1.52126284366
-1.00000000000 0.00000000000 2.20312500000 -0.01000000000 0.69119935542 -1.52279857992
-1.00000000000 0.00000000000 2.20312500000 -0.00875000000 0.69144737395 -1.52334499574
-1.00000000000 0.00000000000 2.20312500000 -0.00750000000 0.69170012422 -1.52390183617
-1.00000000000 0.00000000000 2.20312500000 -0.00625000000 0.69195761346 -1.52446911716
-1.00000000000 0.00000000000 2.20312500000 -0.00500000000 0.69221984904 -1.52504685492
-1.00000000000 0.00000000000 2.20312500000 -0.00375000000 0.69248683843 -1.52563506591
-1.00000000000 0.00000000000 2.20312500000 -0.00250000000 0.69275858921 -1.52623376686
-1.00000000000 0.00000000000 2.20312500000 -0.00125000000 0.69303510911 -1.52684297476
-1.00000000000 0.00000000000 2.20312500000 0.00000000000 0.69331640595 -1.52746270685
-1.00000000000 0.00000000000 2.20312500000 0.00125000000 0.69360248767 -1.52809298064
-1.00000000000 0.00000000000 2.20312500000 0.00250000000 0.69389336234 -1.52873381391
-1.00000000000 0.00000000000 2.20312500000 0.00375000000 0.69418903816 -1.52938522469
-1.00000000000 0.00000000000 2.20312500000 0.00500000000 0.69448952342 -1.53004723129
-1.00000000000 0.00000000000 2.20312500000 0.00625000000 0.69479482657 -1.53071985228
-1.00000000000 0.00000000000 2.20312500000 0.00750000000 0.69510495614 -1.53140310650
-1.00000000000 0.00000000000 2.20312500000 0.00875000000 0.69541992082 -1.53209701306
-1.00000000000 0.00000000000 2.21875000000 -0.01000000000 0.69121491622 -1.53363309536
-1.00000000000 0.00000000000 2.21875000000 -0.00875000000 0.69146103516 -1.53417917175
-1.00000000000 0.00000000000 2.21875000000 -0.00750000000 0.69171187297 -1.53473571816
-1.00000000000 0.00000000000 2.21875000000 -0.00625000000 0.69196743684 -1.53530275050
-1.00000000000 0.00000000000 2.21875000000 -0.00500000000 0.69222773405 -1.53588028491
-1.00000000000 0.00000000000 2.21875000000 -0.00375000000 0.69249277198 -1.53646833783
-1.00000000000 0.00000000000 2.21875000000 -0.00250000000 0.69276255817 -1.53706692593
-1.00000000000 0.00000000000 2.21875000000 -0.00125000000 0.69303710024 -1.53767606615
-1.00000000000 0.00000000000 2.21875000000 0.00000000000 0.69331640595 -1.53829577569
-1.00000000000 0.00000000000 2.21875000000 0.00125000000 0.69360048316 -1.53892607202
-1.00000000000 0.00000000000 2.21875000000 0.00250000000 0.69388933988 -1.53956697285
-1.00000000000 0.00000000000 2.21875000000 0.00375000000 0.69418298420 -1.54021849620
-1.00000000000 0.00000000000 2.21875000000 0.00500000000 0.69448142436 -1.54088066031
-1.00000000000 0.00000000000 2.21875000000 0.00625000000 0.69478466871 -1.54155348370
-1.00000000000 0.00000000000 2.21875000000 0.00750000000 0.69509272572 -1.54223698519
-1.00000000000 0.00000000000 2.21875000000 0.00875000000 0.69540560398 -1.54293118382
-1.00000000000 0.00000000000 2.23437500000 -0.01000000000 0.69123026010 -1.54446761242
-1.00000000000 0.00000000000 2.23437500000 -0.00875000000 0.69147450585 -1.54501334901
-1.00000000000 0.00000000000 2.23437500000 -0.00750000000 0.69172345782 -1.54556960107
-1.00000000000 0.00000000000 2.23437500000 -0.00625000000 0.69197712312 -1.54613638447
-1.00000000000 0.00000000000 2.23437500000 -0.00500000000 0.69223550895 -1.54671371532
-1.00000000000 0.00000000000 2.23437500000 -0.00375000000 0.69249862265 -1.54730160999
-1.00000000000 0.00000000000 2.23437500000 -0.00250000000 0.69276647166 -1.54790008511
-1.00000000000 0.00000000000 2.23437500000 -0.00125000000 0.69303906353 -1.54850915757
-1.00000000000 0.00000000000 2.23437500000 0.00000000000 0.69331640595 -1.54912884454
-1.00000000000 0.00000000000 2.23437500000 0.00125000000 0.69359850671 -1.54975916342
-1.00000000000 0.00000000000 2.23437500000 0.00250000000 0.69388537372 -1.55040013191
-1.00000000000 0.00000000000 2.23437500000 0.00375000000 0.69417701502 -1.55105176794
-1.00000000000 0.00000000000 2.23437500000 0.00500000000 0.69447343877 -1.55171408975
-1.00000000000 0.00000000000 2.23437500000 0.00625000000 0.69477465322 -1.55238711579
-1.00000000000 0.00000000000 2.23437500000 0.00750000000 0.69508066678 -1.55307086484
-1.00000000000 0.00000000000 2.23437500000 0.00875000000 0.69539148796 -1.55376535590
-1.00000000000 0.00000000000 2.25000000000 -0.01000000000 0.69124539158 -1.55530213106
-1.00000000000 0.00000000000 2.25000000000 -0.00875000000 0.69148778999 -1.55584752748
-1.00000000000 0.00000000000 2.25000000000 -0.00750000000 0.69173488217 -1.55640348488
-1.00000000000 0.00000000000 2.25000000000 -0.00625000000 0.69198667514 -1.55697001907
-1.00000000000 0.00000000000 2.25000000000 -0.00500000000 0.69224317606 -1.55754714613
-1.00000000000 0.00000000000 2.25000000000 -0.00375000000 0.69250439216 -1.55813488237
-1.00000000000 0.00000000000 2.25000000000 -0.00250000000 0.69277033084 -1.55873324438
-1.00000000000 0.00000000000 2.25000000000 -0.00125000000 0.69304099956 -1.55934224901
-1.00000000000 0.00000000000 2.25000000000 0.00000000000 0.69331640595 -1.55996191338
-1.00000000000 0.00000000000 2.25000000000 0.00125000000 0.69359655771 -1.56059225485
-1.00000000000 0.00000000000 2.25000000000 0.00250000000 0.69388146269 -1.56123329106
-1.00000000000 0.00000000000 2.25000000000 0.00375000000 0.69417112886 -1.56188503992
-1.00000000000 0.00000000000 2.25000000000 0.00500000000 0.69446556427 -1.56254751960
-1.00000000000 0.00000000000 2.25000000000 0.00625000000 0.69476477713 -1.56322074854
-1.00000000000 0.00000000000 2.25000000000 0.00750000000 0.69506877575 -1.56390474544
-1.00000000000 0.00000000000 2.25000000000 0.00875000000 0.69537756857 -1.56459952928
-1.00000000000 0.00000000000 2.26562500000 -0.01000000000 0.69126031504 -1.56613665126
-1.00000000000 0.00000000000 2.26562500000 -0.00875000000 0.69150089143 -1.56668170715
-1.00000000000 0.00000000000 2.26562500000 -0.00750000000 0.69174614933 -1.56723736957
-1.00000000000 0.00000000000 2.26562500000 -0.00625000000 0.69199609569 -1.56780365429
-1.00000000000 0.00000000000 2.26562500000 -0.00500000000 0.69225073758 -1.56838057733
-1.00000000000 0.00000000000 2.26562500000 -0.00375000000 0.69251008219 -1.56896815497
-1.00000000000 0.00000000000 2.26562500000 -0.00250000000 0.69277413683 -1.56956640375
-1.00000000000 0.00000000000 2.26562500000 -0.00125000000 0.69304290890 -1.57017534048
-1.00000000000 0.00000000000 2.26562500000 0.00000000000 0.69331640595 -1.57079498222
-1.00000000000 0.00000000000 2.26562500000 0.00125000000 0.69359463561 -1.57142534630
-1.00000000000 0.00000000000 2.26562500000 0.00250000000 0.69387760566 -1.57206645032
-1.00000000000 0.00000000000 2.26562500000 0.00375000000 0.69416532398 -1.57271831213
-1.00000000000 0.00000000000 2.26562500000 0.00500000000 0.69445779856 -1.57338094987
-1.00000000000 0.00000000000 2.26562500000 0.00625000000 0.69475503754 -1.57405438193
-1.00000000000 0.00000000000 2.26562500000 0.00750000000 0.69505704915 -1.57473862697
-1.00000000000 0.00000000000 2.26562500000 0.00875000000 0.69536384173 -1.57543370393
-1.00000000000 0.00000000000 2.28125000000 -0.01000000000 0.69127503473 -1.57697117297
-1.00000000000 0.00000000000 2.28125000000 -0.00875000000 0.69151381391 -1.57751588798
-1.00000000000 0.00000000000 2.28125000000 -0.00750000000 0.69175726252 -1.57807125512
-1.00000000000 0.00000000000 2.28125000000 -0.00625000000 0.69200538745 -1.57863729011
-1.00000000000 0.00000000000 2.28125000000 -0.00500000000 0.69225819569 -1.57921400892
-1.00000000000 0.00000000000 2.28125000000 -0.00375000000 0.69251569438 -1.57980142779
-1.00000000000 0.00000000000 2.28125000000 -0.00250000000 0.69277789073 -1.58039956323
-1.00000000000 0.00000000000 2.28125000000 -0.00125000000 0.69304479210 -1.58100843197
-1.00000000000 0.00000000000 2.28125000000 0.00000000000 0.69331640595 -1.58162805106
-1.00000000000 0.00000000000 2.28125000000 0.00125000000 0.69359273985 -1.58225843778
-1.00000000000 0.00000000000 2.28125000000 0.00250000000 0.69387380150 -1.58289960968
-1.00000000000 0.00000000000 2.28125000000 0.00375000000 0.69415959871 -1.58355158457
-1.00000000000 0.00000000000 2.28125000000 0.00500000000 0.69445013941 -1.58421438054
-1.00000000000 0.00000000000 2.28125000000 0.00625000000 0.69474543165 -1.58488801595
-1.00000000000 0.00000000000 2.28125000000 0.00750000000 0.69504548358 -1.58557250941
-1.00000000000 0.00000000000 2.28125000000 0.00875000000 0.69535030348 -1.58626787982
-1.00000000000 0.00000000000 2.29687500000 -0.01000000000 0.69128955480 -1.58780569617
-1.00000000000 0.00000000000 2.29687500000 -0.00875000000 0.69152656107 -1.58835006996
-1.00000000000 0.00000000000 2.29687500000 -0.00750000000 0.69176822488 -1.58890514152
-1.00000000000 0.00000000000 2.29687500000 -0.00625000000 0.69201455304 -1.58947092652
-1.00000000000 0.00000000000 2.29687500000 -0.00500000000 0.69226555250 -1.59004744089
-1.00000000000 0.00000000000 2.29687500000 -0.00375000000 0.69252123029 -1.59063470083
-1.00000000000 0.00000000000 2.29687500000 -0.00250000000 0.69278159360 -1.59123272279
-1.00000000000 0.00000000000 2.29687500000 -0.00125000000 0.69304664968 -1.59184152349
-1.00000000000 0.00000000000 2.29687500000 0.00000000000 0.69331640595 -1.59246111991
-1.00000000000 0.00000000000 2.29687500000 0.00125000000 0.69359086989 -1.59309152928
-1.00000000000 0.00000000000 2.29687500000 0.00250000000 0.69387004914 -1.59373276913
-1.00000000000 0.00000000000 2.29687500000 0.00375000000 0.69415395144 -1.59438485722
-1.00000000000 0.00000000000 2.29687500000 0.00500000000 0.69444258464 -1.59504781160
-1.00000000000 0.00000000000 2.29687500000 0.00625000000 0.69473595671 -1.59572165058
-1.00000000000 0.00000000000 2.29687500000 0.00750000000 0.69503407575 -1.59640639274
-1.00000000000 0.00000000000 2.29687500000 0.00875000000 0.69533694996 -1.59710205693
-1.00000000000 0.00000000000 2.31250000000 -0.01000000000 0.69130387928 -1.59864022084
-1.00000000000 0.00000000000 2.31250000000 -0.00875000000 0.69153913646 -1.59918425306
-1.00000000000 0.00000000000 2.31250000000 -0.00750000000 0.69177903946 -1.59973902874
-1.00000000000 0.00000000000 2.31250000000 -0.00625000000 0.69202359503 -1.60030456350
-1.00000000000 0.00000000000 2.31250000000 -0.00500000000 0.69227281005 -1.60088087323
-1.00000000000 0.00000000000 2.31250000000 -0.00375000000 0.69252669149 -1.60146797408
-1.00000000000 0.00000000000 2.31250000000 -0.00250000000 0.69278524647 -1.60206588245
-1.00000000000 0.00000000000 2.31250000000 -0.00125000000 0.69304848218 -1.60267461503
-1.00000000000 0.00000000000 2.31250000000 0.00000000000 0.69331640595 -1.60329418875
-1.00000000000 0.00000000000 2.31250000000 0.00125000000 0.69358902521 -1.60392462081
-1.00000000000 0.00000000000 2.31250000000 0.00250000000 0.69386634754 -1.60456592868
-1.00000000000 0.00000000000 2.31250000000 0.00375000000 0.69414838058 -1.60521813009
-1.00000000000 0.00000000000 2.31250000000 0.00500000000 0.69443513213 -1.60588124304
-1.00000000000 0.00000000000 2.31250000000 0.00625000000 0.69472661008 -1.60655528582
-1.00000000000 0.00000000000 2.31250000000 0.00750000000 0.69502282246 -1.60724027694
-1.00000000000 0.00000000000 2.31250000000 0.00875000000 0.69532377740 -1.60793623524
-1.00000000000 0.00000000000 2.32812500000 -0.01000000000 0.69131801210 -1.60947474693
-1.00000000000 0.00000000000 2.32812500000 -0.00875000000 0.69155154352 -1.61001843727
-1.00000000000 0.00000000000 2.32812500000 -0.00750000000 0.69178970922 -1.61057291678
-1.00000000000 0.00000000000 2.32812500000 -0.00625000000 0.69203251589 -1.61113820105
-1.00000000000 0.00000000000 2.32812500000 -0.00500000000 0.69227997033 -1.61171430593
-1.00000000000 0.00000000000 2.32812500000 -0.00375000000 0.69253207948 -1.61230124753
-1.00000000000 0.00000000000 2.32812500000 -0.00250000000 0.69278885034 -1.61289904221
-1.00000000000 0.00000000000 2.32812500000 -0.00125000000 0.69305029008 -1.61350770659
-1.00000000000 0.00000000000 2.32812500000 0.00000000000 0.69331640595 -1.61412725759
-1.00000000000 0.00000000000 2.32812500000 0.00125000000 0.69358720531 -1.61475771236
-1.00000000000 0.00000000000 2.32812500000 0.00250000000 0.69386269565 -1.61539908832
-1.00000000000 0.00000000000 2.32812500000 0.00375000000 0.69414288458 -1.61605140317
-1.00000000000 0.00000000000 2.32812500000 0.00500000000 0.69442777981 -1.61671467487
-1.00000000000 0.00000000000 2.32812500000 0.00625000000 0.69471738916 -1.61738892164
-1.00000000000 0.00000000000 2.32812500000 0.00750000000 0.69501172059 -1.61807416200
-1.00000000000 0.00000000000 2.32812500000 0.00875000000 0.69531078216 -1.61877041471
-1.00000000000 0.00000000000 2.34375000000 -0.01000000000 0.69133195709 -1.62030927442
-1.00000000000 0.00000000000 2.34375000000 -0.00875000000 0.69156378562 -1.62085262255
-1.00000000000 0.00000000000 2.34375000000 -0.00750000000 0.69180023706 -1.62140680561
-1.00000000000 0.00000000000 2.34375000000 -0.00625000000 0.69204131804 -1.62197183916
-1.00000000000 0.00000000000 2.34375000000 -0.00500000000 0.69228703530 -1.62254773899
-1.00000000000 0.00000000000 2.34375000000 -0.00375000000 0.69253739570 -1.62313452118
-1.00000000000 0.00000000000 2.34375000000 -0.00250000000 0.69279240621 -1.62373220205
-1.00000000000 0.00000000000 2.34375000000 -0.00125000000 0.69305207389 -1.62434079818
-1.00000000000 0.00000000000 2.34375000000 0.00000000000 0.69331640595 -1.62496032644
-1.00000000000 0.00000000000 2.34375000000 0.00125000000 0.69358540968 -1.62559080393
-1.00000000000 0.00000000000 2.34375000000 0.00250000000 0.69385909250 -1.62623224805
-1.00000000000 0.00000000000 2.34375000000 0.00375000000 0.69413746195 -1.62688467646
-1.00000000000 0.00000000000 2.34375000000 0.00500000000 0.69442052568 -1.62754810706
-1.00000000000 0.00000000000 2.34375000000 0.00625000000 0.69470829144 -1.62822255805
-1.00000000000 0.00000000000 2.34375000000 0.00750000000 0.69500076710 -1.62890804790
-1.00000000000 0.00000000000 2.34375000000 0.00875000000 0.69529796067 -1.62960459533
-1.00000000000 0.00000000000 2.35937500000 -0.01000000000 0.69134571795 -1.63114380329
-1.00000000000 0.00000000000 2.35937500000 -0.00875000000 0.69157586602 -1.63168680888
-1.00000000000 0.00000000000 2.35937500000 -0.00750000000 0.69181062579 -1.63224069522
-1.00000000000 0.00000000000 2.35937500000 -0.00625000000 0.69205000384 -1.63280547781
-1.00000000000 0.00000000000 2.35937500000 -0.00500000000 0.69229400685 -1.63338117240
-1.00000000000 0.00000000000 2.35937500000 -0.00375000000 0.69254264160 -1.63396779503
-1.00000000000 0.00000000000 2.35937500000 -0.00250000000 0.69279591501 -1.63456536198
-1.00000000000 0.00000000000 2.35937500000 -0.00125000000 0.69305383408 -1.63517388979
-1.00000000000 0.00000000000 2.35937500000 0.00000000000 0.69331640595 -1.63579339528
-1.00000000000 0.00000000000 2.35937500000 0.00125000000 0.69358363784 -1.63642389553
-1.00000000000 0.00000000000 2.35937500000 0.00250000000 0.69385553711 -1.63706540788
-1.00000000000 0.00000000000 2.35937500000 0.00375000000 0.69413211123 -1.63771794994
-1.00000000000 0.00000000000 2.35937500000 0.00500000000 0.69441336778 -1.63838153961
-1.00000000000 0.00000000000 2.35937500000 0.00625000000 0.69469931445 -1.63905619503
-1.00000000000 0.00000000000 2.35937500000 0.00750000000 0.69498995904 -1.63974193462
-1.00000000000 0.00000000000 2.35937500000 0.00875000000 0.69528530949 -1.64043877707
-1.00000000000 0.00000000000 2.37500000000 -0.01000000000 0.69135929832 -1.64197833350
-1.00000000000 0.00000000000 2.37500000000 -0.00875000000 0.69158778790 -1.64252099625
-1.00000000000 0.00000000000 2.37500000000 -0.00750000000 0.69182087815 -1.64307458559
-1.00000000000 0.00000000000 2.37500000000 -0.00625000000 0.69205857557 -1.64363911699
-1.00000000000 0.00000000000 2.37500000000 -0.00500000000 0.69230088680 -1.64421460616
-1.00000000000 0.00000000000 2.37500000000 -0.00375000000 0.69254781856 -1.64480106908
-1.00000000000 0.00000000000 2.37500000000 -0.00250000000 0.69279937768 -1.64539852199
-1.00000000000 0.00000000000 2.37500000000 -0.00125000000 0.69305557112 -1.64600698142
-1.00000000000 0.00000000000 2.37500000000 0.00000000000 0.69331640595 -1.64662646412
-1.00000000000 0.00000000000 2.37500000000 0.00125000000 0.69358188932 -1.64725698714
-1.00000000000 0.00000000000 2.37500000000 0.00250000000 0.69385202854 -1.64789856779
-1.00000000000 0.00000000000 2.37500000000 0.00375000000 0.69412683100 -1.64855122363
-1.00000000000 0.00000000000 2.37500000000 0.00500000000 0.69440630422 -1.64921497252
-1.00000000000 0.00000000000 2.37500000000 0.00625000000 0.69469045581 -1.64988983256
-1.00000000000 0.00000000000 2.37500000000 0.00750000000 0.69497929353 -1.65057582214
-1.00000000000 0.00000000000 2.37500000000 0.00875000000 0.69527282523 -1.65127295992
-1.00000000000 0.00000000000 2.39062500000 -0.01000000000 0.69137270171 -1.65281286504
-1.00000000000 0.00000000000 2.39062500000 -0.00875000000 0.69159955436 -1.65335518464
-1.00000000000 0.00000000000 2.39062500000 -0.00750000000 0.69183099680 -1.65390847672
-1.00000000000 0.00000000000 2.39062500000 -0.00625000000 0.69206703548 -1.65447275669
-1.00000000000 0.00000000000 2.39062500000 -0.00500000000 0.69230767697 -1.65504804024
-1.00000000000 0.00000000000 2.39062500000 -0.00375000000 0.69255292792 -1.65563434331
-1.00000000000 0.00000000000 2.39062500000 -0.00250000000 0.69280279513 -1.65623168210
-1.00000000000 0.00000000000 2.39062500000 -0.00125000000 0.69305728547 -1.65684007307
-1.00000000000 0.00000000000 2.39062500000 0.00000000000 0.69331640595 -1.65745953296
-1.00000000000 0.00000000000 2.39062500000 0.00125000000 0.69358016367 -1.65809007878
-1.00000000000 0.00000000000 2.39062500000 0.00250000000 0.69384856587 -1.65873172779
-1.00000000000 0.00000000000 2.39062500000 0.00375000000 0.69412161988 -1.65938449751
-1.00000000000 0.00000000000 2.39062500000 0.00500000000 0.69439933313 -1.66004840577
-1.00000000000 0.00000000000 2.39062500000 0.00625000000 0.69468171321 -1.66072347064
-1.00000000000 0.00000000000 2.39062500000 0.00750000000 0.69496876777 -1.66140971045
-1.00000000000 0.00000000000 2.39062500000 0.00875000000 0.69526050461 -1.66210714384
-1.00000000000 0.00000000000 2.40625000000 -0.01000000000 0.69138593158 -1.66364739786
-1.00000000000 0.00000000000 2.40625000000 -0.00875000000 0.69161116842 -1.66418937402
-1.00000000000 0.00000000000 2.40625000000 -0.00750000000 0.69184098434 -1.66474236858
-1.00000000000 0.00000000000 2.40625000000 -0.00625000000 0.69207538573 -1.66530639691
-1.00000000000 0.00000000000 2.40625000000 -0.00500000000 0.69231437908 -1.66588147466
-1.00000000000 0.00000000000 2.40625000000 -0.00375000000 0.69255797100 -1.66646761773
-1.00000000000 0.00000000000 2.40625000000 -0.00250000000 0.69280616822 -1.66706484228
-1.00000000000 0.00000000000 2.40625000000 -0.00125000000 0.69305897755 -1.66767316474
-1.00000000000 0.00000000000 2.40625000000 0.00000000000 0.69331640595 -1.66829260181
-1.00000000000 0.00000000000 2.40625000000 0.00125000000 0.69357846044 -1.66892317044
-1.00000000000 0.00000000000 2.40625000000 0.00250000000 0.69384514820 -1.66956488787
-1.00000000000 0.00000000000 2.40625000000 0.00375000000 0.69411647650 -1.67021777159
-1.00000000000 0.00000000000 2.40625000000 0.00500000000 0.69439245273 -1.67088183937
-1.00000000000 0.00000000000 2.40625000000 0.00625000000 0.69467308436 -1.67155710925
-1.00000000000 0.00000000000 2.40625000000 0.00750000000 0.69495837903 -1.67224359954
-1.00000000000 0.00000000000 2.40625000000 0.00875000000 0.69524834445 -1.67294132882
-1.00000000000 0.00000000000 2.42187500000 -0.01000000000 0.69139899126 -1.67448193196
-1.00000000000 0.00000000000 2.42187500000 -0.00875000000 0.69162263303 -1.67502356438
-1.00000000000 0.00000000000 2.42187500000 -0.00750000000 0.69185084331 -1.67557626115
-1.00000000000 0.00000000000 2.42187500000 -0.00625000000 0.69208362844 -1.67614003763
-1.00000000000 0.00000000000 2.42187500000 -0.00500000000 0.69232099485 -1.67671490940
-1.00000000000 0.00000000000 2.42187500000 -0.00375000000 0.69256294909 -1.67730089233
-1.00000000000 0.00000000000 2.42187500000 -0.00250000000 0.69280949783 -1.67789800255
-1.00000000000 0.00000000000 2.42187500000 -0.00125000000 0.69306064782 -1.67850625643
-1.00000000000 0.00000000000 2.42187500000 0.00000000000 0.69331640595 -1.67912567065
-1.00000000000 0.00000000000 2.42187500000 0.00125000000 0.69357677920 -1.67975626212
-1.00000000000 0.00000000000 2.42187500000 0.00250000000 0.69384177467 -1.68039804803
-1.00000000000 0.00000000000 2.42187500000 0.00375000000 0.69411139958 -1.68105104585
-1.00000000000 0.00000000000 2.42187500000 0.00500000000 0.69438566123 -1.68171527330
-1.00000000000 0.00000000000 2.42187500000 0.00625000000 0.69466456708 -1.68239074839
-1.00000000000 0.00000000000 2.42187500000 0.00750000000 0.69494812465 -1.68307748939
-1.00000000000 0.00000000000 2.42187500000 0.00875000000 0.69523634161 -1.68377551484
-1.00000000000 0.00000000000 2.43750000000 -0.01000000000 0.69141188402 -1.68531646730
-1.00000000000 0.00000000000 2.43750000000 -0.00875000000 0.69163395105 -1.68585775569
-1.00000000000 0.00000000000 2.43750000000 -0.00750000000 0.69186057618 -1.68641015444
-1.00000000000 0.00000000000 2.43750000000 -0.00625000000 0.69209176568 -1.68697367884
-1.00000000000 0.00000000000 2.43750000000 -0.00500000000 0.69232752593 -1.68754834446
-1.00000000000 0.00000000000 2.43750000000 -0.00375000000 0.69256786343 -1.68813416711
-1.00000000000 0.00000000000 2.43750000000 -0.00250000000 0.69281278478 -1.68873116289
-1.00000000000 0.00000000000 2.43750000000 -0.00125000000 0.69306229668 -1.68933934815
-1.00000000000 0.00000000000 2.43750000000 0.00000000000 0.69331640595 -1.68995873949
-1.00000000000 0.00000000000 2.43750000000 0.00125000000 0.69357511952 -1.69058935382
-1.00000000000 0.00000000000 2.43750000000 0.00250000000 0.69383844442 -1.69123120828
-1.00000000000 0.00000000000 2.43750000000 0.00375000000 0.69410638781 -1.69188432029
-1.00000000000 0.00000000000 2.43750000000 0.00500000000 0.69437895695 -1.69254870756
-1.00000000000 0.00000000000 2.43750000000 0.00625000000 0.69465615920 -1.69322438804
-1.00000000000 0.00000000000 2.43750000000 0.00750000000 0.69493800204 -1.69391137998
-1.00000000000 0.00000000000 2.43750000000 0.00875000000 0.69522449308 -1.69460970188
-1.00000000000 0.00000000000 2.45312500000 -0.01000000000 0.69142461304 -1.69615100387
-1.00000000000 0.00000000000 2.45312500000 -0.00875000000 0.69164512528 -1.69669194794
-1.00000000000 0.00000000000 2.45312500000 -0.00750000000 0.69187018534 -1.69724404841
-1.00000000000 0.00000000000 2.45312500000 -0.00625000000 0.69209979945 -1.69780732054
-1.00000000000 0.00000000000 2.45312500000 -0.00500000000 0.69233397394 -1.69838177983
-1.00000000000 0.00000000000 2.45312500000 -0.00375000000 0.69257271524 -1.69896744207
-1.00000000000 0.00000000000 2.45312500000 -0.00250000000 0.69281602989 -1.69956432332
-1.00000000000 0.00000000000 2.45312500000 -0.00125000000 0.69306392454 -1.70017243988
-1.00000000000 0.00000000000 2.45312500000 0.00000000000 0.69331640595 -1.70079180834
-1.00000000000 0.00000000000 2.45312500000 0.00125000000 0.69357348098 -1.70142244554
-1.00000000000 0.00000000000 2.45312500000 0.00250000000 0.69383515663 -1.70206436860
-1.00000000000 0.00000000000 2.45312500000 0.00375000000 0.69410143997 -1.70271759492
-1.00000000000 0.00000000000 2.45312500000 0.00500000000 0.69437233820 -1.70338214214
-1.00000000000 0.00000000000 2.45312500000 0.00625000000 0.69464785863 -1.70405802820
-1.00000000000 0.00000000000 2.45312500000 0.00750000000 0.69492800868 -1.70474527130
-1.00000000000 0.00000000000 2.45312500000 0.00875000000 0.69521279589 -1.70544388992
-1.00000000000 0.00000000000 2.46875000000 -0.01000000000 0.69143718142 -1.70698554163
-1.00000000000 0.00000000000 2.46875000000 -0.00875000000 0.69165615843 -1.70752614112
-1.00000000000 0.00000000000 2.46875000000 -0.00750000000 0.69187967314 -1.70807794307
-1.00000000000 0.00000000000 2.46875000000 -0.00625000000 0.69210773173 -1.70864096270
-1.00000000000 0.00000000000 2.46875000000 -0.00500000000 0.69234034046 -1.70921521550
-1.00000000000 0.00000000000 2.46875000000 -0.00375000000 0.69257750570 -1.70980071720
-1.00000000000 0.00000000000 2.46875000000 -0.00250000000 0.69281923395 -1.71039748382
-1.00000000000 0.00000000000 2.46875000000 -0.00125000000 0.69306553180 -1.71100553163
-1.00000000000 0.00000000000 2.46875000000 0.00000000000 0.69331640595 -1.71162487718
-1.00000000000 0.00000000000 2.46875000000 0.00125000000 0.69357186320 -1.71225553728
-1.00000000000 0.00000000000 2.46875000000 0.00250000000 0.69383191048 -1.71289752901
-1.00000000000 0.00000000000 2.46875000000 0.00375000000 0.69409655482 -1.71355086972
-1.00000000000 0.00000000000 2.46875000000 0.00500000000 0.69436580336 -1.71421557704
-1.00000000000 0.00000000000 2.46875000000 0.00625000000 0.69463966333 -1.71489166885
-1.00000000000 0.00000000000 2.46875000000 0.00750000000 0.69491814211 -1.71557916334
-1.00000000000 0.00000000000 2.46875000000 0.00875000000 0.69520124716 -1.71627807893
-1.00000000000 0.00000000000 2.48437500000 -0.01000000000 0.69144959218 -1.71782008056
-1.00000000000 0.00000000000 2.48437500000 -0.00875000000 0.69166705316 -1.71836033520
-1.00000000000 0.00000000000 2.48437500000 -0.00750000000 0.69188904187 -1.71891183840
-1.00000000000 0.00000000000 2.48437500000 -0.00625000000 0.69211556441 -1.71947460534
-1.00000000000 0.00000000000 2.48437500000 -0.00500000000 0.69234662701 -1.72004865147
-1.00000000000 0.00000000000 2.48437500000 -0.00375000000 0.69258223597 -1.72063399250
-1.00000000000 0.00000000000 2.48437500000 -0.00250000000 0.69282239774 -1.72123064439
-1.00000000000 0.00000000000 2.48437500000 -0.00125000000 0.69306711885 -1.72183862340
-1.00000000000 0.00000000000 2.48437500000 0.00000000000 0.69331640595 -1.72245794602
-1.00000000000 0.00000000000 2.48437500000 0.00125000000 0.69357026578 -1.72308862904
-1.00000000000 0.00000000000 2.48437500000 0.00250000000 0.69382870520 -1.72373068949
-1.00000000000 0.00000000000 2.48437500000 0.00375000000 0.69409173120 -1.72438414470
-1.00000000000 0.00000000000 2.48437500000 0.00500000000 0.69435935084 -1.72504901224
-1.00000000000 0.00000000000 2.48437500000 0.00625000000 0.69463157132 -1.72572530999
-1.00000000000 0.00000000000 2.48437500000 0.00750000000 0.69490839993 -1.72641305608
-1.00000000000 0.00000000000 2.48437500000 0.00875000000 0.69518984409 -1.72711226890
-1.00000000000 0.00000000000 2.50000000000 -0.01000000000 0.69146184826 -1.72865462065
-1.00000000000 0.00000000000 2.50000000000 -0.00875000000 0.69167781207 -1.72919453016
-1.00000000000 0.00000000000 2.50000000000 -0.00750000000 0.69189829375 -1.72974573437
-1.00000000000 0.00000000000 2.50000000000 -0.00625000000 0.69212329937 -1.73030824843
-1.00000000000 0.00000000000 2.50000000000 -0.00500000000 0.69235283509 -1.73088208773
-1.00000000000 0.00000000000 2.50000000000 -0.00375000000 0.69258690718 -1.73146726796
-1.00000000000 0.00000000000 2.50000000000 -0.00250000000 0.69282552202 -1.73206380504
-1.00000000000 0.00000000000 2.50000000000 -0.00125000000 0.69306868608 -1.73267171519
-1.00000000000 0.00000000000 2.50000000000 0.00000000000 0.69331640595 -1.73329101486
-1.00000000000 0.00000000000 2.50000000000 0.00125000000 0.69356868833 -1.73392172081
-1.00000000000 0.00000000000 2.50000000000 0.00250000000 0.69382554002 -1.73456385004
-1.00000000000 0.00000000000 2.50000000000 0.00375000000 0.69408696794 -1.73521741984
-1.00000000000 0.00000000000 2.50000000000 0.00500000000 0.69435297910 -1.73588244775
-1.00000000000 0.00000000000 2.50000000000 0.00625000000 0.69462358064 -1.73655895161
-1.00000000000 0.00000000000 2.50000000000 0.00750000000 0.69489877980 -1.73724694951
-1.00000000000 0.00000000000 2.50000000000 0.00875000000 0.69517858393 -1.73794645982
-1.00000000000 0.00000000000 2.51562500000 -0.01000000000 0.69147395255 -1.73948916188
-1.00000000000 0.00000000000 2.51562500000 -0.00875000000 0.69168843766 -1.74002872600
-1.00000000000 0.00000000000 2.51562500000 -0.00750000000 0.69190743095 -1.74057963099
-1.00000000000 0.00000000000 2.51562500000 -0.00625000000 0.69213093842 -1.74114189197
-1.00000000000 0.00000000000 2.51562500000 -0.00500000000 0.69235896618 -1.74171552429
-1.00000000000 0.00000000000 2.51562500000 -0.00375000000 0.69259152043 -1.74230054359
-1.00000000000 0.00000000000 2.51562500000 -0.00250000000 0.69282860751 -1.74289696577
-1.00000000000 0.00000000000 2.51562500000 -0.00125000000 0.69307023384 -1.74350480700
-1.00000000000 0.00000000000 2.51562500000 0.00000000000 0.69331640595 -1.74412408371
-1.00000000000 0.00000000000 2.51562500000 0.00125000000 0.69356713048 -1.74475481261
-1.00000000000 0.00000000000 2.51562500000 0.00250000000 0.69382241418 -1.74539701067
-1.00000000000 0.00000000000 2.51562500000 0.00375000000 0.69408226391 -1.74605069515
-1.00000000000 0.00000000000 2.51562500000 0.00500000000 0.69434668663 -1.74671588356
-1.00000000000 0.00000000000 2.51562500000 0.00625000000 0.69461568942 -1.74739259369
-1.00000000000 0.00000000000 2.51562500000 0.00750000000 0.69488927945 -1.74808084361
-1.00000000000 0.00000000000 2.51562500000 0.00875000000 0.69516746402 -1.74878065167
-1.00000000000 0.00000000000 2.53125000000 -0.01000000000 0.69148590784 -1.75032370421
-1.00000000000 0.00000000000 2.53125000000 -0.00875000000 0.69169893242 -1.75086292269
-1.00000000000 0.00000000000 2.53125000000 -0.00750000000 0.69191645560 -1.75141352825
-1.00000000000 0.00000000000 2.53125000000 -0.00625000000 0.69213848334 -1.75197553595
-1.00000000000 0.00000000000 2.53125000000 -0.00500000000 0.69236502168 -1.75254896112
-1.00000000000 0.00000000000 2.53125000000 -0.00375000000 0.69259607679 -1.75313381937
-1.00000000000 0.00000000000 2.53125000000 -0.00250000000 0.69283165494 -1.75373012656
-1.00000000000 0.00000000000 2.53125000000 -0.00125000000 0.69307176250 -1.75433789882
-1.00000000000 0.00000000000 2.53125000000 0.00000000000 0.69331640595 -1.75495715255
-1.00000000000 0.00000000000 2.53125000000 0.00125000000 0.69356559187 -1.75558790442
-1.00000000000 0.00000000000 2.53125000000 0.00250000000 0.69381932696 -1.75623017138
-1.00000000000 0.00000000000 2.53125000000 0.00375000000 0.69407761803 -1.75688397063
-1.00000000000 0.00000000000 2.53125000000 0.00500000000 0.69434047196 -1.75754931966
-1.00000000000 0.00000000000 2.53125000000 0.00625000000 0.69460789580 -1.75822623623
-1.00000000000 0.00000000000 2.53125000000 0.00750000000 0.69487989664 -1.75891473838
-1.00000000000 0.00000000000 2.53125000000 0.00875000000 0.69515648174 -1.75961484442
-1.00000000000 0.00000000000 2.54687500000 -0.01000000000 0.69149771686 -1.76115824764
-1.00000000000 0.00000000000 2.54687500000 -0.00875000000 0.69170929874 -1.76169712022
-1.00000000000 0.00000000000 2.54687500000 -0.00750000000 0.69192536976 -1.76224742612
-1.00000000000 0.00000000000 2.54687500000 -0.00625000000 0.69214593585 -1.76280918036
-1.00000000000 0.00000000000 2.54687500000 -0.00500000000 0.69237100299 -1.76338239824
-1.00000000000 0.00000000000 2.54687500000 -0.00375000000 0.69260057730 -1.76396709532
-1.00000000000 0.00000000000 2.54687500000 -0.00250000000 0.69283466500 -1.76456328743
-1.00000000000 0.00000000000 2.54687500000 -0.00125000000 0.69307327241 -1.76517099066
-1.00000000000 0.00000000000 2.54687500000 0.00000000000 0.69331640595 -1.76579022139
-1.00000000000 0.00000000000 2.54687500000 0.00125000000 0.69356407215 -1.76642099625
-1.00000000000 0.00000000000 2.54687500000 0.00250000000 0.69381627765 -1.76706333215
-1.00000000000 0.00000000000 2.54687500000 0.00375000000 0.69407302921 -1.76771724626
-1.00000000000 0.00000000000 2.54687500000 0.00500000000 0.69433433366 -1.76838275605
-1.00000000000 0.00000000000 2.54687500000 0.00625000000 0.69460019798 -1.76905987923
-1.00000000000 0.00000000000 2.54687500000 0.00750000000 0.69487062922 -1.76974863380
-1.00000000000 0.00000000000 2.54687500000 0.00875000000 0.69514563457 -1.77044903806
-1.00000000000 0.00000000000 2.56250000000 -0.01000000000 0.69150938230 -1.77199279213
-1.00000000000 0.00000000000 2.56250000000 -0.00875000000 0.69171953896 -1.77253131857
-1.00000000000 0.00000000000 2.56250000000 -0.00750000000 0.69193417545 -1.77308132459
-1.00000000000 0.00000000000 2.56250000000 -0.00625000000 0.69215329764 -1.77364282519
-1.00000000000 0.00000000000 2.56250000000 -0.00500000000 0.69237691146 -1.77421583562
-1.00000000000 0.00000000000 2.56250000000 -0.00375000000 0.69260502299 -1.77480037141
-1.00000000000 0.00000000000 2.56250000000 -0.00250000000 0.69283763838 -1.77539644836
-1.00000000000 0.00000000000 2.56250000000 -0.00125000000 0.69307476391 -1.77600408252
-1.00000000000 0.00000000000 2.56250000000 0.00000000000 0.69331640595 -1.77662329024
-1.00000000000 0.00000000000 2.56250000000 0.00125000000 0.69356257097 -1.77725408810
-1.00000000000 0.00000000000 2.56250000000 0.00250000000 0.69381326556 -1.77789649299
-1.00000000000 0.00000000000 2.56250000000 0.00375000000 0.69406849641 -1.77855052206
-1.00000000000 0.00000000000 2.56250000000 0.00500000000 0.69432827033 -1.77921619272
-1.00000000000 0.00000000000 2.56250000000 0.00625000000 0.69459259421 -1.77989352266
-1.00000000000 0.00000000000 2.56250000000 0.00750000000 0.69486147507 -1.78058252987
-1.00000000000 0.00000000000 2.56250000000 0.00875000000 0.69513492003 -1.78128323257
-1.00000000000 0.00000000000 2.57812500000 -0.01000000000 0.69152090674 -1.78282733768
-1.00000000000 0.00000000000 2.57812500000 -0.00875000000 0.69172965536 -1.78336551773
-1.00000000000 0.00000000000 2.57812500000 -0.00750000000 0.69194287464 -1.78391522367
-1.00000000000 0.00000000000 2.57812500000 -0.00625000000 0.69216057035 -1.78447647044
-1.00000000000 0.00000000000 2.57812500000 -0.00500000000 0.69238274842 -1.78504927327
-1.00000000000 0.00000000000 2.57812500000 -0.00375000000 0.69260941485 -1.78563364766
-1.00000000000 0.00000000000 2.57812500000 -0.00250000000 0.69284057575 -1.78622960936
-1.00000000000 0.00000000000 2.57812500000 -0.00125000000 0.69307623734 -1.78683717440
-1.00000000000 0.00000000000 2.57812500000 0.00000000000 0.69331640595 -1.78745635908
-1.00000000000 0.00000000000 2.57812500000 0.00125000000 0.69356108799 -1.78808717997
-1.00000000000 0.00000000000 2.57812500000 0.00250000000 0.69381029000 -1.78872965391
-1.00000000000 0.00000000000 2.57812500000 0.00375000000 0.69406401862 -1.78938379801
-1.00000000000 0.00000000000 2.57812500000 0.00500000000 0.69432228060 -1.79004962966
-1.00000000000 0.00000000000 2.57812500000 0.00625000000 0.69458508278 -1.79072716653
-1.00000000000 0.00000000000 2.57812500000 0.00750000000 0.69485243212 -1.79141642656
-1.00000000000 0.00000000000 2.57812500000 0.00875000000 0.69512433569 -1.79211742795
-1.00000000000 0.00000000000 2.59375000000 -0.01000000000 0.69153229273 -1.79366188426
-1.00000000000 0.00000000000 2.59375000000 -0.00875000000 0.69173965019 -1.79419971769
-1.00000000000 0.00000000000 2.59375000000 -0.00750000000 0.69195146924 -1.79474912333
-1.00000000000 0.00000000000 2.59375000000 -0.00625000000 0.69216775560 -1.79531011610
-1.00000000000 0.00000000000 2.59375000000 -0.00500000000 0.69238851516 -1.79588271119
-1.00000000000 0.00000000000 2.59375000000 -0.00375000000 0.69261375385 -1.79646692406
-1.00000000000 0.00000000000 2.59375000000 -0.00250000000 0.69284347775 -1.79706277043
-1.00000000000 0.00000000000 2.59375000000 -0.00125000000 0.69307769303 -1.79767026629
-1.00000000000 0.00000000000 2.59375000000 0.00000000000 0.69331640595 -1.79828942792
-1.00000000000 0.00000000000 2.59375000000 0.00125000000 0.69355962288 -1.79892027185
-1.00000000000 0.00000000000 2.59375000000 0.00250000000 0.69380735032 -1.79956281489
-1.00000000000 0.00000000000 2.59375000000 0.00375000000 0.69405959484 -1.80021707411
-1.00000000000 0.00000000000 2.59375000000 0.00500000000 0.69431636313 -1.80088306688
-1.00000000000 0.00000000000 2.59375000000 0.00625000000 0.69457766201 -1.80156081083
-1.00000000000 0.00000000000 2.59375000000 0.00750000000 0.69484349836 -1.80225032386
-1.00000000000 0.00000000000 2.59375000000 0.00875000000 0.69511387920 -1.80295162417
-1.00000000000 0.00000000000 2.60937500000 -0.01000000000 0.69154354275 -1.80449643186
-1.00000000000 0.00000000000 2.60937500000 -0.00875000000 0.69174952562 -1.80503391843
-1.00000000000 0.00000000000 2.60937500000 -0.00750000000 0.69195996113 -1.80558302356
-1.00000000000 0.00000000000 2.60937500000 -0.00625000000 0.69217485496 -1.80614376216
-1.00000000000 0.00000000000 2.60937500000 -0.00500000000 0.69239421293 -1.80671614936
-1.00000000000 0.00000000000 2.60937500000 -0.00375000000 0.69261804095 -1.80730020060
-1.00000000000 0.00000000000 2.60937500000 -0.00250000000 0.69284634503 -1.80789593156
-1.00000000000 0.00000000000 2.60937500000 -0.00125000000 0.69307913129 -1.80850335820
-1.00000000000 0.00000000000 2.60937500000 0.00000000000 0.69331640595 -1.80912249676
-1.00000000000 0.00000000000 2.60937500000 0.00125000000 0.69355817533 -1.80975336375
-1.00000000000 0.00000000000 2.60937500000 0.00250000000 0.69380444587 -1.81039597593
-1.00000000000 0.00000000000 2.60937500000 0.00375000000 0.69405522409 -1.81105035036
-1.00000000000 0.00000000000 2.60937500000 0.00500000000 0.69431051664 -1.81171650437
-1.00000000000 0.00000000000 2.60937500000 0.00625000000 0.69457033027 -1.81239445554
-1.00000000000 0.00000000000 2.60937500000 0.00750000000 0.69483467182 -1.81308422178
-1.00000000000 0.00000000000 2.60937500000 0.00875000000 0.69510354825 -1.81378582121
-1.00000000000 0.00000000000 2.62500000000 -0.01000000000 0.69155465922 -1.81533098045
-1.00000000000 0.00000000000 2.62500000000 -0.00875000000 0.69175928378 -1.81586811993
-1.00000000000 0.00000000000 2.62500000000 -0.00750000000 0.69196835214 -1.81641692436
-1.00000000000 0.00000000000 2.62500000000 -0.00625000000 0.69218186995 -1.81697740861
-1.00000000000 0.00000000000 2.62500000000 -0.00500000000 0.69239984297 -1.81754958779
-1.00000000000 0.00000000000 2.62500000000 -0.00375000000 0.69262227706 -1.81813347728
-1.00000000000 0.00000000000 2.62500000000 -0.00250000000 0.69284917819 -1.81872909275
-1.00000000000 0.00000000000 2.62500000000 -0.00125000000 0.69308055243 -1.81933645013
-1.00000000000 0.00000000000 2.62500000000 0.00000000000 0.69331640595 -1.81995556561
-1.00000000000 0.00000000000 2.62500000000 0.00125000000 0.69355674501 -1.82058645566
-1.00000000000 0.00000000000 2.62500000000 0.00250000000 0.69380157602 -1.82122913704
-1.00000000000 0.00000000000 2.62500000000 0.00375000000 0.69405090543 -1.82188362676
-1.00000000000 0.00000000000 2.62500000000 0.00500000000 0.69430473985 -1.82254994211
-1.00000000000 0.00000000000 2.62500000000 0.00625000000 0.69456308597 -1.82322810067
-1.00000000000 0.00000000000 2.62500000000 0.00750000000 0.69482595058 -1.82391812028
-1.00000000000 0.00000000000 2.62500000000 0.00875000000 0.69509334060 -1.82462001907
-1.00000000000 0.00000000000 2.64062500000 -0.01000000000 0.69156564450 -1.82616553002
-1.00000000000 0.00000000000 2.64062500000 -0.00875000000 0.69176892674 -1.82670232218
-1.00000000000 0.00000000000 2.64062500000 -0.00750000000 0.69197664406 -1.82725082572
-1.00000000000 0.00000000000 2.64062500000 -0.00625000000 0.69218880206 -1.82781105545
-1.00000000000 0.00000000000 2.64062500000 -0.00500000000 0.69240540647 -1.82838302646
-1.00000000000 0.00000000000 2.64062500000 -0.00375000000 0.69262646309 -1.82896675411
-1.00000000000 0.00000000000 2.64062500000 -0.00250000000 0.69285197785 -1.82956225401
-1.00000000000 0.00000000000 2.64062500000 -0.00125000000 0.69308195676 -1.83016954207
-1.00000000000 0.00000000000 2.64062500000 0.00000000000 0.69331640595 -1.83078863445
-1.00000000000 0.00000000000 2.64062500000 0.00125000000 0.69355533163 -1.83141954759
-1.00000000000 0.00000000000 2.64062500000 0.00250000000 0.69379874015 -1.83206229822
-1.00000000000 0.00000000000 2.64062500000 0.00375000000 0.69404663794 -1.83271690330
-1.00000000000 0.00000000000 2.64062500000 0.00500000000 0.69429903152 -1.83338338012
-1.00000000000 0.00000000000 2.64062500000 0.00625000000 0.69455592756 -1.83406174620
-1.00000000000 0.00000000000 2.64062500000 0.00750000000 0.69481733278 -1.83475201938
-1.00000000000 0.00000000000 2.64062500000 0.00875000000 0.69508325405 -1.83545421773
-1.00000000000 0.00000000000 2.65625000000 -0.01000000000 0.69157650091 -1.83700008055
-1.00000000000 0.00000000000 2.65625000000 -0.00875000000 0.69177845654 -1.83753652517
-1.00000000000 0.00000000000 2.65625000000 -0.00750000000 0.69198483863 -1.83808472762
-1.00000000000 0.00000000000 2.65625000000 -0.00625000000 0.69219565277 -1.83864470267
-1.00000000000 0.00000000000 2.65625000000 -0.00500000000 0.69241090461 -1.83921646538
-1.00000000000 0.00000000000 2.65625000000 -0.00375000000 0.69263059993 -1.83980003107
-1.00000000000 0.00000000000 2.65625000000 -0.00250000000 0.69285474460 -1.84039541533
-1.00000000000 0.00000000000 2.65625000000 -0.00125000000 0.69308334457 -1.84100263403
-1.00000000000 0.00000000000 2.65625000000 0.00000000000 0.69331640595 -1.84162170329
-1.00000000000 0.00000000000 2.65625000000 0.00125000000 0.69355393489 -1.84225263954
-1.00000000000 0.00000000000 2.65625000000 0.00250000000 0.69379593768 -1.84289545945
-1.00000000000 0.00000000000 2.65625000000 0.00375000000 0.69404242070 -1.84355017999
-1.00000000000 0.00000000000 2.65625000000 0.00500000000 0.69429339045 -1.84421681837
-1.00000000000 0.00000000000 2.65625000000 0.00625000000 0.69454885351 -1.84489539213
-1.00000000000 0.00000000000 2.65625000000 0.00750000000 0.69480881658 -1.84558591904
-1.00000000000 0.00000000000 2.65625000000 0.00875000000 0.69507328647 -1.84628841718
-1.00000000000 0.00000000000 2.67187500000 -0.01000000000 0.69158723070 -1.84783463202
-1.00000000000 0.00000000000 2.67187500000 -0.00875000000 0.69178787514 -1.84837072889
-1.00000000000 0.00000000000 2.67187500000 -0.00750000000 0.69199293757 -1.84891863006
-1.00000000000 0.00000000000 2.67187500000 -0.00625000000 0.69220242349 -1.84947835027
-1.00000000000 0.00000000000 2.67187500000 -0.00500000000 0.69241633854 -1.85004990454
-1.00000000000 0.00000000000 2.67187500000 -0.00375000000 0.69263468844 -1.85063330817
-1.00000000000 0.00000000000 2.67187500000 -0.00250000000 0.69285747900 -1.85122857671
-1.00000000000 0.00000000000 2.67187500000 -0.00125000000 0.69308471616 -1.85183572600
-1.00000000000 0.00000000000 2.67187500000 0.00000000000 0.69331640595 -1.85245477214
-1.00000000000 0.00000000000 2.67187500000 0.00125000000 0.69355255448 -1.85308573150
-1.00000000000 0.00000000000 2.67187500000 0.00250000000 0.69379316800 -1.85372862075
-1.00000000000 0.00000000000 2.67187500000 0.00375000000 0.69403825284 -1.85438345681
-1.00000000000 0.00000000000 2.67187500000 0.00500000000 0.69428781544 -1.85505025688
-1.00000000000 0.00000000000 2.67187500000 0.00625000000 0.69454186234 -1.85572903845
-1.00000000000 0.00000000000 2.67187500000 0.00750000000 0.69480040020 -1.85641981927
-1.00000000000 0.00000000000 2.67187500000 0.00875000000 0.69506343575 -1.85712261739
-1.00000000000 0.00000000000 2.68750000000 -0.01000000000 0.69159783606 -1.85866918442
-1.00000000000 0.00000000000 2.68750000000 -0.00875000000 0.69179718449 -1.85920493332
-1.00000000000 0.00000000000 2.68750000000 -0.00750000000 0.69200094252 -1.85975253302
-1.00000000000 0.00000000000 2.68750000000 -0.00625000000 0.69220911562 -1.86031199823
-1.00000000000 0.00000000000 2.68750000000 -0.00500000000 0.69242170937 -1.86088334394
-1.00000000000 0.00000000000 2.68750000000 -0.00375000000 0.69263872945 -1.86146658540
-1.00000000000 0.00000000000 2.68750000000 -0.00250000000 0.69286018164 -1.86206173815
-1.00000000000 0.00000000000 2.68750000000 -0.00125000000 0.69308607181 -1.86266881799
-1.00000000000 0.00000000000 2.68750000000 0.00000000000 0.69331640595 -1.86328784098
-1.00000000000 0.00000000000 2.68750000000 0.00125000000 0.69355119013 -1.86391882348
-1.00000000000 0.00000000000 2.68750000000 0.00250000000 0.69379043055 -1.86456178211
-1.00000000000 0.00000000000 2.68750000000 0.00375000000 0.69403413350 -1.86521673377
-1.00000000000 0.00000000000 2.68750000000 0.00500000000 0.69428230535 -1.86588369563
-1.00000000000 0.00000000000 2.68750000000 0.00625000000 0.69453495261 -1.86656268515
-1.00000000000 0.00000000000 2.68750000000 0.00750000000 0.69479208188 -1.86725372006
-1.00000000000 0.00000000000 2.68750000000 0.00875000000 0.69505369986 -1.86795681836
-1.00000000000 0.00000000000 2.70312500000 -0.01000000000 0.69160831916 -1.86950373774
-1.00000000000 0.00000000000 2.70312500000 -0.00875000000 0.69180638648 -1.87003913846
-1.00000000000 0.00000000000 2.70312500000 -0.00750000000 0.69200885512 -1.87058643650
-1.00000000000 0.00000000000 2.70312500000 -0.00625000000 0.69221573052 -1.87114564655
-1.00000000000 0.00000000000 2.70312500000 -0.00500000000 0.69242701820 -1.87171678356
-1.00000000000 0.00000000000 2.70312500000 -0.00375000000 0.69264272380 -1.87229986276
-1.00000000000 0.00000000000 2.70312500000 -0.00250000000 0.69286285305 -1.87289489965
-1.00000000000 0.00000000000 2.70312500000 -0.00125000000 0.69308741179 -1.87350190999
-1.00000000000 0.00000000000 2.70312500000 0.00000000000 0.69331640595 -1.87412090982
-1.00000000000 0.00000000000 2.70312500000 0.00125000000 0.69354984156 -1.87475191547
-1.00000000000 0.00000000000 2.70312500000 0.00250000000 0.69378772477 -1.87539494353
-1.00000000000 0.00000000000 2.70312500000 0.00375000000 0.69403006182 -1.87605001086
-1.00000000000 0.00000000000 2.70312500000 0.00500000000 0.69427685905 -1.87671713462
-1.00000000000 0.00000000000 2.70312500000 0.00625000000 0.69452812290 -1.87739633223
-1.00000000000 0.00000000000 2.70312500000 0.00750000000 0.69478385993 -1.87808762138
-1.00000000000 0.00000000000 2.70312500000 0.00875000000 0.69504407679 -1.87879102008
-1.00000000000 0.00000000000 2.71875000000 -0.01000000000 0.69161868210 -1.88033829195
-1.00000000000 0.00000000000 2.71875000000 -0.00875000000 0.69181548295 -1.88087334428
-1.00000000000 0.00000000000 2.71875000000 -0.00750000000 0.69201667696 -1.88142034049
-1.00000000000 0.00000000000 2.71875000000 -0.00625000000 0.69222226951 -1.88197929523
-1.00000000000 0.00000000000 2.71875000000 -0.00500000000 0.69243226609 -1.88255022342
-1.00000000000 0.00000000000 2.71875000000 -0.00375000000 0.69264667228 -1.88313314026
-1.00000000000 0.00000000000 2.71875000000 -0.00250000000 0.69286549378 -1.88372806120
-1.00000000000 0.00000000000 2.71875000000 -0.00125000000 0.69308873637 -1.88433500200
-1.00000000000 0.00000000000 2.71875000000 0.00000000000 0.69331640595 -1.88495397867
-1.00000000000 0.00000000000 2.71875000000 0.00125000000 0.69354850850 -1.88558500748
-1.00000000000 0.00000000000 2.71875000000 0.00250000000 0.69378505012 -1.88622810501
-1.00000000000 0.00000000000 2.71875000000 0.00375000000 0.69402603700 -1.88688328809
-1.00000000000 0.00000000000 2.71875000000 0.00500000000 0.69427147544 -1.88755057385
-1.00000000000 0.00000000000 2.71875000000 0.00625000000 0.69452137183 -1.88822997967
-1.00000000000 0.00000000000 2.71875000000 0.00750000000 0.69477573269 -1.88892152325
-1.00000000000 0.00000000000 2.71875000000 0.00875000000 0.69503456461 -1.88962522253
-1.00000000000 0.00000000000 2.73437500000 -0.01000000000 0.69162892692 -1.89117284704
-1.00000000000 0.00000000000 2.73437500000 -0.00875000000 0.69182447571 -1.89170755078
-1.00000000000 0.00000000000 2.73437500000 -0.00750000000 0.69202440959 -1.89225424498
-1.00000000000 0.00000000000 2.73437500000 -0.00625000000 0.69222873390 -1.89281294425
-1.00000000000 0.00000000000 2.73437500000 -0.00500000000 0.69243745408 -1.89338366350
-1.00000000000 0.00000000000 2.73437500000 -0.00375000000 0.69265057568 -1.89396641788
-1.00000000000 0.00000000000 2.73437500000 -0.00250000000 0.69286810434 -1.89456122282
-1.00000000000 0.00000000000 2.73437500000 -0.00125000000 0.69309004582 -1.89516809403
-1.00000000000 0.00000000000 2.73437500000 0.00000000000 0.69331640595 -1.89578704751
-1.00000000000 0.00000000000 2.73437500000 0.00125000000 0.69354719067 -1.89641809950
-1.00000000000 0.00000000000 2.73437500000 0.00250000000 0.69378240605 -1.89706126654
-1.00000000000 0.00000000000 2.73437500000 0.00375000000 0.69402205822 -1.89771656545
-1.00000000000 0.00000000000 2.73437500000 0.00500000000 0.69426615344 -1.89838401330
-1.00000000000 0.00000000000 2.73437500000 0.00625000000 0.69451469805 -1.89906362748
-1.00000000000 0.00000000000 2.73437500000 0.00750000000 0.69476769852 -1.89975542564
-1.00000000000 0.00000000000 2.73437500000 0.00875000000 0.69502516140 -1.90045942569
-1.00000000000 0.00000000000 2.75000000000 -0.01000000000 0.69163905563 -1.90200740300
-1.00000000000 0.00000000000 2.75000000000 -0.00875000000 0.69183336653 -1.90254175795
-1.00000000000 0.00000000000 2.75000000000 -0.00750000000 0.69203205453 -1.90308814996
-1.00000000000 0.00000000000 2.75000000000 -0.00625000000 0.69223512495 -1.90364659362
-1.00000000000 0.00000000000 2.75000000000 -0.00500000000 0.69244258320 -1.90421710380
-1.00000000000 0.00000000000 2.75000000000 -0.00375000000 0.69265443477 -1.90479969562
-1.00000000000 0.00000000000 2.75000000000 -0.00250000000 0.69287068527 -1.90539438448
-1.00000000000 0.00000000000 2.75000000000 -0.00125000000 0.69309134039 -1.90600118608
-1.00000000000 0.00000000000 2.75000000000 0.00000000000 0.69331640595 -1.90662011635
-1.00000000000 0.00000000000 2.75000000000 0.00125000000 0.69354588783 -1.90725119153
-1.00000000000 0.00000000000 2.75000000000 0.00250000000 0.69377979205 -1.90789442813
-1.00000000000 0.00000000000 2.75000000000 0.00375000000 0.69401812470 -1.90854984293
-1.00000000000 0.00000000000 2.75000000000 0.00500000000 0.69426089200 -1.90921745299
-1.00000000000 0.00000000000 2.75000000000 0.00625000000 0.69450810024 -1.90989727565
-1.00000000000 0.00000000000 2.75000000000 0.00750000000 0.69475975583 -1.91058932854
-1.00000000000 0.00000000000 2.75000000000 0.00875000000 0.69501586530 -1.91129362956
-1.00000000000 0.00000000000 2.76562500000 -0.01000000000 0.69164907021 -1.91284195980
-1.00000000000 0.00000000000 2.76562500000 -0.00875000000 0.69184215711 -1.91337596576
-1.00000000000 0.00000000000 2.76562500000 -0.00750000000 0.69203961326 -1.91392205542
-1.00000000000 0.00000000000 2.76562500000 -0.00625000000 0.69224144392 -1.91448024333
-1.00000000000 0.00000000000 2.76562500000 -0.00500000000 0.69244765444 -1.91505054431
-1.00000000000 0.00000000000 2.76562500000 -0.00375000000 0.69265825030 -1.91563297348
-1.00000000000 0.00000000000 2.76562500000 -0.00250000000 0.69287323705 -1.91622754621
-1.00000000000 0.00000000000 2.76562500000 -0.00125000000 0.69309262034 -1.91683427814
-1.00000000000 0.00000000000 2.76562500000 0.00000000000 0.69331640595 -1.91745318519
-1.00000000000 0.00000000000 2.76562500000 0.00125000000 0.69354459971 -1.91808428358
-1.00000000000 0.00000000000 2.76562500000 0.00250000000 0.69377720760 -1.91872758978
-1.00000000000 0.00000000000 2.76562500000 0.00375000000 0.69401423567 -1.91938312054
-1.00000000000 0.00000000000 2.76562500000 0.00500000000 0.69425569009 -1.92005089290
-1.00000000000 0.00000000000 2.76562500000 0.00625000000 0.69450157710 -1.92073092417
-1.00000000000 0.00000000000 2.76562500000 0.00750000000 0.69475190308 -1.92142323196
-1.00000000000 0.00000000000 2.76562500000 0.00875000000 0.69500667449 -1.92212783413
-1.00000000000 0.00000000000 2.78125000000 -0.01000000000 0.69165897257 -1.92367651745
-1.00000000000 0.00000000000 2.78125000000 -0.00875000000 0.69185084916 -1.92421017423
-1.00000000000 0.00000000000 2.78125000000 -0.00750000000 0.69204708723 -1.92475596136
-1.00000000000 0.00000000000 2.78125000000 -0.00625000000 0.69224769200 -1.92531389336
-1.00000000000 0.00000000000 2.78125000000 -0.00500000000 0.69245266878 -1.92588398504
-1.00000000000 0.00000000000 2.78125000000 -0.00375000000 0.69266202300 -1.92646625147
-1.00000000000 0.00000000000 2.78125000000 -0.00250000000 0.69287576017 -1.92706070798
-1.00000000000 0.00000000000 2.78125000000 -0.00125000000 0.69309388592 -1.92766737021
-1.00000000000 0.00000000000 2.78125000000 0.00000000000 0.69331640595 -1.92828625404
-1.00000000000 0.00000000000 2.78125000000 0.00125000000 0.69354332607 -1.92891737564
-1.00000000000 0.00000000000 2.78125000000 0.00250000000 0.69377465222 -1.92956075148
-1.00000000000 0.00000000000 2.78125000000 0.00375000000 0.69401039039 -1.93021639827
-1.00000000000 0.00000000000 2.78125000000 0.00500000000 0.69425054671 -1.93088433303
-1.00000000000 0.00000000000 2.78125000000 0.00625000000 0.69449512738 -1.93156457304
-1.00000000000 0.00000000000 2.78125000000 0.00750000000 0.69474413874 -1.93225713587
-1.00000000000 0.00000000000 2.78125000000 0.00875000000 0.69499758719 -1.93296203938
-1.00000000000 0.00000000000 2.79687500000 -0.01000000000 0.69166876457 -1.93451107592
-1.00000000000 0.00000000000 2.79687500000 -0.00875000000 0.69185944432 -1.93504438332
-1.00000000000 0.00000000000 2.79687500000 -0.00750000000 0.69205447786 -1.93558986776
-1.00000000000 0.00000000000 2.79687500000 -0.00625000000 0.69225387038 -1.93614754373
-1.00000000000 0.00000000000 2.79687500000 -0.00500000000 0.69245762717 -1.93671742598
-1.00000000000 0.00000000000 2.79687500000 -0.00375000000 0.69266575359 -1.93729952957
-1.00000000000 0.00000000000 2.79687500000 -0.00250000000 0.69287825513 -1.93789386981
-1.00000000000 0.00000000000 2.79687500000 -0.00125000000 0.69309513736 -1.93850046229
-1.00000000000 0.00000000000 2.79687500000 0.00000000000 0.69331640595 -1.93911932288
-1.00000000000 0.00000000000 2.79687500000 0.00125000000 0.69354206667 -1.93975046772
-1.00000000000 0.00000000000 2.79687500000 0.00250000000 0.69377212540 -1.94039391323
-1.00000000000 0.00000000000 2.79687500000 0.00375000000 0.69400658811 -1.94104967612
-1.00000000000 0.00000000000 2.79687500000 0.00500000000 0.69424546087 -1.94171777337
-1.00000000000 0.00000000000 2.79687500000 0.00625000000 0.69448874985 -1.94239822224
-1.00000000000 0.00000000000 2.79687500000 0.00750000000 0.69473646133 -1.94309104028
-1.00000000000 0.00000000000 2.79687500000 0.00875000000 0.69498860167 -1.94379624530
-1.00000000000 0.00000000000 2.81250000000 -0.01000000000 0.69167844807 -1.94534563520
-1.00000000000 0.00000000000 2.81250000000 -0.00875000000 0.69186794419 -1.94587859304
-1.00000000000 0.00000000000 2.81250000000 -0.00750000000 0.69206178653 -1.94642377462
-1.00000000000 0.00000000000 2.81250000000 -0.00625000000 0.69225998023 -1.94698119441
-1.00000000000 0.00000000000 2.81250000000 -0.00500000000 0.69246253053 -1.94755086712
-1.00000000000 0.00000000000 2.81250000000 -0.00375000000 0.69266944277 -1.94813280779
-1.00000000000 0.00000000000 2.81250000000 -0.00250000000 0.69288072238 -1.94872703169
-1.00000000000 0.00000000000 2.81250000000 -0.00125000000 0.69309637489 -1.94933355439
-1.00000000000 0.00000000000 2.81250000000 0.00000000000 0.69331640595 -1.94995239172
-1.00000000000 0.00000000000 2.81250000000 0.00125000000 0.69354082127 -1.95058355981
-1.00000000000 0.00000000000 2.81250000000 0.00250000000 0.69376962668 -1.95122707504
-1.00000000000 0.00000000000 2.81250000000 0.00375000000 0.69400282812 -1.95188295410
-1.00000000000 0.00000000000 2.81250000000 0.00500000000 0.69424043162 -1.95255121393
-1.00000000000 0.00000000000 2.81250000000 0.00625000000 0.69448244330 -1.95323187178
-1.00000000000 0.00000000000 2.81250000000 0.00750000000 0.69472886939 -1.95392494516
-1.00000000000 0.00000000000 2.81250000000 0.00875000000 0.69497971623 -1.95463045188
-1.00000000000 0.00000000000 2.82812500000 -0.01000000000 0.69168802485 -1.95618019527
-1.00000000000 0.00000000000 2.82812500000 -0.00875000000 0.69187635036 -1.95671280337
-1.00000000000 0.00000000000 2.82812500000 -0.00750000000 0.69206901461 -1.95725768194
-1.00000000000 0.00000000000 2.82812500000 -0.00625000000 0.69226602268 -1.95781484540
-1.00000000000 0.00000000000 2.82812500000 -0.00500000000 0.69246737979 -1.95838430847
-1.00000000000 0.00000000000 2.82812500000 -0.00375000000 0.69267309123 -1.95896608613
-1.00000000000 0.00000000000 2.82812500000 -0.00250000000 0.69288316239 -1.95956019362
-1.00000000000 0.00000000000 2.82812500000 -0.00125000000 0.69309759876 -1.96016664650
-1.00000000000 0.00000000000 2.82812500000 0.00000000000 0.69331640595 -1.96078546057
-1.00000000000 0.00000000000 2.82812500000 0.00125000000 0.69353958963 -1.96141665191
-1.00000000000 0.00000000000 2.82812500000 0.00250000000 0.69376715559 -1.96206023690
-1.00000000000 0.00000000000 2.82812500000 0.00375000000 0.69399910972 -1.96271623219
-1.00000000000 0.00000000000 2.82812500000 0.00500000000 0.69423545802 -1.96338465470
-1.00000000000 0.00000000000 2.82812500000 0.00625000000 0.69447620655 -1.96406552165
-1.00000000000 0.00000000000 2.82812500000 0.00750000000 0.69472136151 -1.96475885053
-1.00000000000 0.00000000000 2.82812500000 0.00875000000 0.69497092919 -1.96546465912
-1.00000000000 0.00000000000 2.84375000000 -0.01000000000 0.69169749666 -1.96701475613
-1.00000000000 0.00000000000 2.84375000000 -0.00875000000 0.69188466437 -1.96754701430
-1.00000000000 0.00000000000 2.84375000000 -0.00750000000 0.69207616341 -1.96809158970
-1.00000000000 0.00000000000 2.84375000000 -0.00625000000 0.69227199884 -1.96864849671
-1.00000000000 0.00000000000 2.84375000000 -0.00500000000 0.69247217583 -1.96921775002
-1.00000000000 0.00000000000 2.84375000000 -0.00375000000 0.69267669963 -1.96979936457
-1.00000000000 0.00000000000 2.84375000000 -0.00250000000 0.69288557560 -1.97039335561
-1.00000000000 0.00000000000 2.84375000000 -0.00125000000 0.69309880919 -1.97099973862
-1.00000000000 0.00000000000 2.84375000000 0.00000000000 0.69331640595 -1.97161852941
-1.00000000000 0.00000000000 2.84375000000 0.00125000000 0.69353837152 -1.97224974402
-1.00000000000 0.00000000000 2.84375000000 0.00250000000 0.69376471167 -1.97289339881
-1.00000000000 0.00000000000 2.84375000000 0.00375000000 0.69399543223 -1.97354951039
-1.00000000000 0.00000000000 2.84375000000 0.00500000000 0.69423053914 -1.97421809567
-1.00000000000 0.00000000000 2.84375000000 0.00625000000 0.69447003845 -1.97489917184
-1.00000000000 0.00000000000 2.84375000000 0.00750000000 0.69471393630 -1.97559275636
-1.00000000000 0.00000000000 2.84375000000 0.00875000000 0.69496223894 -1.97629886698
-1.00000000000 0.00000000000 2.85937500000 -0.01000000000 0.69170686522 -1.97784931775
-1.00000000000 0.00000000000 2.85937500000 -0.00875000000 0.69189288772 -1.97838122583
-1.00000000000 0.00000000000 2.85937500000 -0.00750000000 0.69208323424 -1.97892549789
-1.00000000000 0.00000000000 2.85937500000 -0.00625000000 0.69227790979 -1.97948214832
-1.00000000000 0.00000000000 2.85937500000 -0.00500000000 0.69247691952 -1.98005119176
-1.00000000000 0.00000000000 2.85937500000 -0.00375000000 0.69268026864 -1.98063264313
-1.00000000000 0.00000000000 2.85937500000 -0.00250000000 0.69288796245 -1.98122651764
-1.00000000000 0.00000000000 2.85937500000 -0.00125000000 0.69310000639 -1.98183283076
-1.00000000000 0.00000000000 2.85937500000 0.00000000000 0.69331640595 -1.98245159825
-1.00000000000 0.00000000000 2.85937500000 0.00125000000 0.69353716674 -1.98308283615
-1.00000000000 0.00000000000 2.85937500000 0.00250000000 0.69376229448 -1.98372656077
-1.00000000000 0.00000000000 2.85937500000 0.00375000000 0.69399179496 -1.98438278871
-1.00000000000 0.00000000000 2.85937500000 0.00500000000 0.69422567409 -1.98505153685
-1.00000000000 0.00000000000 2.85937500000 0.00625000000 0.69446393787 -1.98573282234
-1.00000000000 0.00000000000 2.85937500000 0.00750000000 0.69470659240 -1.98642666265
-1.00000000000 0.00000000000 2.85937500000 0.00875000000 0.69495364388 -1.98713307548
-1.00000000000 0.00000000000 2.87500000000 -0.01000000000 0.69171613222 -1.98868388014
-1.00000000000 0.00000000000 2.87500000000 -0.00875000000 0.69190102189 -1.98921543793
-1.00000000000 0.00000000000 2.87500000000 -0.00750000000 0.69209022835 -1.98975940652
-1.00000000000 0.00000000000 2.87500000000 -0.00625000000 0.69228375660 -1.99031580023
-1.00000000000 0.00000000000 2.87500000000 -0.00500000000 0.69248161172 -1.99088463369
-1.00000000000 0.00000000000 2.87500000000 -0.00375000000 0.69268379888 -1.99146592179
-1.00000000000 0.00000000000 2.87500000000 -0.00250000000 0.69289032338 -1.99205967972
-1.00000000000 0.00000000000 2.87500000000 -0.00125000000 0.69310119058 -1.99266592291
-1.00000000000 0.00000000000 2.87500000000 0.00000000000 0.69331640595 -1.99328466709
-1.00000000000 0.00000000000 2.87500000000 0.00125000000 0.69353597506 -1.99391592829
-1.00000000000 0.00000000000 2.87500000000 0.00250000000 0.69375990358 -1.99455972278
-1.00000000000 0.00000000000 2.87500000000 0.00375000000 0.69398819727 -1.99521606714
-1.00000000000 0.00000000000 2.87500000000 0.00500000000 0.69422086199 -1.99588497822
-1.00000000000 0.00000000000 2.87500000000 0.00625000000 0.69445790371 -1.99656647316
-1.00000000000 0.00000000000 2.87500000000 0.00750000000 0.69469932848 -1.99726056939
-1.00000000000 0.00000000000 2.87500000000 0.00875000000 0.69494514247 -1.99796728460
-1.00000000000 0.00000000000 2.89062500000 -0.01000000000 0.69172529929 -1.99951844326
-1.00000000000 0.00000000000 2.89062500000 -0.00875000000 0.69190906832 -2.00004965061
-1.00000000000 0.00000000000 2.89062500000 -0.00750000000 0.69209714701 -2.00059331557
-1.00000000000 0.00000000000 2.89062500000 -0.00625000000 0.69228954030 -2.00114945243
-1.00000000000 0.00000000000 2.89062500000 -0.00500000000 0.69248625325 -2.00171807581
-1.00000000000 0.00000000000 2.89062500000 -0.00375000000 0.69268729101 -2.00229920057
-1.00000000000 0.00000000000 2.89062500000 -0.00250000000 0.69289265880 -2.00289284184
-1.00000000000 0.00000000000 2.89062500000 -0.00125000000 0.69310236197 -2.00349901507
-1.00000000000 0.00000000000 2.89062500000 0.00000000000 0.69331640595 -2.00411773594
-1.00000000000 0.00000000000 2.89062500000 0.00125000000 0.69353479626 -2.00474902044
-1.00000000000 0.00000000000 2.89062500000 0.00250000000 0.69375753854 -2.00539288484
-1.00000000000 0.00000000000 2.89062500000 0.00375000000 0.69398463851 -2.00604934568
-1.00000000000 0.00000000000 2.89062500000 0.00500000000 0.69421610198 -2.00671841979
-1.00000000000 0.00000000000 2.89062500000 0.00625000000 0.69445193489 -2.00740012429
-1.00000000000 0.00000000000 2.89062500000 0.00750000000 0.69469214325 -2.00809447657
-1.00000000000 0.00000000000 2.89062500000 0.00875000000 0.69493673317 -2.00880149432
-1.00000000000 0.00000000000 2.90625000000 -0.01000000000 0.69173436804 -2.01035300713
-1.00000000000 0.00000000000 2.90625000000 -0.00875000000 0.69191702842 -2.01088386386
-1.00000000000 0.00000000000 2.90625000000 -0.00750000000 0.69210399141 -2.01142722503
-1.00000000000 0.00000000000 2.90625000000 -0.00625000000 0.69229526191 -2.01198310493
-1.00000000000 0.00000000000 2.90625000000 -0.00500000000 0.69249084494 -2.01255151812
-1.00000000000 0.00000000000 2.90625000000 -0.00375000000 0.69269074562 -2.01313247944
-1.00000000000 0.00000000000 2.90625000000 -0.00250000000 0.69289496912 -2.01372600402
-1.00000000000 0.00000000000 2.90625000000 -0.00125000000 0.69310352077 -2.01433210724
-1.00000000000 0.00000000000 2.90625000000 0.00000000000 0.69331640595 -2.01495080478
-1.00000000000 0.00000000000 2.90625000000 0.00125000000 0.69353363014 -2.01558211260
-1.00000000000 0.00000000000 2.90625000000 0.00250000000 0.69375519895 -2.01622604695
-1.00000000000 0.00000000000 2.90625000000 0.00375000000 0.69398111805 -2.01688262433
-1.00000000000 0.00000000000 2.90625000000 0.00500000000 0.69421139322 -2.01755186156
-1.00000000000 0.00000000000 2.90625000000 0.00625000000 0.69444603036 -2.01823377572
-1.00000000000 0.00000000000 2.90625000000 0.00750000000 0.69468503542 -2.01892838420
-1.00000000000 0.00000000000 2.90625000000 0.00875000000 0.69492841450 -2.01963570464
-1.00000000000 0.00000000000 2.92187500000 -0.01000000000 0.69174334005 -2.02118757171
-1.00000000000 0.00000000000 2.92187500000 -0.00875000000 0.69192490358 -2.02171807765
-1.00000000000 0.00000000000 2.92187500000 -0.00750000000 0.69211076275 -2.02226113490
-1.00000000000 0.00000000000 2.92187500000 -0.00625000000 0.69230092242 -2.02281675771
-1.00000000000 0.00000000000 2.92187500000 -0.00500000000 0.69249538759 -2.02338496061
-1.00000000000 0.00000000000 2.92187500000 -0.00375000000 0.69269416331 -2.02396575843
-1.00000000000 0.00000000000 2.92187500000 -0.00250000000 0.69289725476 -2.02455916624
-1.00000000000 0.00000000000 2.92187500000 -0.00125000000 0.69310466718 -2.02516519942
-1.00000000000 0.00000000000 2.92187500000 0.00000000000 0.69331640595 -2.02578387362
-1.00000000000 0.00000000000 2.92187500000 0.00125000000 0.69353247650 -2.02641520478
-1.00000000000 0.00000000000 2.92187500000 0.00250000000 0.69375288440 -2.02705920910
-1.00000000000 0.00000000000 2.92187500000 0.00375000000 0.69397763528 -2.02771590308
-1.00000000000 0.00000000000 2.92187500000 0.00500000000 0.69420673489 -2.02838530351
-1.00000000000 0.00000000000 2.92187500000 0.00625000000 0.69444018907 -2.02906742745
-1.00000000000 0.00000000000 2.92187500000 0.00750000000 0.69467800376 -2.02976229225
-1.00000000000 0.00000000000 2.92187500000 0.00875000000 0.69492018500 -2.03046991555
-1.00000000000 0.00000000000 2.93750000000 -0.01000000000 0.69175221685 -2.03202213700
-1.00000000000 0.00000000000 2.93750000000 -0.00875000000 0.69193269515 -2.03255229200
-1.00000000000 0.00000000000 2.93750000000 -0.00750000000 0.69211746219 -2.03309504518
-1.00000000000 0.00000000000 2.93750000000 -0.00625000000 0.69230652282 -2.03365041077
-1.00000000000 0.00000000000 2.93750000000 -0.00500000000 0.69249988197 -2.03421840329
-1.00000000000 0.00000000000 2.93750000000 -0.00375000000 0.69269754468 -2.03479903751
-1.00000000000 0.00000000000 2.93750000000 -0.00250000000 0.69289951609 -2.03539232850
-1.00000000000 0.00000000000 2.93750000000 -0.00125000000 0.69310580140 -2.03599829161
-1.00000000000 0.00000000000 2.93750000000 0.00000000000 0.69331640595 -2.03661694247
-1.00000000000 0.00000000000 2.93750000000 0.00125000000 0.69353133514 -2.03724829696
-1.00000000000 0.00000000000 2.93750000000 0.00250000000 0.69375059448 -2.03789237130
-1.00000000000 0.00000000000 2.93750000000 0.00375000000 0.69397418960 -2.03854918194
-1.00000000000 0.00000000000 2.93750000000 0.00500000000 0.69420212618 -2.03921874565
-1.00000000000 0.00000000000 2.93750000000 0.00625000000 0.69443441003 -2.03990107947
-1.00000000000 0.00000000000 2.93750000000 0.00750000000 0.69467104706 -2.04059620073
-1.00000000000 0.00000000000 2.93750000000 0.00875000000 0.69491204325 -2.04130412703
-1.00000000000 0.00000000000 2.95312500000 -0.01000000000 0.69176099996 -2.04285670300
-1.00000000000 0.00000000000 2.95312500000 -0.00875000000 0.69194040445 -2.04338650688
-1.00000000000 0.00000000000 2.95312500000 -0.00750000000 0.69212409087 -2.04392895585
-1.00000000000 0.00000000000 2.95312500000 -0.00625000000 0.69231206404 -2.04448406411
-1.00000000000 0.00000000000 2.95312500000 -0.00500000000 0.69250432885 -2.04505184614
-1.00000000000 0.00000000000 2.95312500000 -0.00375000000 0.69270089031 -2.04563231669
-1.00000000000 0.00000000000 2.95312500000 -0.00250000000 0.69290175350 -2.04622549082
-1.00000000000 0.00000000000 2.95312500000 -0.00125000000 0.69310692362 -2.04683138382
-1.00000000000 0.00000000000 2.95312500000 0.00000000000 0.69331640595 -2.04745001131
-1.00000000000 0.00000000000 2.95312500000 0.00125000000 0.69353020585 -2.04808138916
-1.00000000000 0.00000000000 2.95312500000 0.00250000000 0.69374832882 -2.04872553354
-1.00000000000 0.00000000000 2.95312500000 0.00375000000 0.69397078041 -2.04938246090
-1.00000000000 0.00000000000 2.95312500000 0.00500000000 0.69419756630 -2.05005218798
-1.00000000000 0.00000000000 2.95312500000 0.00625000000 0.69442869224 -2.05073473178
-1.00000000000 0.00000000000 2.95312500000 0.00750000000 0.69466416410 -2.05143010962
-1.00000000000 0.00000000000 2.95312500000 0.00875000000 0.69490398784 -2.05213833909
-1.00000000000 0.00000000000 2.96875000000 -0.01000000000 0.69176969084 -2.05369126968
-1.00000000000 0.00000000000 2.96875000000 -0.00875000000 0.69194803277 -2.05422072229
-1.00000000000 0.00000000000 2.96875000000 -0.00750000000 0.69213064991 -2.05476286691
-1.00000000000 0.00000000000 2.96875000000 -0.00625000000 0.69231754702 -2.05531771772
-1.00000000000 0.00000000000 2.96875000000 -0.00500000000 0.69250872898 -2.05588528916
-1.00000000000 0.00000000000 2.96875000000 -0.00375000000 0.69270420075 -2.05646559598
-1.00000000000 0.00000000000 2.96875000000 -0.00250000000 0.69290396738 -2.05705865317
-1.00000000000 0.00000000000 2.96875000000 -0.00125000000 0.69310803403 -2.05766447604
-1.00000000000 0.00000000000 2.96875000000 0.00000000000 0.69331640595 -2.05828308015
-1.00000000000 0.00000000000 2.96875000000 0.00125000000 0.69352908846 -2.05891448137
-1.00000000000 0.00000000000 2.96875000000 0.00250000000 0.69374608702 -2.05955869583
-1.00000000000 0.00000000000 2.96875000000 0.00375000000 0.69396740715 -2.06021573997
-1.00000000000 0.00000000000 2.96875000000 0.00500000000 0.69419305448 -2.06088563048
-1.00000000000 0.00000000000 2.96875000000 0.00625000000 0.69442303474 -2.06156838437
-1.00000000000 0.00000000000 2.96875000000 0.00750000000 0.69465735374 -2.06226401892
-1.00000000000 0.00000000000 2.96875000000 0.00875000000 0.69489601742 -2.06297255171
-1.00000000000 0.00000000000 2.98437500000 -0.01000000000 0.69177829094 -2.06452583703
-1.00000000000 0.00000000000 2.98437500000 -0.00875000000 0.69195558139 -2.06505493822
-1.00000000000 0.00000000000 2.98437500000 -0.00750000000 0.69213714039 -2.06559677836
-1.00000000000 0.00000000000 2.98437500000 -0.00625000000 0.69232297268 -2.06615137160
-1.00000000000 0.00000000000 2.98437500000 -0.00500000000 0.69251308309 -2.06671873236
-1.00000000000 0.00000000000 2.98437500000 -0.00375000000 0.69270747656 -2.06729887536
-1.00000000000 0.00000000000 2.98437500000 -0.00250000000 0.69290615810 -2.06789181557
-1.00000000000 0.00000000000 2.98437500000 -0.00125000000 0.69310913282 -2.06849756827
-1.00000000000 0.00000000000 2.98437500000 0.00000000000 0.69331640595 -2.06911614899
-1.00000000000 0.00000000000 2.98437500000 0.00125000000 0.69352798277 -2.06974757359
-1.00000000000 0.00000000000 2.98437500000 0.00250000000 0.69374386871 -2.07039185817
-1.00000000000 0.00000000000 2.98437500000 0.00375000000 0.69396406924 -2.07104901913
-1.00000000000 0.00000000000 2.98437500000 0.00500000000 0.69418858996 -2.07171907316
-1.00000000000 0.00000000000 2.98437500000 0.00625000000 0.69441743656 -2.07240203724
-1.00000000000 0.00000000000 2.98437500000 0.00750000000 0.69465061483 -2.07309792863
-1.00000000000 0.00000000000 2.98437500000 0.00875000000 0.69488813064 -2.07380676488
