-1.00000000000 0.00000000000 2.00000000000 -0.01000000000 0.69080579659 -1.38161159318
-1.00000000000 0.00000000000 2.00000000000 -0.00875000000 0.69108119181 -1.38216238361
-1.00000000000 0.00000000000 2.00000000000 -0.00750000000 0.69136150658 -1.38272301316
-1.00000000000 0.00000000000 2.00000000000 -0.00625000000 0.69164674923 -1.38329349846
-1.00000000000 0.00000000000 2.00000000000 -0.00500000000 0.69193692820 -1.38387385641
-1.00000000000 0.00000000000 2.00000000000 -0.00375000000 0.69223205207 -1.38446410414
-1.00000000000 0.00000000000 2.00000000000 -0.00250000000 0.69253212954 -1.38506425908
-1.00000000000 0.00000000000 2.00000000000 -0.00125000000 0.69283716944 -1.38567433887
-1.00000000000 0.00000000000 2.00000000000 0.00000000000 0.69314718072 -1.38629436144
-1.00000000000 0.00000000000 2.00000000000 0.00125000000 0.69346217249 -1.38692434497
-1.00000000000 0.00000000000 2.00000000000 0.00250000000 0.69378215395 -1.38756430791
-1.00000000000 0.00000000000 2.00000000000 0.00375000000 0.69410713447 -1.38821426894
-1.00000000000 0.00000000000 2.00000000000 0.00500000000 0.69443712353 -1.38887424705
-1.00000000000 0.00000000000 2.00000000000 0.00625000000 0.69477213073 -1.38954426146
-1.00000000000 0.00000000000 2.00000000000 0.00750000000 0.69511216584 -1.39022433168
-1.00000000000 0.00000000000 2.00000000000 0.00875000000 0.69545723873 -1.39091447746
-1.00000000000 0.00000000000 2.01562500000 -0.01000000000 0.69082465235 -1.39244343990
-1.00000000000 0.00000000000 2.01562500000 -0.00875000000 0.69109774714 -1.39299389658
-1.00000000000 0.00000000000 2.01562500000 -0.00750000000 0.69137574552 -1.39355423706
-1.00000000000 0.00000000000 2.01562500000 -0.00625000000 0.69165865571 -1.39412447792
-1.00000000000 0.00000000000 2.01562500000 -0.00500000000 0.69194648608 -1.39470463600
-1.00000000000 0.00000000000 2.01562500000 -0.00375000000 0.69223924509 -1.39529472838
-1.00000000000 0.00000000000 2.01562500000 -0.00250000000 0.69253694136 -1.39589477242
-1.00000000000 0.00000000000 2.01562500000 -0.00125000000 0.69283958361 -1.39650478572
-1.00000000000 0.00000000000 2.01562500000 0.00000000000 0.69314718072 -1.39712478614
-1.00000000000 0.00000000000 2.01562500000 0.00125000000 0.69345974167 -1.39775479181
-1.00000000000 0.00000000000 2.01562500000 0.00250000000 0.69377727559 -1.39839482110
-1.00000000000 0.00000000000 2.01562500000 0.00375000000 0.69409979171 -1.39904489267
-1.00000000000 0.00000000000 2.01562500000 0.00500000000 0.69442729944 -1.39970502543
-1.00000000000 0.00000000000 2.01562500000 0.00625000000 0.69475980828 -1.40037523856
-1.00000000000 0.00000000000 2.01562500000 0.00750000000 0.69509732787 -1.40105555149
-1.00000000000 0.00000000000 2.01562500000 0.00875000000 0.69543986800 -1.40174598393
-1.00000000000 0.00000000000 2.03125000000 -0.01000000000 0.69084321909 -1.40327528877
-1.00000000000 0.00000000000 2.03125000000 -0.00875000000 0.69111404859 -1.40382541120
-1.00000000000 0.00000000000 2.03125000000 -0.00750000000 0.69138976600 -1.40438546218
-1.00000000000 0.00000000000 2.03125000000 -0.00625000000 0.69167037944 -1.40495545823
-1.00000000000 0.00000000000 2.03125000000 -0.00500000000 0.69195589718 -1.40553541614
-1.00000000000 0.00000000000 2.03125000000 -0.00375000000 0.69224632760 -1.40612535294
-1.00000000000 0.00000000000 2.03125000000 -0.00250000000 0.69254167922 -1.40672528591
-1.00000000000 0.00000000000 2.03125000000 -0.00125000000 0.69284196067 -1.40733523261
-1.00000000000 0.00000000000 2.03125000000 0.00000000000 0.69314718072 -1.40795521084
-1.00000000000 0.00000000000 2.03125000000 0.00125000000 0.69345734827 -1.40858523867
-1.00000000000 0.00000000000 2.03125000000 0.00250000000 0.69377247234 -1.40922533444
-1.00000000000 0.00000000000 2.03125000000 0.00375000000 0.69409256208 -1.40987551672
-1.00000000000 0.00000000000 2.03125000000 0.00500000000 0.69441762677 -1.41053580439
-1.00000000000 0.00000000000 2.03125000000 0.00625000000 0.69474767584 -1.41120621655
-1.00000000000 0.00000000000 2.03125000000 0.00750000000 0.69508271881 -1.41188677259
-1.00000000000 0.00000000000 2.03125000000 0.00875000000 0.69542276538 -1.41257749217
-1.00000000000 0.00000000000 2.04687500000 -0.01000000000 0.69086150339 -1.41410713975
-1.00000000000 0.00000000000 2.04687500000 -0.00875000000 0.69113010196 -1.41465692744
-1.00000000000 0.00000000000 2.04687500000 -0.00750000000 0.69140357300 -1.41521668849
-1.00000000000 0.00000000000 2.04687500000 -0.00625000000 0.69168192458 -1.41578643938
-1.00000000000 0.00000000000 2.04687500000 -0.00500000000 0.69196516486 -1.41636619682
-1.00000000000 0.00000000000 2.04687500000 -0.00375000000 0.69225330213 -1.41695597779
-1.00000000000 0.00000000000 2.04687500000 -0.00250000000 0.69254634481 -1.41755579953
-1.00000000000 0.00000000000 2.04687500000 -0.00125000000 0.69284430145 -1.41816567953
-1.00000000000 0.00000000000 2.04687500000 0.00000000000 0.69314718072 -1.41878563554
-1.00000000000 0.00000000000 2.04687500000 0.00125000000 0.69345499143 -1.41941568558
-1.00000000000 0.00000000000 2.04687500000 0.00250000000 0.69376774249 -1.42005584791
-1.00000000000 0.00000000000 2.04687500000 0.00375000000 0.69408544297 -1.42070614108
-1.00000000000 0.00000000000 2.04687500000 0.00500000000 0.69440810206 -1.42136658389
-1.00000000000 0.00000000000 2.04687500000 0.00625000000 0.69473572905 -1.42203719541
-1.00000000000 0.00000000000 2.04687500000 0.00750000000 0.69506833341 -1.42271799496
-1.00000000000 0.00000000000 2.04687500000 0.00875000000 0.69540592471 -1.42340900214
-1.00000000000 0.00000000000 2.06250000000 -0.01000000000 0.69087951166 -1.42493899279
-1.00000000000 0.00000000000 2.06250000000 -0.00875000000 0.69114591286 -1.42548844527
-1.00000000000 0.00000000000 2.06250000000 -0.00750000000 0.69141717138 -1.42604791598
-1.00000000000 0.00000000000 2.06250000000 -0.00625000000 0.69169329520 -1.42661742134
-1.00000000000 0.00000000000 2.06250000000 -0.00500000000 0.69197429237 -1.42719697802
-1.00000000000 0.00000000000 2.06250000000 -0.00375000000 0.69226017112 -1.42778660294
-1.00000000000 0.00000000000 2.06250000000 -0.00250000000 0.69255093977 -1.42838631328
-1.00000000000 0.00000000000 2.06250000000 -0.00125000000 0.69284660678 -1.42899612648
-1.00000000000 0.00000000000 2.06250000000 0.00000000000 0.69314718072 -1.42961606024
-1.00000000000 0.00000000000 2.06250000000 0.00125000000 0.69345267031 -1.43024613251
-1.00000000000 0.00000000000 2.06250000000 0.00250000000 0.69376308437 -1.43088636152
-1.00000000000 0.00000000000 2.06250000000 0.00375000000 0.69407843188 -1.43153676575
-1.00000000000 0.00000000000 2.06250000000 0.00500000000 0.69439872191 -1.43219736395
-1.00000000000 0.00000000000 2.06250000000 0.00625000000 0.69472396370 -1.43286817512
-1.00000000000 0.00000000000 2.06250000000 0.00750000000 0.69505416657 -1.43354921856
-1.00000000000 0.00000000000 2.06250000000 0.00875000000 0.69538934002 -1.43424051380
-1.00000000000 0.00000000000 2.07812500000 -0.01000000000 0.69089725009 -1.43577084784
-1.00000000000 0.00000000000 2.07812500000 -0.00875000000 0.69116148674 -1.43631996464
-1.00000000000 0.00000000000 2.07812500000 -0.00750000000 0.69143056583 -1.43687914461
-1.00000000000 0.00000000000 2.07812500000 -0.00625000000 0.69170449521 -1.43744840410
-1.00000000000 0.00000000000 2.07812500000 -0.00500000000 0.69198328288 -1.43802775974
-1.00000000000 0.00000000000 2.07812500000 -0.00375000000 0.69226693697 -1.43861722838
-1.00000000000 0.00000000000 2.07812500000 -0.00250000000 0.69255546570 -1.43921682716
-1.00000000000 0.00000000000 2.07812500000 -0.00125000000 0.69284887746 -1.43982657347
-1.00000000000 0.00000000000 2.07812500000 0.00000000000 0.69314718072 -1.44044648494
-1.00000000000 0.00000000000 2.07812500000 0.00125000000 0.69345038411 -1.44107657948
-1.00000000000 0.00000000000 2.07812500000 0.00250000000 0.69375849637 -1.44171687526
-1.00000000000 0.00000000000 2.07812500000 0.00375000000 0.69407152636 -1.44236739071
-1.00000000000 0.00000000000 2.07812500000 0.00500000000 0.69438948308 -1.44302814453
-1.00000000000 0.00000000000 2.07812500000 0.00625000000 0.69471237566 -1.44369915567
-1.00000000000 0.00000000000 2.07812500000 0.00750000000 0.69504021335 -1.44438044337
-1.00000000000 0.00000000000 2.07812500000 0.00875000000 0.69537300553 -1.44507202711
-1.00000000000 0.00000000000 2.09375000000 -0.01000000000 0.69091472471 -1.44660270486
-1.00000000000 0.00000000000 2.09375000000 -0.00875000000 0.69117682891 -1.44715148553
-1.00000000000 0.00000000000 2.09375000000 -0.00750000000 0.69144376088 -1.44771037435
-1.00000000000 0.00000000000 2.09375000000 -0.00625000000 0.69171552843 -1.44827938764
-1.00000000000 0.00000000000 2.09375000000 -0.00500000000 0.69199213944 -1.44885854195
-1.00000000000 0.00000000000 2.09375000000 -0.00375000000 0.69227360196 -1.44944785411
-1.00000000000 0.00000000000 2.09375000000 -0.00250000000 0.69255992414 -1.45004734117
-1.00000000000 0.00000000000 2.09375000000 -0.00125000000 0.69285111426 -1.45065702048
-1.00000000000 0.00000000000 2.09375000000 0.00000000000 0.69314718072 -1.45127690964
-1.00000000000 0.00000000000 2.09375000000 0.00125000000 0.69344813205 -1.45190702648
-1.00000000000 0.00000000000 2.09375000000 0.00250000000 0.69375397690 -1.45254738913
-1.00000000000 0.00000000000 2.09375000000 0.00375000000 0.69406472404 -1.45319801597
-1.00000000000 0.00000000000 2.09375000000 0.00500000000 0.69438038239 -1.45385892563
-1.00000000000 0.00000000000 2.09375000000 0.00625000000 0.69470096097 -1.45453013704
-1.00000000000 0.00000000000 2.09375000000 0.00750000000 0.69502646895 -1.45521166935
-1.00000000000 0.00000000000 2.09375000000 0.00875000000 0.69535691560 -1.45590354203
-1.00000000000 0.00000000000 2.10937500000 -0.01000000000 0.69093194136 -1.45743456380
-1.00000000000 0.00000000000 2.10937500000 -0.00875000000 0.69119194448 -1.45798300789
-1.00000000000 0.00000000000 2.10937500000 -0.00750000000 0.69145676098 -1.45854160519
-1.00000000000 0.00000000000 2.10937500000 -0.00625000000 0.69172639855 -1.45911037194
-1.00000000000 0.00000000000 2.10937500000 -0.00500000000 0.69200086502 -1.45968932466
-1.00000000000 0.00000000000 2.10937500000 -0.00375000000 0.69228016835 -1.46027848011
-1.00000000000 0.00000000000 2.10937500000 -0.00250000000 0.69256431659 -1.46087785530
-1.00000000000 0.00000000000 2.10937500000 -0.00125000000 0.69285331794 -1.46148746753
-1.00000000000 0.00000000000 2.10937500000 0.00000000000 0.69314718072 -1.46210733433
-1.00000000000 0.00000000000 2.10937500000 0.00125000000 0.69344591337 -1.46273747351
-1.00000000000 0.00000000000 2.10937500000 0.00250000000 0.69374952444 -1.46337790312
-1.00000000000 0.00000000000 2.10937500000 0.00375000000 0.69405802264 -1.46402864150
-1.00000000000 0.00000000000 2.10937500000 0.00500000000 0.69437141677 -1.46468970724
-1.00000000000 0.00000000000 2.10937500000 0.00625000000 0.69468971577 -1.46536111920
-1.00000000000 0.00000000000 2.10937500000 0.00750000000 0.69501292871 -1.46604289649
-1.00000000000 0.00000000000 2.10937500000 0.00875000000 0.69534106478 -1.46673505853
-1.00000000000 0.00000000000 2.12500000000 -0.01000000000 0.69094890571 -1.46826642463
-1.00000000000 0.00000000000 2.12500000000 -0.00875000000 0.69120683845 -1.46881453171
-1.00000000000 0.00000000000 2.12500000000 -0.00750000000 0.69146957040 -1.46937283709
-1.00000000000 0.00000000000 2.12500000000 -0.00625000000 0.69173710917 -1.46994135699
-1.00000000000 0.00000000000 2.12500000000 -0.00500000000 0.69200946251 -1.47052010784
-1.00000000000 0.00000000000 2.12500000000 -0.00375000000 0.69228663829 -1.47110910638
-1.00000000000 0.00000000000 2.12500000000 -0.00250000000 0.69256864450 -1.47170836956
-1.00000000000 0.00000000000 2.12500000000 -0.00125000000 0.69285548923 -1.47231791461
-1.00000000000 0.00000000000 2.12500000000 0.00000000000 0.69314718072 -1.47293775903
-1.00000000000 0.00000000000 2.12500000000 0.00125000000 0.69344372733 -1.47356792057
-1.00000000000 0.00000000000 2.12500000000 0.00250000000 0.69374513753 -1.47420841724
-1.00000000000 0.00000000000 2.12500000000 0.00375000000 0.69405141992 -1.47485926732
-1.00000000000 0.00000000000 2.12500000000 0.00500000000 0.69436258322 -1.47552048935
-1.00000000000 0.00000000000 2.12500000000 0.00625000000 0.69467863630 -1.47619210214
-1.00000000000 0.00000000000 2.12500000000 0.00750000000 0.69499958812 -1.47687412476
-1.00000000000 0.00000000000 2.12500000000 0.00875000000 0.69532544780 -1.47756657656
-1.00000000000 0.00000000000 2.14062500000 -0.01000000000 0.69096562326 -1.47909828730
-1.00000000000 0.00000000000 2.14062500000 -0.00875000000 0.69122151565 -1.47964605694
-1.00000000000 0.00000000000 2.14062500000 -0.00750000000 0.69148219330 -1.48020407004
-1.00000000000 0.00000000000 2.14062500000 -0.00625000000 0.69174766377 -1.48077234276
-1.00000000000 0.00000000000 2.14062500000 -0.00500000000 0.69201793471 -1.48135089150
-1.00000000000 0.00000000000 2.14062500000 -0.00375000000 0.69229301392 -1.48193973291
-1.00000000000 0.00000000000 2.14062500000 -0.00250000000 0.69257290928 -1.48253888393
-1.00000000000 0.00000000000 2.14062500000 -0.00125000000 0.69285762883 -1.48314836172
-1.00000000000 0.00000000000 2.14062500000 0.00000000000 0.69314718072 -1.48376818373
-1.00000000000 0.00000000000 2.14062500000 0.00125000000 0.69344157322 -1.48439836766
-1.00000000000 0.00000000000 2.14062500000 0.00250000000 0.69374081471 -1.48503893148
-1.00000000000 0.00000000000 2.14062500000 0.00375000000 0.69404491371 -1.48568989341
-1.00000000000 0.00000000000 2.14062500000 0.00500000000 0.69435387886 -1.48635127194
-1.00000000000 0.00000000000 2.14062500000 0.00625000000 0.69466771893 -1.48702308584
-1.00000000000 0.00000000000 2.14062500000 0.00750000000 0.69498644281 -1.48770535413
-1.00000000000 0.00000000000 2.14062500000 0.00875000000 0.69531005950 -1.48839809611
-1.00000000000 0.00000000000 2.15625000000 -0.01000000000 0.69098209937 -1.48993015177
-1.00000000000 0.00000000000 2.15625000000 -0.00875000000 0.69123598078 -1.49047758355
-1.00000000000 0.00000000000 2.15625000000 -0.00750000000 0.69149463375 -1.49103530402
-1.00000000000 0.00000000000 2.15625000000 -0.00625000000 0.69175806574 -1.49160332925
-1.00000000000 0.00000000000 2.15625000000 -0.00500000000 0.69202628434 -1.49218167561
-1.00000000000 0.00000000000 2.15625000000 -0.00375000000 0.69229929726 -1.49277035971
-1.00000000000 0.00000000000 2.15625000000 -0.00250000000 0.69257711231 -1.49336939841
-1.00000000000 0.00000000000 2.15625000000 -0.00125000000 0.69285973744 -1.49397880886
-1.00000000000 0.00000000000 2.15625000000 0.00000000000 0.69314718072 -1.49459860843
-1.00000000000 0.00000000000 2.15625000000 0.00125000000 0.69343945034 -1.49522881479
-1.00000000000 0.00000000000 2.15625000000 0.00250000000 0.69373655459 -1.49586944584
-1.00000000000 0.00000000000 2.15625000000 0.00375000000 0.69403850192 -1.49652051976
-1.00000000000 0.00000000000 2.15625000000 0.00500000000 0.69434530088 -1.49718205501
-1.00000000000 0.00000000000 2.15625000000 0.00625000000 0.69465696014 -1.49785407029
-1.00000000000 0.00000000000 2.15625000000 0.00750000000 0.69497348850 -1.49853658459
-1.00000000000 0.00000000000 2.15625000000 0.00875000000 0.69529489490 -1.49922961713
-1.00000000000 0.00000000000 2.17187500000 -0.01000000000 0.69099833922 -1.50076201800
-1.00000000000 0.00000000000 2.17187500000 -0.00875000000 0.69125023840 -1.50130911152
-1.00000000000 0.00000000000 2.17187500000 -0.00750000000 0.69150689565 -1.50186653899
-1.00000000000 0.00000000000 2.17187500000 -0.00625000000 0.69176831836 -1.50243431643
-1.00000000000 0.00000000000 2.17187500000 -0.00500000000 0.69203451403 -1.50301246017
-1.00000000000 0.00000000000 2.17187500000 -0.00375000000 0.69230549030 -1.50360098675
-1.00000000000 0.00000000000 2.17187500000 -0.00250000000 0.69258125491 -1.50419991301
-1.00000000000 0.00000000000 2.17187500000 -0.00125000000 0.69286181572 -1.50480925602
-1.00000000000 0.00000000000 2.17187500000 0.00000000000 0.69314718072 -1.50542903313
-1.00000000000 0.00000000000 2.17187500000 0.00125000000 0.69343735801 -1.50605926193
-1.00000000000 0.00000000000 2.17187500000 0.00250000000 0.69373235583 -1.50669996031
-1.00000000000 0.00000000000 2.17187500000 0.00375000000 0.69403218251 -1.50735114638
-1.00000000000 0.00000000000 2.17187500000 0.00500000000 0.69433684652 -1.50801283855
-1.00000000000 0.00000000000 2.17187500000 0.00625000000 0.69464635648 -1.50868505547
-1.00000000000 0.00000000000 2.17187500000 0.00750000000 0.69496072108 -1.50936781609
-1.00000000000 0.00000000000 2.17187500000 0.00875000000 0.69527994917 -1.51006113960
-1.00000000000 0.00000000000 2.18750000000 -0.01000000000 0.69101434786 -1.51159388595
-1.00000000000 0.00000000000 2.18750000000 -0.00875000000 0.69126429295 -1.51214064082
-1.00000000000 0.00000000000 2.18750000000 -0.00750000000 0.69151898283 -1.51269777494
-1.00000000000 0.00000000000 2.18750000000 -0.00625000000 0.69177842482 -1.51326530430
-1.00000000000 0.00000000000 2.18750000000 -0.00500000000 0.69204262636 -1.51384324517
-1.00000000000 0.00000000000 2.18750000000 -0.00375000000 0.69231159499 -1.51443161405
-1.00000000000 0.00000000000 2.18750000000 -0.00250000000 0.69258533839 -1.51503042772
-1.00000000000 0.00000000000 2.18750000000 -0.00125000000 0.69286386433 -1.51563970322
-1.00000000000 0.00000000000 2.18750000000 0.00000000000 0.69314718072 -1.51625945783
-1.00000000000 0.00000000000 2.18750000000 0.00125000000 0.69343529559 -1.51688970911
-1.00000000000 0.00000000000 2.18750000000 0.00250000000 0.69372821709 -1.51753047489
-1.00000000000 0.00000000000 2.18750000000 0.00375000000 0.69402595349 -1.51818177325
-1.00000000000 0.00000000000 2.18750000000 0.00500000000 0.69432851316 -1.51884362253
-1.00000000000 0.00000000000 2.18750000000 0.00625000000 0.69463590462 -1.51951604137
-1.00000000000 0.00000000000 2.18750000000 0.00750000000 0.69494813652 -1.52019904863
-1.00000000000 0.00000000000 2.18750000000 0.00875000000 0.69526521759 -1.52089266348
-1.00000000000 0.00000000000 2.20312500000 -0.01000000000 0.69103013020 -1.52242575560
-1.00000000000 0.00000000000 2.20312500000 -0.00875000000 0.69127814873 -1.52297217142
-1.00000000000 0.00000000000 2.20312500000 -0.00750000000 0.69153089900 -1.52352901185
-1.00000000000 0.00000000000 2.20312500000 -0.00625000000 0.69178838824 -1.52409629284
-1.00000000000 0.00000000000 2.20312500000 -0.00500000000 0.69205062382 -1.52467403060
-1.00000000000 0.00000000000 2.20312500000 -0.00375000000 0.69231761320 -1.52526224159
-1.00000000000 0.00000000000 2.20312500000 -0.00250000000 0.69258936399 -1.52586094254
-1.00000000000 0.00000000000 2.20312500000 -0.00125000000 0.69286588389 -1.52647015044
-1.00000000000 0.00000000000 2.20312500000 0.00000000000 0.69314718072 -1.52708988253
-1.00000000000 0.00000000000 2.20312500000 0.00125000000 0.69343326244 -1.52772015632
-1.00000000000 0.00000000000 2.20312500000 0.00250000000 0.69372413712 -1.52836098959
-1.00000000000 0.00000000000 2.20312500000 0.00375000000 0.69401981293 -1.52901240037
-1.00000000000 0.00000000000 2.20312500000 0.00500000000 0.69432029820 -1.52967440697
-1.00000000000 0.00000000000 2.20312500000 0.00625000000 0.69462560134 -1.53034702796
-1.00000000000 0.00000000000 2.20312500000 0.00750000000 0.69493573092 -1.53103028218
-1.00000000000 0.00000000000 2.20312500000 0.00875000000 0.69525069560 -1.53172418874
-1.00000000000 0.00000000000 2.21875000000 -0.01000000000 0.69104569099 -1.53325762689
-1.00000000000 0.00000000000 2.21875000000 -0.00875000000 0.69129180993 -1.53380370328
-1.00000000000 0.00000000000 2.21875000000 -0.00750000000 0.69154264775 -1.53436024970
-1.00000000000 0.00000000000 2.21875000000 -0.00625000000 0.69179821162 -1.53492728203
-1.00000000000 0.00000000000 2.21875000000 -0.00500000000 0.69205850882 -1.53550481645
-1.00000000000 0.00000000000 2.21875000000 -0.00375000000 0.69232354676 -1.53609286937
-1.00000000000 0.00000000000 2.21875000000 -0.00250000000 0.69259333294 -1.53669145747
-1.00000000000 0.00000000000 2.21875000000 -0.00125000000 0.69286787501 -1.53730059769
-1.00000000000 0.00000000000 2.21875000000 0.00000000000 0.69314718072 -1.53792030723
-1.00000000000 0.00000000000 2.21875000000 0.00125000000 0.69343125794 -1.53855060355
-1.00000000000 0.00000000000 2.21875000000 0.00250000000 0.69372011465 -1.53919150439
-1.00000000000 0.00000000000 2.21875000000 0.00375000000 0.69401375898 -1.53984302773
-1.00000000000 0.00000000000 2.21875000000 0.00500000000 0.69431219914 -1.54050519184
-1.00000000000 0.00000000000 2.21875000000 0.00625000000 0.69461544349 -1.54117801524
-1.00000000000 0.00000000000 2.21875000000 0.00750000000 0.69492350049 -1.54186151672
-1.00000000000 0.00000000000 2.21875000000 0.00875000000 0.69523637875 -1.54255571535
-1.00000000000 0.00000000000 2.23437500000 -0.01000000000 0.69106103488 -1.54408949981
-1.00000000000 0.00000000000 2.23437500000 -0.00875000000 0.69130528062 -1.54463523639
-1.00000000000 0.00000000000 2.23437500000 -0.00750000000 0.69155423260 -1.54519148846
-1.00000000000 0.00000000000 2.23437500000 -0.00625000000 0.69180789790 -1.54575827186
-1.00000000000 0.00000000000 2.23437500000 -0.00500000000 0.69206628373 -1.54633560271
-1.00000000000 0.00000000000 2.23437500000 -0.00375000000 0.69232939743 -1.54692349738
-1.00000000000 0.00000000000 2.23437500000 -0.00250000000 0.69259724643 -1.54752197249
-1.00000000000 0.00000000000 2.23437500000 -0.00125000000 0.69286983830 -1.54813104496
-1.00000000000 0.00000000000 2.23437500000 0.00000000000 0.69314718072 -1.54875073192
-1.00000000000 0.00000000000 2.23437500000 0.00125000000 0.69342928148 -1.54938105081
-1.00000000000 0.00000000000 2.23437500000 0.00250000000 0.69371614850 -1.55002201930
-1.00000000000 0.00000000000 2.23437500000 0.00375000000 0.69400778980 -1.55067365533
-1.00000000000 0.00000000000 2.23437500000 0.00500000000 0.69430421354 -1.55133597713
-1.00000000000 0.00000000000 2.23437500000 0.00625000000 0.69460542800 -1.55200900318
-1.00000000000 0.00000000000 2.23437500000 0.00750000000 0.69491144156 -1.55269275223
-1.00000000000 0.00000000000 2.23437500000 0.00875000000 0.69522226273 -1.55338724329
-1.00000000000 0.00000000000 2.25000000000 -0.01000000000 0.69107616636 -1.55492137431
-1.00000000000 0.00000000000 2.25000000000 -0.00875000000 0.69131856477 -1.55546677072
-1.00000000000 0.00000000000 2.25000000000 -0.00750000000 0.69156565694 -1.55602272813
-1.00000000000 0.00000000000 2.25000000000 -0.00625000000 0.69181744992 -1.55658926232
-1.00000000000 0.00000000000 2.25000000000 -0.00500000000 0.69207395083 -1.55716638937
-1.00000000000 0.00000000000 2.25000000000 -0.00375000000 0.69233516694 -1.55775412561
-1.00000000000 0.00000000000 2.25000000000 -0.00250000000 0.69260110561 -1.55835248762
-1.00000000000 0.00000000000 2.25000000000 -0.00125000000 0.69287177434 -1.55896149226
-1.00000000000 0.00000000000 2.25000000000 0.00000000000 0.69314718072 -1.55958115662
-1.00000000000 0.00000000000 2.25000000000 0.00125000000 0.69342733249 -1.56021149809
-1.00000000000 0.00000000000 2.25000000000 0.00250000000 0.69371223747 -1.56085253431
-1.00000000000 0.00000000000 2.25000000000 0.00375000000 0.69400190363 -1.56150428317
-1.00000000000 0.00000000000 2.25000000000 0.00500000000 0.69429633904 -1.56216676285
-1.00000000000 0.00000000000 2.25000000000 0.00625000000 0.69459555190 -1.56283999178
-1.00000000000 0.00000000000 2.25000000000 0.00750000000 0.69489955053 -1.56352398868
-1.00000000000 0.00000000000 2.25000000000 0.00875000000 0.69520834334 -1.56421877253
-1.00000000000 0.00000000000 2.26562500000 -0.01000000000 0.69109108981 -1.56575325036
-1.00000000000 0.00000000000 2.26562500000 -0.00875000000 0.69133166621 -1.56629830625
-1.00000000000 0.00000000000 2.26562500000 -0.00750000000 0.69157692410 -1.56685396867
-1.00000000000 0.00000000000 2.26562500000 -0.00625000000 0.69182687046 -1.56742025339
-1.00000000000 0.00000000000 2.26562500000 -0.00500000000 0.69208151236 -1.56799717643
-1.00000000000 0.00000000000 2.26562500000 -0.00375000000 0.69234085697 -1.56858475407
-1.00000000000 0.00000000000 2.26562500000 -0.00250000000 0.69260491160 -1.56918300285
-1.00000000000 0.00000000000 2.26562500000 -0.00125000000 0.69287368368 -1.56979193958
-1.00000000000 0.00000000000 2.26562500000 0.00000000000 0.69314718072 -1.57041158132
-1.00000000000 0.00000000000 2.26562500000 0.00125000000 0.69342541038 -1.57104194540
-1.00000000000 0.00000000000 2.26562500000 0.00250000000 0.69370838043 -1.57168304942
-1.00000000000 0.00000000000 2.26562500000 0.00375000000 0.69399609875 -1.57233491123
-1.00000000000 0.00000000000 2.26562500000 0.00500000000 0.69428857334 -1.57299754897
-1.00000000000 0.00000000000 2.26562500000 0.00625000000 0.69458581232 -1.57367098103
-1.00000000000 0.00000000000 2.26562500000 0.00750000000 0.69488782392 -1.57435522607
-1.00000000000 0.00000000000 2.26562500000 0.00875000000 0.69519461651 -1.57505030303
-1.00000000000 0.00000000000 2.28125000000 -0.01000000000 0.69110580950 -1.57658512793
-1.00000000000 0.00000000000 2.28125000000 -0.00875000000 0.69134458869 -1.57712984294
-1.00000000000 0.00000000000 2.28125000000 -0.00750000000 0.69158803729 -1.57768521008
-1.00000000000 0.00000000000 2.28125000000 -0.00625000000 0.69183616222 -1.57825124507
-1.00000000000 0.00000000000 2.28125000000 -0.00500000000 0.69208897047 -1.57882796388
-1.00000000000 0.00000000000 2.28125000000 -0.00375000000 0.69234646915 -1.57941538275
-1.00000000000 0.00000000000 2.28125000000 -0.00250000000 0.69260866550 -1.58001351818
-1.00000000000 0.00000000000 2.28125000000 -0.00125000000 0.69287556687 -1.58062238693
-1.00000000000 0.00000000000 2.28125000000 0.00000000000 0.69314718072 -1.58124200602
-1.00000000000 0.00000000000 2.28125000000 0.00125000000 0.69342351462 -1.58187239274
-1.00000000000 0.00000000000 2.28125000000 0.00250000000 0.69370457628 -1.58251356463
-1.00000000000 0.00000000000 2.28125000000 0.00375000000 0.69399037349 -1.58316553952
-1.00000000000 0.00000000000 2.28125000000 0.00500000000 0.69428091419 -1.58382833550
-1.00000000000 0.00000000000 2.28125000000 0.00625000000 0.69457620642 -1.58450197090
-1.00000000000 0.00000000000 2.28125000000 0.00750000000 0.69487625835 -1.58518646437
-1.00000000000 0.00000000000 2.28125000000 0.00875000000 0.69518107826 -1.58588183478
-1.00000000000 0.00000000000 2.29687500000 -0.01000000000 0.69112032957 -1.58741700699
-1.00000000000 0.00000000000 2.29687500000 -0.00875000000 0.69135733585 -1.58796138077
-1.00000000000 0.00000000000 2.29687500000 -0.00750000000 0.69159899965 -1.58851645233
-1.00000000000 0.00000000000 2.29687500000 -0.00625000000 0.69184532782 -1.58908223733
-1.00000000000 0.00000000000 2.29687500000 -0.00500000000 0.69209632727 -1.58965875170
-1.00000000000 0.00000000000 2.29687500000 -0.00375000000 0.69235200507 -1.59024601164
-1.00000000000 0.00000000000 2.29687500000 -0.00250000000 0.69261236837 -1.59084403360
-1.00000000000 0.00000000000 2.29687500000 -0.00125000000 0.69287742446 -1.59145283430
-1.00000000000 0.00000000000 2.29687500000 0.00000000000 0.69314718072 -1.59207243072
-1.00000000000 0.00000000000 2.29687500000 0.00125000000 0.69342164467 -1.59270284010
-1.00000000000 0.00000000000 2.29687500000 0.00250000000 0.69370082392 -1.59334407994
-1.00000000000 0.00000000000 2.29687500000 0.00375000000 0.69398472622 -1.59399616803
-1.00000000000 0.00000000000 2.29687500000 0.00500000000 0.69427335942 -1.59465912241
-1.00000000000 0.00000000000 2.29687500000 0.00625000000 0.69456673149 -1.59533296139
-1.00000000000 0.00000000000 2.29687500000 0.00750000000 0.69486485053 -1.59601770355
-1.00000000000 0.00000000000 2.29687500000 0.00875000000 0.69516772473 -1.59671336775
-1.00000000000 0.00000000000 2.31250000000 -0.01000000000 0.69113465406 -1.59824888750
-1.00000000000 0.00000000000 2.31250000000 -0.00875000000 0.69136991124 -1.59879291973
-1.00000000000 0.00000000000 2.31250000000 -0.00750000000 0.69160981423 -1.59934769541
-1.00000000000 0.00000000000 2.31250000000 -0.00625000000 0.69185436980 -1.59991323017
-1.00000000000 0.00000000000 2.31250000000 -0.00500000000 0.69210358482 -1.60048953990
-1.00000000000 0.00000000000 2.31250000000 -0.00375000000 0.69235746627 -1.60107664075
-1.00000000000 0.00000000000 2.31250000000 -0.00250000000 0.69261602124 -1.60167454912
-1.00000000000 0.00000000000 2.31250000000 -0.00125000000 0.69287925695 -1.60228328170
-1.00000000000 0.00000000000 2.31250000000 0.00000000000 0.69314718072 -1.60290285542
-1.00000000000 0.00000000000 2.31250000000 0.00125000000 0.69341979999 -1.60353328748
-1.00000000000 0.00000000000 2.31250000000 0.00250000000 0.69369712231 -1.60417459535
-1.00000000000 0.00000000000 2.31250000000 0.00375000000 0.69397915535 -1.60482679676
-1.00000000000 0.00000000000 2.31250000000 0.00500000000 0.69426590690 -1.60548990971
-1.00000000000 0.00000000000 2.31250000000 0.00625000000 0.69455738486 -1.60616395248
-1.00000000000 0.00000000000 2.31250000000 0.00750000000 0.69485359724 -1.60684894361
-1.00000000000 0.00000000000 2.31250000000 0.00875000000 0.69515455218 -1.60754490191
-1.00000000000 0.00000000000 2.32812500000 -0.01000000000 0.69114878688 -1.60908076945
-1.00000000000 0.00000000000 2.32812500000 -0.00875000000 0.69138231830 -1.60962445979
-1.00000000000 0.00000000000 2.32812500000 -0.00750000000 0.69162048400 -1.61017893930
-1.00000000000 0.00000000000 2.32812500000 -0.00625000000 0.69186329066 -1.61074422358
-1.00000000000 0.00000000000 2.32812500000 -0.00500000000 0.69211074511 -1.61132032846
-1.00000000000 0.00000000000 2.32812500000 -0.00375000000 0.69236285425 -1.61190727005
-1.00000000000 0.00000000000 2.32812500000 -0.00250000000 0.69261962512 -1.61250506473
-1.00000000000 0.00000000000 2.32812500000 -0.00125000000 0.69288106486 -1.61311372912
-1.00000000000 0.00000000000 2.32812500000 0.00000000000 0.69314718072 -1.61373328012
-1.00000000000 0.00000000000 2.32812500000 0.00125000000 0.69341798008 -1.61436373488
-1.00000000000 0.00000000000 2.32812500000 0.00250000000 0.69369347043 -1.61500511084
-1.00000000000 0.00000000000 2.32812500000 0.00375000000 0.69397365936 -1.61565742569
-1.00000000000 0.00000000000 2.32812500000 0.00500000000 0.69425855458 -1.61632069739
-1.00000000000 0.00000000000 2.32812500000 0.00625000000 0.69454816394 -1.61699494417
-1.00000000000 0.00000000000 2.32812500000 0.00750000000 0.69484249537 -1.61768018453
-1.00000000000 0.00000000000 2.32812500000 0.00875000000 0.69514155693 -1.61837643724
-1.00000000000 0.00000000000 2.34375000000 -0.01000000000 0.69116273186 -1.61991265280
-1.00000000000 0.00000000000 2.34375000000 -0.00875000000 0.69139456039 -1.62045600093
-1.00000000000 0.00000000000 2.34375000000 -0.00750000000 0.69163101184 -1.62101018399
-1.00000000000 0.00000000000 2.34375000000 -0.00625000000 0.69187209282 -1.62157521754
-1.00000000000 0.00000000000 2.34375000000 -0.00500000000 0.69211781008 -1.62215111737
-1.00000000000 0.00000000000 2.34375000000 -0.00375000000 0.69236817048 -1.62273789956
-1.00000000000 0.00000000000 2.34375000000 -0.00250000000 0.69262318098 -1.62333558043
-1.00000000000 0.00000000000 2.34375000000 -0.00125000000 0.69288284867 -1.62394417656
-1.00000000000 0.00000000000 2.34375000000 0.00000000000 0.69314718072 -1.62456370482
-1.00000000000 0.00000000000 2.34375000000 0.00125000000 0.69341618445 -1.62519418231
-1.00000000000 0.00000000000 2.34375000000 0.00250000000 0.69368986728 -1.62583562643
-1.00000000000 0.00000000000 2.34375000000 0.00375000000 0.69396823673 -1.62648805484
-1.00000000000 0.00000000000 2.34375000000 0.00500000000 0.69425130045 -1.62715148544
-1.00000000000 0.00000000000 2.34375000000 0.00625000000 0.69453906621 -1.62782593643
-1.00000000000 0.00000000000 2.34375000000 0.00750000000 0.69483154188 -1.62851142628
-1.00000000000 0.00000000000 2.34375000000 0.00875000000 0.69512873545 -1.62920797371
-1.00000000000 0.00000000000 2.35937500000 -0.01000000000 0.69117649273 -1.63074453752
-1.00000000000 0.00000000000 2.35937500000 -0.00875000000 0.69140664079 -1.63128754312
-1.00000000000 0.00000000000 2.35937500000 -0.00750000000 0.69164140056 -1.63184142946
-1.00000000000 0.00000000000 2.35937500000 -0.00625000000 0.69188077861 -1.63240621204
-1.00000000000 0.00000000000 2.35937500000 -0.00500000000 0.69212478162 -1.63298190664
-1.00000000000 0.00000000000 2.35937500000 -0.00375000000 0.69237341638 -1.63356852927
-1.00000000000 0.00000000000 2.35937500000 -0.00250000000 0.69262668979 -1.63416609621
-1.00000000000 0.00000000000 2.35937500000 -0.00125000000 0.69288460886 -1.63477462402
-1.00000000000 0.00000000000 2.35937500000 0.00000000000 0.69314718072 -1.63539412951
-1.00000000000 0.00000000000 2.35937500000 0.00125000000 0.69341441261 -1.63602462976
-1.00000000000 0.00000000000 2.35937500000 0.00250000000 0.69368631189 -1.63666614211
-1.00000000000 0.00000000000 2.35937500000 0.00375000000 0.69396288601 -1.63731868418
-1.00000000000 0.00000000000 2.35937500000 0.00500000000 0.69424414256 -1.63798227385
-1.00000000000 0.00000000000 2.35937500000 0.00625000000 0.69453008922 -1.63865692926
-1.00000000000 0.00000000000 2.35937500000 0.00750000000 0.69482073382 -1.63934266885
-1.00000000000 0.00000000000 2.35937500000 0.00875000000 0.69511608426 -1.64003951131
-1.00000000000 0.00000000000 2.37500000000 -0.01000000000 0.69119007309 -1.64157642359
-1.00000000000 0.00000000000 2.37500000000 -0.00875000000 0.69141856267 -1.64211908634
-1.00000000000 0.00000000000 2.37500000000 -0.00750000000 0.69165165292 -1.64267267569
-1.00000000000 0.00000000000 2.37500000000 -0.00625000000 0.69188935035 -1.64323720708
-1.00000000000 0.00000000000 2.37500000000 -0.00500000000 0.69213166158 -1.64381269625
-1.00000000000 0.00000000000 2.37500000000 -0.00375000000 0.69237859333 -1.64439915917
-1.00000000000 0.00000000000 2.37500000000 -0.00250000000 0.69263015246 -1.64499661209
-1.00000000000 0.00000000000 2.37500000000 -0.00125000000 0.69288634590 -1.64560507151
-1.00000000000 0.00000000000 2.37500000000 0.00000000000 0.69314718072 -1.64622455421
-1.00000000000 0.00000000000 2.37500000000 0.00125000000 0.69341266410 -1.64685507723
-1.00000000000 0.00000000000 2.37500000000 0.00250000000 0.69368280332 -1.64749665788
-1.00000000000 0.00000000000 2.37500000000 0.00375000000 0.69395760578 -1.64814931372
-1.00000000000 0.00000000000 2.37500000000 0.00500000000 0.69423707899 -1.64881306261
-1.00000000000 0.00000000000 2.37500000000 0.00625000000 0.69452123059 -1.64948792265
-1.00000000000 0.00000000000 2.37500000000 0.00750000000 0.69481006831 -1.65017391223
-1.00000000000 0.00000000000 2.37500000000 0.00875000000 0.69510360000 -1.65087105001
-1.00000000000 0.00000000000 2.39062500000 -0.01000000000 0.69120347649 -1.65240831098
-1.00000000000 0.00000000000 2.39062500000 -0.00875000000 0.69143032913 -1.65295063058
-1.00000000000 0.00000000000 2.39062500000 -0.00750000000 0.69166177157 -1.65350392267
-1.00000000000 0.00000000000 2.39062500000 -0.00625000000 0.69189781026 -1.65406820264
-1.00000000000 0.00000000000 2.39062500000 -0.00500000000 0.69213845174 -1.65464348619
-1.00000000000 0.00000000000 2.39062500000 -0.00375000000 0.69238370270 -1.65522978926
-1.00000000000 0.00000000000 2.39062500000 -0.00250000000 0.69263356990 -1.65582712804
-1.00000000000 0.00000000000 2.39062500000 -0.00125000000 0.69288806024 -1.65643551902
-1.00000000000 0.00000000000 2.39062500000 0.00000000000 0.69314718072 -1.65705497891
-1.00000000000 0.00000000000 2.39062500000 0.00125000000 0.69341093845 -1.65768552473
-1.00000000000 0.00000000000 2.39062500000 0.00250000000 0.69367934065 -1.65832717373
-1.00000000000 0.00000000000 2.39062500000 0.00375000000 0.69395239465 -1.65897994346
-1.00000000000 0.00000000000 2.39062500000 0.00500000000 0.69423010791 -1.65964385172
-1.00000000000 0.00000000000 2.39062500000 0.00625000000 0.69451248798 -1.66031891659
-1.00000000000 0.00000000000 2.39062500000 0.00750000000 0.69479954255 -1.66100515640
-1.00000000000 0.00000000000 2.39062500000 0.00875000000 0.69509127939 -1.66170258979
-1.00000000000 0.00000000000 2.40625000000 -0.01000000000 0.69121670635 -1.66324019967
-1.00000000000 0.00000000000 2.40625000000 -0.00875000000 0.69144194320 -1.66378217582
-1.00000000000 0.00000000000 2.40625000000 -0.00750000000 0.69167175912 -1.66433517038
-1.00000000000 0.00000000000 2.40625000000 -0.00625000000 0.69190616050 -1.66489919871
-1.00000000000 0.00000000000 2.40625000000 -0.00500000000 0.69214515386 -1.66547427647
-1.00000000000 0.00000000000 2.40625000000 -0.00375000000 0.69238874578 -1.66606041953
-1.00000000000 0.00000000000 2.40625000000 -0.00250000000 0.69263694300 -1.66665764408
-1.00000000000 0.00000000000 2.40625000000 -0.00125000000 0.69288975233 -1.66726596654
-1.00000000000 0.00000000000 2.40625000000 0.00000000000 0.69314718072 -1.66788540361
-1.00000000000 0.00000000000 2.40625000000 0.00125000000 0.69340923522 -1.66851597224
-1.00000000000 0.00000000000 2.40625000000 0.00250000000 0.69367592298 -1.66915768967
-1.00000000000 0.00000000000 2.40625000000 0.00375000000 0.69394725128 -1.66981057339
-1.00000000000 0.00000000000 2.40625000000 0.00500000000 0.69422322750 -1.67047464117
-1.00000000000 0.00000000000 2.40625000000 0.00625000000 0.69450385914 -1.67114991105
-1.00000000000 0.00000000000 2.40625000000 0.00750000000 0.69478915381 -1.67183640134
-1.00000000000 0.00000000000 2.40625000000 0.00875000000 0.69507911922 -1.67253413063
-1.00000000000 0.00000000000 2.42187500000 -0.01000000000 0.69122976604 -1.67407208962
-1.00000000000 0.00000000000 2.42187500000 -0.00875000000 0.69145340781 -1.67461372203
-1.00000000000 0.00000000000 2.42187500000 -0.00750000000 0.69168161809 -1.67516641881
-1.00000000000 0.00000000000 2.42187500000 -0.00625000000 0.69191440322 -1.67573019529
-1.00000000000 0.00000000000 2.42187500000 -0.00500000000 0.69215176963 -1.67630506706
-1.00000000000 0.00000000000 2.42187500000 -0.00375000000 0.69239372387 -1.67689104999
-1.00000000000 0.00000000000 2.42187500000 -0.00250000000 0.69264027260 -1.67748816021
-1.00000000000 0.00000000000 2.42187500000 -0.00125000000 0.69289142259 -1.67809641409
-1.00000000000 0.00000000000 2.42187500000 0.00000000000 0.69314718072 -1.67871582831
-1.00000000000 0.00000000000 2.42187500000 0.00125000000 0.69340755397 -1.67934641978
-1.00000000000 0.00000000000 2.42187500000 0.00250000000 0.69367254945 -1.67998820569
-1.00000000000 0.00000000000 2.42187500000 0.00375000000 0.69394217435 -1.68064120351
-1.00000000000 0.00000000000 2.42187500000 0.00500000000 0.69421643601 -1.68130543096
-1.00000000000 0.00000000000 2.42187500000 0.00625000000 0.69449534185 -1.68198090605
-1.00000000000 0.00000000000 2.42187500000 0.00750000000 0.69477889943 -1.68266764705
-1.00000000000 0.00000000000 2.42187500000 0.00875000000 0.69506711639 -1.68336567250
-1.00000000000 0.00000000000 2.43750000000 -0.01000000000 0.69124265880 -1.68490398082
-1.00000000000 0.00000000000 2.43750000000 -0.00875000000 0.69146472583 -1.68544526920
-1.00000000000 0.00000000000 2.43750000000 -0.00750000000 0.69169135095 -1.68599766795
-1.00000000000 0.00000000000 2.43750000000 -0.00625000000 0.69192254045 -1.68656119236
-1.00000000000 0.00000000000 2.43750000000 -0.00500000000 0.69215830071 -1.68713585797
-1.00000000000 0.00000000000 2.43750000000 -0.00375000000 0.69239863821 -1.68772168063
-1.00000000000 0.00000000000 2.43750000000 -0.00250000000 0.69264355955 -1.68831867641
-1.00000000000 0.00000000000 2.43750000000 -0.00125000000 0.69289307145 -1.68892686166
-1.00000000000 0.00000000000 2.43750000000 0.00000000000 0.69314718072 -1.68954625301
-1.00000000000 0.00000000000 2.43750000000 0.00125000000 0.69340589429 -1.69017686733
-1.00000000000 0.00000000000 2.43750000000 0.00250000000 0.69366921920 -1.69081872179
-1.00000000000 0.00000000000 2.43750000000 0.00375000000 0.69393716259 -1.69147183381
-1.00000000000 0.00000000000 2.43750000000 0.00500000000 0.69420973172 -1.69213622108
-1.00000000000 0.00000000000 2.43750000000 0.00625000000 0.69448693397 -1.69281190156
-1.00000000000 0.00000000000 2.43750000000 0.00750000000 0.69476877682 -1.69349889349
-1.00000000000 0.00000000000 2.43750000000 0.00875000000 0.69505526785 -1.69419721540
-1.00000000000 0.00000000000 2.45312500000 -0.01000000000 0.69125538782 -1.69573587324
-1.00000000000 0.00000000000 2.45312500000 -0.00875000000 0.69147590005 -1.69627681731
-1.00000000000 0.00000000000 2.45312500000 -0.00750000000 0.69170096012 -1.69682891779
-1.00000000000 0.00000000000 2.45312500000 -0.00625000000 0.69193057423 -1.69739218991
-1.00000000000 0.00000000000 2.45312500000 -0.00500000000 0.69216474872 -1.69796664920
-1.00000000000 0.00000000000 2.45312500000 -0.00375000000 0.69240349001 -1.69855231144
-1.00000000000 0.00000000000 2.45312500000 -0.00250000000 0.69264680466 -1.69914919269
-1.00000000000 0.00000000000 2.45312500000 -0.00125000000 0.69289469931 -1.69975730925
-1.00000000000 0.00000000000 2.45312500000 0.00000000000 0.69314718072 -1.70037667771
-1.00000000000 0.00000000000 2.45312500000 0.00125000000 0.69340425576 -1.70100731491
-1.00000000000 0.00000000000 2.45312500000 0.00250000000 0.69366593140 -1.70164923798
-1.00000000000 0.00000000000 2.45312500000 0.00375000000 0.69393221474 -1.70230246429
-1.00000000000 0.00000000000 2.45312500000 0.00500000000 0.69420311297 -1.70296701151
-1.00000000000 0.00000000000 2.45312500000 0.00625000000 0.69447863340 -1.70364289757
-1.00000000000 0.00000000000 2.45312500000 0.00750000000 0.69475878346 -1.70433014067
-1.00000000000 0.00000000000 2.45312500000 0.00875000000 0.69504357066 -1.70502875929
-1.00000000000 0.00000000000 2.46875000000 -0.01000000000 0.69126795619 -1.70656776685
-1.00000000000 0.00000000000 2.46875000000 -0.00875000000 0.69148693320 -1.70710836635
-1.00000000000 0.00000000000 2.46875000000 -0.00750000000 0.69171044792 -1.70766016830
-1.00000000000 0.00000000000 2.46875000000 -0.00625000000 0.69193850650 -1.70822318793
-1.00000000000 0.00000000000 2.46875000000 -0.00500000000 0.69217111523 -1.70879744073
-1.00000000000 0.00000000000 2.46875000000 -0.00375000000 0.69240828048 -1.70938294243
-1.00000000000 0.00000000000 2.46875000000 -0.00250000000 0.69265000873 -1.70997970904
-1.00000000000 0.00000000000 2.46875000000 -0.00125000000 0.69289630657 -1.71058775686
-1.00000000000 0.00000000000 2.46875000000 0.00000000000 0.69314718072 -1.71120710241
-1.00000000000 0.00000000000 2.46875000000 0.00125000000 0.69340263798 -1.71183776251
-1.00000000000 0.00000000000 2.46875000000 0.00250000000 0.69366268526 -1.71247975424
-1.00000000000 0.00000000000 2.46875000000 0.00375000000 0.69392732960 -1.71313309495
-1.00000000000 0.00000000000 2.46875000000 0.00500000000 0.69419657813 -1.71379780226
-1.00000000000 0.00000000000 2.46875000000 0.00625000000 0.69447043811 -1.71447389408
-1.00000000000 0.00000000000 2.46875000000 0.00750000000 0.69474891689 -1.71516138856
-1.00000000000 0.00000000000 2.46875000000 0.00875000000 0.69503202194 -1.71586030416
-1.00000000000 0.00000000000 2.48437500000 -0.01000000000 0.69128036695 -1.71739966165
-1.00000000000 0.00000000000 2.48437500000 -0.00875000000 0.69149782794 -1.71793991628
-1.00000000000 0.00000000000 2.48437500000 -0.00750000000 0.69171981665 -1.71849141948
-1.00000000000 0.00000000000 2.48437500000 -0.00625000000 0.69194633919 -1.71905418642
-1.00000000000 0.00000000000 2.48437500000 -0.00500000000 0.69217740178 -1.71962823255
-1.00000000000 0.00000000000 2.48437500000 -0.00375000000 0.69241301075 -1.72021357358
-1.00000000000 0.00000000000 2.48437500000 -0.00250000000 0.69265317252 -1.72081022548
-1.00000000000 0.00000000000 2.48437500000 -0.00125000000 0.69289789363 -1.72141820448
-1.00000000000 0.00000000000 2.48437500000 0.00000000000 0.69314718072 -1.72203752710
-1.00000000000 0.00000000000 2.48437500000 0.00125000000 0.69340104055 -1.72266821012
-1.00000000000 0.00000000000 2.48437500000 0.00250000000 0.69365947998 -1.72331027057
-1.00000000000 0.00000000000 2.48437500000 0.00375000000 0.69392250597 -1.72396372578
-1.00000000000 0.00000000000 2.48437500000 0.00500000000 0.69419012562 -1.72462859333
-1.00000000000 0.00000000000 2.48437500000 0.00625000000 0.69446234609 -1.72530489107
-1.00000000000 0.00000000000 2.48437500000 0.00750000000 0.69473917471 -1.72599263716
-1.00000000000 0.00000000000 2.48437500000 0.00875000000 0.69502061886 -1.72669184999
-1.00000000000 0.00000000000 2.50000000000 -0.01000000000 0.69129262304 -1.72823155759
-1.00000000000 0.00000000000 2.50000000000 -0.00875000000 0.69150858684 -1.72877146710
-1.00000000000 0.00000000000 2.50000000000 -0.00750000000 0.69172906853 -1.72932267131
-1.00000000000 0.00000000000 2.50000000000 -0.00625000000 0.69195407415 -1.72988518537
-1.00000000000 0.00000000000 2.50000000000 -0.00500000000 0.69218360987 -1.73045902467
-1.00000000000 0.00000000000 2.50000000000 -0.00375000000 0.69241768196 -1.73104420490
-1.00000000000 0.00000000000 2.50000000000 -0.00250000000 0.69265629679 -1.73164074198
-1.00000000000 0.00000000000 2.50000000000 -0.00125000000 0.69289946085 -1.73224865213
-1.00000000000 0.00000000000 2.50000000000 0.00000000000 0.69314718072 -1.73286795180
-1.00000000000 0.00000000000 2.50000000000 0.00125000000 0.69339946310 -1.73349865775
-1.00000000000 0.00000000000 2.50000000000 0.00250000000 0.69365631479 -1.73414078698
-1.00000000000 0.00000000000 2.50000000000 0.00375000000 0.69391774271 -1.73479435678
-1.00000000000 0.00000000000 2.50000000000 0.00500000000 0.69418375388 -1.73545938469
-1.00000000000 0.00000000000 2.50000000000 0.00625000000 0.69445435542 -1.73613588855
-1.00000000000 0.00000000000 2.50000000000 0.00750000000 0.69472955458 -1.73682388644
-1.00000000000 0.00000000000 2.50000000000 0.00875000000 0.69500935870 -1.73752339676
-1.00000000000 0.00000000000 2.51562500000 -0.01000000000 0.69130472732 -1.73906345467
-1.00000000000 0.00000000000 2.51562500000 -0.00875000000 0.69151921244 -1.73960301879
-1.00000000000 0.00000000000 2.51562500000 -0.00750000000 0.69173820573 -1.74015392379
-1.00000000000 0.00000000000 2.51562500000 -0.00625000000 0.69196171320 -1.74071618476
-1.00000000000 0.00000000000 2.51562500000 -0.00500000000 0.69218974095 -1.74128981708
-1.00000000000 0.00000000000 2.51562500000 -0.00375000000 0.69242229521 -1.74187483638
-1.00000000000 0.00000000000 2.51562500000 -0.00250000000 0.69265938229 -1.74247125856
-1.00000000000 0.00000000000 2.51562500000 -0.00125000000 0.69290100861 -1.74307909979
-1.00000000000 0.00000000000 2.51562500000 0.00000000000 0.69314718072 -1.74369837650
-1.00000000000 0.00000000000 2.51562500000 0.00125000000 0.69339790525 -1.74432910540
-1.00000000000 0.00000000000 2.51562500000 0.00250000000 0.69365318896 -1.74497130347
-1.00000000000 0.00000000000 2.51562500000 0.00375000000 0.69391303869 -1.74562498795
-1.00000000000 0.00000000000 2.51562500000 0.00500000000 0.69417746141 -1.74629017635
-1.00000000000 0.00000000000 2.51562500000 0.00625000000 0.69444646419 -1.74696688649
-1.00000000000 0.00000000000 2.51562500000 0.00750000000 0.69472005422 -1.74765513641
-1.00000000000 0.00000000000 2.51562500000 0.00875000000 0.69499823879 -1.74835494446
-1.00000000000 0.00000000000 2.53125000000 -0.01000000000 0.69131668261 -1.74989535286
-1.00000000000 0.00000000000 2.53125000000 -0.00875000000 0.69152970720 -1.75043457134
-1.00000000000 0.00000000000 2.53125000000 -0.00750000000 0.69174723038 -1.75098517690
-1.00000000000 0.00000000000 2.53125000000 -0.00625000000 0.69196925811 -1.75154718460
-1.00000000000 0.00000000000 2.53125000000 -0.00500000000 0.69219579645 -1.75212060977
-1.00000000000 0.00000000000 2.53125000000 -0.00375000000 0.69242685156 -1.75270546802
-1.00000000000 0.00000000000 2.53125000000 -0.00250000000 0.69266242971 -1.75330177521
-1.00000000000 0.00000000000 2.53125000000 -0.00125000000 0.69290253727 -1.75390954747
-1.00000000000 0.00000000000 2.53125000000 0.00000000000 0.69314718072 -1.75452880120
-1.00000000000 0.00000000000 2.53125000000 0.00125000000 0.69339636665 -1.75515955307
-1.00000000000 0.00000000000 2.53125000000 0.00250000000 0.69365010174 -1.75580182003
-1.00000000000 0.00000000000 2.53125000000 0.00375000000 0.69390839280 -1.75645561928
-1.00000000000 0.00000000000 2.53125000000 0.00500000000 0.69417124674 -1.75712096831
-1.00000000000 0.00000000000 2.53125000000 0.00625000000 0.69443867057 -1.75779788488
-1.00000000000 0.00000000000 2.53125000000 0.00750000000 0.69471067142 -1.75848638703
-1.00000000000 0.00000000000 2.53125000000 0.00875000000 0.69498725652 -1.75918649307
-1.00000000000 0.00000000000 2.54687500000 -0.01000000000 0.69132849164 -1.76072725214
-1.00000000000 0.00000000000 2.54687500000 -0.00875000000 0.69154007351 -1.76126612473
-1.00000000000 0.00000000000 2.54687500000 -0.00750000000 0.69175614454 -1.76181643062
-1.00000000000 0.00000000000 2.54687500000 -0.00625000000 0.69197671062 -1.76237818486
-1.00000000000 0.00000000000 2.54687500000 -0.00500000000 0.69220177776 -1.76295140274
-1.00000000000 0.00000000000 2.54687500000 -0.00375000000 0.69243135208 -1.76353609982
-1.00000000000 0.00000000000 2.54687500000 -0.00250000000 0.69266543978 -1.76413229193
-1.00000000000 0.00000000000 2.54687500000 -0.00125000000 0.69290404718 -1.76473999517
-1.00000000000 0.00000000000 2.54687500000 0.00000000000 0.69314718072 -1.76535922590
-1.00000000000 0.00000000000 2.54687500000 0.00125000000 0.69339484692 -1.76599000076
-1.00000000000 0.00000000000 2.54687500000 0.00250000000 0.69364705243 -1.76663233666
-1.00000000000 0.00000000000 2.54687500000 0.00375000000 0.69390380398 -1.76728625077
-1.00000000000 0.00000000000 2.54687500000 0.00500000000 0.69416510844 -1.76795176055
-1.00000000000 0.00000000000 2.54687500000 0.00625000000 0.69443097275 -1.76862888373
-1.00000000000 0.00000000000 2.54687500000 0.00750000000 0.69470140400 -1.76931763831
-1.00000000000 0.00000000000 2.54687500000 0.00875000000 0.69497640935 -1.77001804256
-1.00000000000 0.00000000000 2.56250000000 -0.01000000000 0.69134015707 -1.77155915250
-1.00000000000 0.00000000000 2.56250000000 -0.00875000000 0.69155031373 -1.77209767894
-1.00000000000 0.00000000000 2.56250000000 -0.00750000000 0.69176495023 -1.77264768496
-1.00000000000 0.00000000000 2.56250000000 -0.00625000000 0.69198407241 -1.77320918555
-1.00000000000 0.00000000000 2.56250000000 -0.00500000000 0.69220768624 -1.77378219598
-1.00000000000 0.00000000000 2.56250000000 -0.00375000000 0.69243579777 -1.77436673177
-1.00000000000 0.00000000000 2.56250000000 -0.00250000000 0.69266841316 -1.77496280872
-1.00000000000 0.00000000000 2.56250000000 -0.00125000000 0.69290553869 -1.77557044288
-1.00000000000 0.00000000000 2.56250000000 0.00000000000 0.69314718072 -1.77618965060
-1.00000000000 0.00000000000 2.56250000000 0.00125000000 0.69339334574 -1.77682044846
-1.00000000000 0.00000000000 2.56250000000 0.00250000000 0.69364404033 -1.77746285336
-1.00000000000 0.00000000000 2.56250000000 0.00375000000 0.69389927119 -1.77811688242
-1.00000000000 0.00000000000 2.56250000000 0.00500000000 0.69415904510 -1.77878255308
-1.00000000000 0.00000000000 2.56250000000 0.00625000000 0.69442336899 -1.77945988302
-1.00000000000 0.00000000000 2.56250000000 0.00750000000 0.69469224985 -1.78014889023
-1.00000000000 0.00000000000 2.56250000000 0.00875000000 0.69496569480 -1.78084959294
-1.00000000000 0.00000000000 2.57812500000 -0.01000000000 0.69135168151 -1.78239105390
-1.00000000000 0.00000000000 2.57812500000 -0.00875000000 0.69156043014 -1.78292923395
-1.00000000000 0.00000000000 2.57812500000 -0.00750000000 0.69177364941 -1.78347893989
-1.00000000000 0.00000000000 2.57812500000 -0.00625000000 0.69199134513 -1.78404018666
-1.00000000000 0.00000000000 2.57812500000 -0.00500000000 0.69221352320 -1.78461298949
-1.00000000000 0.00000000000 2.57812500000 -0.00375000000 0.69244018963 -1.78519736388
-1.00000000000 0.00000000000 2.57812500000 -0.00250000000 0.69267135053 -1.78579332558
-1.00000000000 0.00000000000 2.57812500000 -0.00125000000 0.69290701212 -1.78640089062
-1.00000000000 0.00000000000 2.57812500000 0.00000000000 0.69314718072 -1.78702007530
-1.00000000000 0.00000000000 2.57812500000 0.00125000000 0.69339186276 -1.78765089619
-1.00000000000 0.00000000000 2.57812500000 0.00250000000 0.69364106478 -1.78829337012
-1.00000000000 0.00000000000 2.57812500000 0.00375000000 0.69389479340 -1.78894751423
-1.00000000000 0.00000000000 2.57812500000 0.00500000000 0.69415305537 -1.78961334588
-1.00000000000 0.00000000000 2.57812500000 0.00625000000 0.69441585755 -1.79029088275
-1.00000000000 0.00000000000 2.57812500000 0.00750000000 0.69468320689 -1.79098014277
-1.00000000000 0.00000000000 2.57812500000 0.00875000000 0.69495511046 -1.79168114417
-1.00000000000 0.00000000000 2.59375000000 -0.01000000000 0.69136306750 -1.79322295634
-1.00000000000 0.00000000000 2.59375000000 -0.00875000000 0.69157042497 -1.79376078976
-1.00000000000 0.00000000000 2.59375000000 -0.00750000000 0.69178224401 -1.79431019540
-1.00000000000 0.00000000000 2.59375000000 -0.00625000000 0.69199853038 -1.79487118817
-1.00000000000 0.00000000000 2.59375000000 -0.00500000000 0.69221928993 -1.79544378326
-1.00000000000 0.00000000000 2.59375000000 -0.00375000000 0.69244452863 -1.79602799613
-1.00000000000 0.00000000000 2.59375000000 -0.00250000000 0.69267425253 -1.79662384250
-1.00000000000 0.00000000000 2.59375000000 -0.00125000000 0.69290846780 -1.79723133837
-1.00000000000 0.00000000000 2.59375000000 0.00000000000 0.69314718072 -1.79785050000
-1.00000000000 0.00000000000 2.59375000000 0.00125000000 0.69339039766 -1.79848134392
-1.00000000000 0.00000000000 2.59375000000 0.00250000000 0.69363812509 -1.79912388696
-1.00000000000 0.00000000000 2.59375000000 0.00375000000 0.69389036961 -1.79977814618
-1.00000000000 0.00000000000 2.59375000000 0.00500000000 0.69414713791 -1.80044413895
-1.00000000000 0.00000000000 2.59375000000 0.00625000000 0.69440843678 -1.80112188290
-1.00000000000 0.00000000000 2.59375000000 0.00750000000 0.69467427313 -1.80181139594
-1.00000000000 0.00000000000 2.59375000000 0.00875000000 0.69494465397 -1.80251269624
-1.00000000000 0.00000000000 2.60937500000 -0.01000000000 0.69137431752 -1.80405485979
-1.00000000000 0.00000000000 2.60937500000 -0.00875000000 0.69158030040 -1.80459234636
-1.00000000000 0.00000000000 2.60937500000 -0.00750000000 0.69179073590 -1.80514145149
-1.00000000000 0.00000000000 2.60937500000 -0.00625000000 0.69200562973 -1.80570219009
-1.00000000000 0.00000000000 2.60937500000 -0.00500000000 0.69222498770 -1.80627457729
-1.00000000000 0.00000000000 2.60937500000 -0.00375000000 0.69244881572 -1.80685862853
-1.00000000000 0.00000000000 2.60937500000 -0.00250000000 0.69267711980 -1.80745435949
-1.00000000000 0.00000000000 2.60937500000 -0.00125000000 0.69290990606 -1.80806178613
-1.00000000000 0.00000000000 2.60937500000 0.00000000000 0.69314718072 -1.80868092469
-1.00000000000 0.00000000000 2.60937500000 0.00125000000 0.69338895010 -1.80931179168
-1.00000000000 0.00000000000 2.60937500000 0.00250000000 0.69363522064 -1.80995440386
-1.00000000000 0.00000000000 2.60937500000 0.00375000000 0.69388599887 -1.81060877829
-1.00000000000 0.00000000000 2.60937500000 0.00500000000 0.69414129142 -1.81127493230
-1.00000000000 0.00000000000 2.60937500000 0.00625000000 0.69440110504 -1.81195288347
-1.00000000000 0.00000000000 2.60937500000 0.00750000000 0.69466544659 -1.81264264971
-1.00000000000 0.00000000000 2.60937500000 0.00875000000 0.69493432303 -1.81334424914
-1.00000000000 0.00000000000 2.62500000000 -0.01000000000 0.69138543399 -1.81488676423
-1.00000000000 0.00000000000 2.62500000000 -0.00875000000 0.69159005856 -1.81542390371
-1.00000000000 0.00000000000 2.62500000000 -0.00750000000 0.69179912691 -1.81597270815
-1.00000000000 0.00000000000 2.62500000000 -0.00625000000 0.69201264472 -1.81653319240
-1.00000000000 0.00000000000 2.62500000000 -0.00500000000 0.69223061774 -1.81710537157
-1.00000000000 0.00000000000 2.62500000000 -0.00375000000 0.69245305184 -1.81768926107
-1.00000000000 0.00000000000 2.62500000000 -0.00250000000 0.69267995297 -1.81828487654
-1.00000000000 0.00000000000 2.62500000000 -0.00125000000 0.69291132721 -1.81889223391
-1.00000000000 0.00000000000 2.62500000000 0.00000000000 0.69314718072 -1.81951134939
-1.00000000000 0.00000000000 2.62500000000 0.00125000000 0.69338751979 -1.82014223945
-1.00000000000 0.00000000000 2.62500000000 0.00250000000 0.69363235079 -1.82078492083
-1.00000000000 0.00000000000 2.62500000000 0.00375000000 0.69388168021 -1.82143941055
-1.00000000000 0.00000000000 2.62500000000 0.00500000000 0.69413551463 -1.82210572590
-1.00000000000 0.00000000000 2.62500000000 0.00625000000 0.69439386075 -1.82278388446
-1.00000000000 0.00000000000 2.62500000000 0.00750000000 0.69465672536 -1.82347390407
-1.00000000000 0.00000000000 2.62500000000 0.00875000000 0.69492411538 -1.82417580286
-1.00000000000 0.00000000000 2.64062500000 -0.01000000000 0.69139641928 -1.82571866966
-1.00000000000 0.00000000000 2.64062500000 -0.00875000000 0.69159970152 -1.82625546182
-1.00000000000 0.00000000000 2.64062500000 -0.00750000000 0.69180741884 -1.82680396536
-1.00000000000 0.00000000000 2.64062500000 -0.00625000000 0.69201957684 -1.82736419509
-1.00000000000 0.00000000000 2.64062500000 -0.00500000000 0.69223618125 -1.82793616610
-1.00000000000 0.00000000000 2.64062500000 -0.00375000000 0.69245723787 -1.82851989375
-1.00000000000 0.00000000000 2.64062500000 -0.00250000000 0.69268275263 -1.82911539365
-1.00000000000 0.00000000000 2.64062500000 -0.00125000000 0.69291273154 -1.82972268171
-1.00000000000 0.00000000000 2.64062500000 0.00000000000 0.69314718072 -1.83034177409
-1.00000000000 0.00000000000 2.64062500000 0.00125000000 0.69338610641 -1.83097268724
-1.00000000000 0.00000000000 2.64062500000 0.00250000000 0.69362951493 -1.83161543786
-1.00000000000 0.00000000000 2.64062500000 0.00375000000 0.69387741271 -1.83227004294
-1.00000000000 0.00000000000 2.64062500000 0.00500000000 0.69412980630 -1.83293651976
-1.00000000000 0.00000000000 2.64062500000 0.00625000000 0.69438670233 -1.83361488584
-1.00000000000 0.00000000000 2.64062500000 0.00750000000 0.69464810756 -1.83430515902
-1.00000000000 0.00000000000 2.64062500000 0.00875000000 0.69491402883 -1.83500735737
-1.00000000000 0.00000000000 2.65625000000 -0.01000000000 0.69140727569 -1.83655057604
-1.00000000000 0.00000000000 2.65625000000 -0.00875000000 0.69160923131 -1.83708702067
-1.00000000000 0.00000000000 2.65625000000 -0.00750000000 0.69181561341 -1.83763522312
-1.00000000000 0.00000000000 2.65625000000 -0.00625000000 0.69202642755 -1.83819519817
-1.00000000000 0.00000000000 2.65625000000 -0.00500000000 0.69224167939 -1.83876696088
-1.00000000000 0.00000000000 2.65625000000 -0.00375000000 0.69246137471 -1.83935052657
-1.00000000000 0.00000000000 2.65625000000 -0.00250000000 0.69268551937 -1.83994591083
-1.00000000000 0.00000000000 2.65625000000 -0.00125000000 0.69291411935 -1.84055312952
-1.00000000000 0.00000000000 2.65625000000 0.00000000000 0.69314718072 -1.84117219879
-1.00000000000 0.00000000000 2.65625000000 0.00125000000 0.69338470966 -1.84180313504
-1.00000000000 0.00000000000 2.65625000000 0.00250000000 0.69362671245 -1.84244595495
-1.00000000000 0.00000000000 2.65625000000 0.00375000000 0.69387319548 -1.84310067548
-1.00000000000 0.00000000000 2.65625000000 0.00500000000 0.69412416522 -1.84376731387
-1.00000000000 0.00000000000 2.65625000000 0.00625000000 0.69437962828 -1.84444588763
-1.00000000000 0.00000000000 2.65625000000 0.00750000000 0.69463959136 -1.84513641454
-1.00000000000 0.00000000000 2.65625000000 0.00875000000 0.69490406124 -1.84583891267
-1.00000000000 0.00000000000 2.67187500000 -0.01000000000 0.69141800547 -1.84738248337
-1.00000000000 0.00000000000 2.67187500000 -0.00875000000 0.69161864992 -1.84791858025
-1.00000000000 0.00000000000 2.67187500000 -0.00750000000 0.69182371234 -1.84846648141
-1.00000000000 0.00000000000 2.67187500000 -0.00625000000 0.69203319827 -1.84902620162
-1.00000000000 0.00000000000 2.67187500000 -0.00500000000 0.69224711332 -1.84959775590
-1.00000000000 0.00000000000 2.67187500000 -0.00375000000 0.69246546321 -1.85018115952
-1.00000000000 0.00000000000 2.67187500000 -0.00250000000 0.69268825378 -1.85077642806
-1.00000000000 0.00000000000 2.67187500000 -0.00125000000 0.69291549094 -1.85138357735
-1.00000000000 0.00000000000 2.67187500000 0.00000000000 0.69314718072 -1.85200262349
-1.00000000000 0.00000000000 2.67187500000 0.00125000000 0.69338332926 -1.85263358286
-1.00000000000 0.00000000000 2.67187500000 0.00250000000 0.69362394278 -1.85327647210
-1.00000000000 0.00000000000 2.67187500000 0.00375000000 0.69386902762 -1.85393130816
-1.00000000000 0.00000000000 2.67187500000 0.00500000000 0.69411859022 -1.85459810823
-1.00000000000 0.00000000000 2.67187500000 0.00625000000 0.69437263712 -1.85527688980
-1.00000000000 0.00000000000 2.67187500000 0.00750000000 0.69463117497 -1.85596767062
-1.00000000000 0.00000000000 2.67187500000 0.00875000000 0.69489421052 -1.85667046874
-1.00000000000 0.00000000000 2.68750000000 -0.01000000000 0.69142861084 -1.85821439163
-1.00000000000 0.00000000000 2.68750000000 -0.00875000000 0.69162795927 -1.85875014053
-1.00000000000 0.00000000000 2.68750000000 -0.00750000000 0.69183171730 -1.85929774023
-1.00000000000 0.00000000000 2.68750000000 -0.00625000000 0.69203989040 -1.85985720544
-1.00000000000 0.00000000000 2.68750000000 -0.00500000000 0.69225248415 -1.86042855115
-1.00000000000 0.00000000000 2.68750000000 -0.00375000000 0.69246950423 -1.86101179261
-1.00000000000 0.00000000000 2.68750000000 -0.00250000000 0.69269095641 -1.86160694536
-1.00000000000 0.00000000000 2.68750000000 -0.00125000000 0.69291684658 -1.86221402519
-1.00000000000 0.00000000000 2.68750000000 0.00000000000 0.69314718072 -1.86283304819
-1.00000000000 0.00000000000 2.68750000000 0.00125000000 0.69338196491 -1.86346403069
-1.00000000000 0.00000000000 2.68750000000 0.00250000000 0.69362120533 -1.86410698932
-1.00000000000 0.00000000000 2.68750000000 0.00375000000 0.69386490827 -1.86476194098
-1.00000000000 0.00000000000 2.68750000000 0.00500000000 0.69411308013 -1.86542890284
-1.00000000000 0.00000000000 2.68750000000 0.00625000000 0.69436572739 -1.86610789236
-1.00000000000 0.00000000000 2.68750000000 0.00750000000 0.69462285666 -1.86679892726
-1.00000000000 0.00000000000 2.68750000000 0.00875000000 0.69488447463 -1.86750202557
-1.00000000000 0.00000000000 2.70312500000 -0.01000000000 0.69143909394 -1.86904630080
-1.00000000000 0.00000000000 2.70312500000 -0.00875000000 0.69163716126 -1.86958170152
-1.00000000000 0.00000000000 2.70312500000 -0.00750000000 0.69183962990 -1.87012899957
-1.00000000000 0.00000000000 2.70312500000 -0.00625000000 0.69204650529 -1.87068820962
-1.00000000000 0.00000000000 2.70312500000 -0.00500000000 0.69225779297 -1.87125934663
-1.00000000000 0.00000000000 2.70312500000 -0.00375000000 0.69247349857 -1.87184242583
-1.00000000000 0.00000000000 2.70312500000 -0.00250000000 0.69269362782 -1.87243746271
-1.00000000000 0.00000000000 2.70312500000 -0.00125000000 0.69291818656 -1.87304447305
-1.00000000000 0.00000000000 2.70312500000 0.00000000000 0.69314718072 -1.87366347289
-1.00000000000 0.00000000000 2.70312500000 0.00125000000 0.69338061634 -1.87429447854
-1.00000000000 0.00000000000 2.70312500000 0.00250000000 0.69361849955 -1.87493750659
-1.00000000000 0.00000000000 2.70312500000 0.00375000000 0.69386083660 -1.87559257393
-1.00000000000 0.00000000000 2.70312500000 0.00500000000 0.69410763383 -1.87625969769
-1.00000000000 0.00000000000 2.70312500000 0.00625000000 0.69435889768 -1.87693889529
-1.00000000000 0.00000000000 2.70312500000 0.00750000000 0.69461463471 -1.87763018445
-1.00000000000 0.00000000000 2.70312500000 0.00875000000 0.69487485157 -1.87833358314
-1.00000000000 0.00000000000 2.71875000000 -0.01000000000 0.69144945687 -1.87987821087
-1.00000000000 0.00000000000 2.71875000000 -0.00875000000 0.69164625773 -1.88041326320
-1.00000000000 0.00000000000 2.71875000000 -0.00750000000 0.69184745174 -1.88096025941
-1.00000000000 0.00000000000 2.71875000000 -0.00625000000 0.69205304429 -1.88151921415
-1.00000000000 0.00000000000 2.71875000000 -0.00500000000 0.69226304086 -1.88209014234
-1.00000000000 0.00000000000 2.71875000000 -0.00375000000 0.69247744705 -1.88267305918
-1.00000000000 0.00000000000 2.71875000000 -0.00250000000 0.69269626855 -1.88326798013
-1.00000000000 0.00000000000 2.71875000000 -0.00125000000 0.69291951114 -1.88387492092
-1.00000000000 0.00000000000 2.71875000000 0.00000000000 0.69314718072 -1.88449389759
-1.00000000000 0.00000000000 2.71875000000 0.00125000000 0.69337928327 -1.88512492640
-1.00000000000 0.00000000000 2.71875000000 0.00250000000 0.69361582489 -1.88576802393
-1.00000000000 0.00000000000 2.71875000000 0.00375000000 0.69385681177 -1.88642320701
-1.00000000000 0.00000000000 2.71875000000 0.00500000000 0.69410225021 -1.88709049277
-1.00000000000 0.00000000000 2.71875000000 0.00625000000 0.69435214661 -1.88776989859
-1.00000000000 0.00000000000 2.71875000000 0.00750000000 0.69460650746 -1.88846144217
-1.00000000000 0.00000000000 2.71875000000 0.00875000000 0.69486533938 -1.88916514145
-1.00000000000 0.00000000000 2.73437500000 -0.01000000000 0.69145970169 -1.89071012182
-1.00000000000 0.00000000000 2.73437500000 -0.00875000000 0.69165525049 -1.89124482556
-1.00000000000 0.00000000000 2.73437500000 -0.00750000000 0.69185518437 -1.89179151976
-1.00000000000 0.00000000000 2.73437500000 -0.00625000000 0.69205950867 -1.89235021903
-1.00000000000 0.00000000000 2.73437500000 -0.00500000000 0.69226822886 -1.89292093828
-1.00000000000 0.00000000000 2.73437500000 -0.00375000000 0.69248135046 -1.89350369265
-1.00000000000 0.00000000000 2.73437500000 -0.00250000000 0.69269887912 -1.89409849759
-1.00000000000 0.00000000000 2.73437500000 -0.00125000000 0.69292082059 -1.89470536881
-1.00000000000 0.00000000000 2.73437500000 0.00000000000 0.69314718072 -1.89532432228
-1.00000000000 0.00000000000 2.73437500000 0.00125000000 0.69337796545 -1.89595537428
-1.00000000000 0.00000000000 2.73437500000 0.00250000000 0.69361318082 -1.89659854132
-1.00000000000 0.00000000000 2.73437500000 0.00375000000 0.69385283300 -1.89725384022
-1.00000000000 0.00000000000 2.73437500000 0.00500000000 0.69409692821 -1.89792128808
-1.00000000000 0.00000000000 2.73437500000 0.00625000000 0.69434547283 -1.89860090226
-1.00000000000 0.00000000000 2.73437500000 0.00750000000 0.69459847329 -1.89929270041
-1.00000000000 0.00000000000 2.73437500000 0.00875000000 0.69485593617 -1.89999670047
-1.00000000000 0.00000000000 2.75000000000 -0.01000000000 0.69146983041 -1.90154203363
-1.00000000000 0.00000000000 2.75000000000 -0.00875000000 0.69166414130 -1.90207638858
-1.00000000000 0.00000000000 2.75000000000 -0.00750000000 0.69186282931 -1.90262278059
-1.00000000000 0.00000000000 2.75000000000 -0.00625000000 0.69206589973 -1.90318122426
-1.00000000000 0.00000000000 2.75000000000 -0.00500000000 0.69227335798 -1.90375173443
-1.00000000000 0.00000000000 2.75000000000 -0.00375000000 0.69248520955 -1.90433432625
-1.00000000000 0.00000000000 2.75000000000 -0.00250000000 0.69270146004 -1.90492901512
-1.00000000000 0.00000000000 2.75000000000 -0.00125000000 0.69292211517 -1.90553581671
-1.00000000000 0.00000000000 2.75000000000 0.00000000000 0.69314718072 -1.90615474698
-1.00000000000 0.00000000000 2.75000000000 0.00125000000 0.69337666261 -1.90678582217
-1.00000000000 0.00000000000 2.75000000000 0.00250000000 0.69361056682 -1.90742905876
-1.00000000000 0.00000000000 2.75000000000 0.00375000000 0.69384889948 -1.90808447356
-1.00000000000 0.00000000000 2.75000000000 0.00500000000 0.69409166677 -1.90875208362
-1.00000000000 0.00000000000 2.75000000000 0.00625000000 0.69433887501 -1.90943190628
-1.00000000000 0.00000000000 2.75000000000 0.00750000000 0.69459053061 -1.91012395918
-1.00000000000 0.00000000000 2.75000000000 0.00875000000 0.69484664007 -1.91082826020
-1.00000000000 0.00000000000 2.76562500000 -0.01000000000 0.69147984499 -1.91237394629
-1.00000000000 0.00000000000 2.76562500000 -0.00875000000 0.69167293189 -1.91290795225
-1.00000000000 0.00000000000 2.76562500000 -0.00750000000 0.69187038803 -1.91345404191
-1.00000000000 0.00000000000 2.76562500000 -0.00625000000 0.69207221869 -1.91401222982
-1.00000000000 0.00000000000 2.76562500000 -0.00500000000 0.69227842922 -1.91458253080
-1.00000000000 0.00000000000 2.76562500000 -0.00375000000 0.69248902507 -1.91516495997
-1.00000000000 0.00000000000 2.76562500000 -0.00250000000 0.69270401182 -1.91575953270
-1.00000000000 0.00000000000 2.76562500000 -0.00125000000 0.69292339512 -1.91636626462
-1.00000000000 0.00000000000 2.76562500000 0.00000000000 0.69314718072 -1.91698517168
-1.00000000000 0.00000000000 2.76562500000 0.00125000000 0.69337537449 -1.91761627007
-1.00000000000 0.00000000000 2.76562500000 0.00250000000 0.69360798238 -1.91825957627
-1.00000000000 0.00000000000 2.76562500000 0.00375000000 0.69384501045 -1.91891510703
-1.00000000000 0.00000000000 2.76562500000 0.00500000000 0.69408646486 -1.91958287939
-1.00000000000 0.00000000000 2.76562500000 0.00625000000 0.69433235188 -1.92026291066
-1.00000000000 0.00000000000 2.76562500000 0.00750000000 0.69458267786 -1.92095521845
-1.00000000000 0.00000000000 2.76562500000 0.00875000000 0.69483744926 -1.92165982062
-1.00000000000 0.00000000000 2.78125000000 -0.01000000000 0.69148974734 -1.92320585979
-1.00000000000 0.00000000000 2.78125000000 -0.00875000000 0.69168162394 -1.92373951657
-1.00000000000 0.00000000000 2.78125000000 -0.00750000000 0.69187786201 -1.92428530370
-1.00000000000 0.00000000000 2.78125000000 -0.00625000000 0.69207846677 -1.92484323571
-1.00000000000 0.00000000000 2.78125000000 -0.00500000000 0.69228344356 -1.92541332739
-1.00000000000 0.00000000000 2.78125000000 -0.00375000000 0.69249279778 -1.92599559381
-1.00000000000 0.00000000000 2.78125000000 -0.00250000000 0.69270653495 -1.92659005033
-1.00000000000 0.00000000000 2.78125000000 -0.00125000000 0.69292466069 -1.92719671255
-1.00000000000 0.00000000000 2.78125000000 0.00000000000 0.69314718072 -1.92781559638
-1.00000000000 0.00000000000 2.78125000000 0.00125000000 0.69337410085 -1.92844671799
-1.00000000000 0.00000000000 2.78125000000 0.00250000000 0.69360542699 -1.92909009382
-1.00000000000 0.00000000000 2.78125000000 0.00375000000 0.69384116517 -1.92974574062
-1.00000000000 0.00000000000 2.78125000000 0.00500000000 0.69408132148 -1.93041367537
-1.00000000000 0.00000000000 2.78125000000 0.00625000000 0.69432590216 -1.93109391538
-1.00000000000 0.00000000000 2.78125000000 0.00750000000 0.69457491352 -1.93178647822
-1.00000000000 0.00000000000 2.78125000000 0.00875000000 0.69482836197 -1.93249138173
-1.00000000000 0.00000000000 2.79687500000 -0.01000000000 0.69149953935 -1.93403777412
-1.00000000000 0.00000000000 2.79687500000 -0.00875000000 0.69169021909 -1.93457108152
-1.00000000000 0.00000000000 2.79687500000 -0.00750000000 0.69188525263 -1.93511656596
-1.00000000000 0.00000000000 2.79687500000 -0.00625000000 0.69208464516 -1.93567424193
-1.00000000000 0.00000000000 2.79687500000 -0.00500000000 0.69228840194 -1.93624412418
-1.00000000000 0.00000000000 2.79687500000 -0.00375000000 0.69249652837 -1.93682622777
-1.00000000000 0.00000000000 2.79687500000 -0.00250000000 0.69270902990 -1.93742056801
-1.00000000000 0.00000000000 2.79687500000 -0.00125000000 0.69292591213 -1.93802716049
-1.00000000000 0.00000000000 2.79687500000 0.00000000000 0.69314718072 -1.93864602108
-1.00000000000 0.00000000000 2.79687500000 0.00125000000 0.69337284145 -1.93927716592
-1.00000000000 0.00000000000 2.79687500000 0.00250000000 0.69360290018 -1.93992061143
-1.00000000000 0.00000000000 2.79687500000 0.00375000000 0.69383736289 -1.94057637432
-1.00000000000 0.00000000000 2.79687500000 0.00500000000 0.69407623565 -1.94124447157
-1.00000000000 0.00000000000 2.79687500000 0.00625000000 0.69431952463 -1.94192492044
-1.00000000000 0.00000000000 2.79687500000 0.00750000000 0.69456723610 -1.94261773848
-1.00000000000 0.00000000000 2.79687500000 0.00875000000 0.69481937645 -1.94332294350
-1.00000000000 0.00000000000 2.81250000000 -0.01000000000 0.69150922285 -1.94486968925
-1.00000000000 0.00000000000 2.81250000000 -0.00875000000 0.69169871897 -1.94540264710
-1.00000000000 0.00000000000 2.81250000000 -0.00750000000 0.69189256131 -1.94594782868
-1.00000000000 0.00000000000 2.81250000000 -0.00625000000 0.69209075501 -1.94650524846
-1.00000000000 0.00000000000 2.81250000000 -0.00500000000 0.69229330531 -1.94707492118
-1.00000000000 0.00000000000 2.81250000000 -0.00375000000 0.69250021755 -1.94765686185
-1.00000000000 0.00000000000 2.81250000000 -0.00250000000 0.69271149715 -1.94825108575
-1.00000000000 0.00000000000 2.81250000000 -0.00125000000 0.69292714967 -1.94885760845
-1.00000000000 0.00000000000 2.81250000000 0.00000000000 0.69314718072 -1.94947644578
-1.00000000000 0.00000000000 2.81250000000 0.00125000000 0.69337159604 -1.95010761386
-1.00000000000 0.00000000000 2.81250000000 0.00250000000 0.69360040146 -1.95075112910
-1.00000000000 0.00000000000 2.81250000000 0.00375000000 0.69383360290 -1.95140700815
-1.00000000000 0.00000000000 2.81250000000 0.00500000000 0.69407120640 -1.95207526799
-1.00000000000 0.00000000000 2.81250000000 0.00625000000 0.69431321808 -1.95275592584
-1.00000000000 0.00000000000 2.81250000000 0.00750000000 0.69455964417 -1.95344899922
-1.00000000000 0.00000000000 2.81250000000 0.00875000000 0.69481049100 -1.95415450594
-1.00000000000 0.00000000000 2.82812500000 -0.01000000000 0.69151879962 -1.95570160518
-1.00000000000 0.00000000000 2.82812500000 -0.00875000000 0.69170712514 -1.95623421328
-1.00000000000 0.00000000000 2.82812500000 -0.00750000000 0.69189978938 -1.95677909185
-1.00000000000 0.00000000000 2.82812500000 -0.00625000000 0.69209679746 -1.95733625531
-1.00000000000 0.00000000000 2.82812500000 -0.00500000000 0.69229815457 -1.95790571838
-1.00000000000 0.00000000000 2.82812500000 -0.00375000000 0.69250386600 -1.95848749604
-1.00000000000 0.00000000000 2.82812500000 -0.00250000000 0.69271393716 -1.95908160354
-1.00000000000 0.00000000000 2.82812500000 -0.00125000000 0.69292837354 -1.95968805641
-1.00000000000 0.00000000000 2.82812500000 0.00000000000 0.69314718072 -1.96030687048
-1.00000000000 0.00000000000 2.82812500000 0.00125000000 0.69337036440 -1.96093806182
-1.00000000000 0.00000000000 2.82812500000 0.00250000000 0.69359793036 -1.96158164681
-1.00000000000 0.00000000000 2.82812500000 0.00375000000 0.69382988450 -1.96223764210
-1.00000000000 0.00000000000 2.82812500000 0.00500000000 0.69406623279 -1.96290606461
-1.00000000000 0.00000000000 2.82812500000 0.00625000000 0.69430698132 -1.96358693156
-1.00000000000 0.00000000000 2.82812500000 0.00750000000 0.69455213629 -1.96428026044
-1.00000000000 0.00000000000 2.82812500000 0.00875000000 0.69480170397 -1.96498606903
-1.00000000000 0.00000000000 2.84375000000 -0.01000000000 0.69152827144 -1.96653352189
-1.00000000000 0.00000000000 2.84375000000 -0.00875000000 0.69171543915 -1.96706578007
-1.00000000000 0.00000000000 2.84375000000 -0.00750000000 0.69190693819 -1.96761035547
-1.00000000000 0.00000000000 2.84375000000 -0.00625000000 0.69210277362 -1.96816726248
-1.00000000000 0.00000000000 2.84375000000 -0.00500000000 0.69230295061 -1.96873651578
-1.00000000000 0.00000000000 2.84375000000 -0.00375000000 0.69250747441 -1.96931813034
-1.00000000000 0.00000000000 2.84375000000 -0.00250000000 0.69271635037 -1.96991212137
-1.00000000000 0.00000000000 2.84375000000 -0.00125000000 0.69292958396 -1.97051850439
-1.00000000000 0.00000000000 2.84375000000 0.00000000000 0.69314718072 -1.97113729518
-1.00000000000 0.00000000000 2.84375000000 0.00125000000 0.69336914630 -1.97176850979
-1.00000000000 0.00000000000 2.84375000000 0.00250000000 0.69359548645 -1.97241216458
-1.00000000000 0.00000000000 2.84375000000 0.00375000000 0.69382620700 -1.97306827616
-1.00000000000 0.00000000000 2.84375000000 0.00500000000 0.69406131391 -1.97373686144
-1.00000000000 0.00000000000 2.84375000000 0.00625000000 0.69430081322 -1.97441793760
-1.00000000000 0.00000000000 2.84375000000 0.00750000000 0.69454471108 -1.97511152212
-1.00000000000 0.00000000000 2.84375000000 0.00875000000 0.69479301372 -1.97581763275
-1.00000000000 0.00000000000 2.85937500000 -0.01000000000 0.69153764000 -1.97736543938
-1.00000000000 0.00000000000 2.85937500000 -0.00875000000 0.69172366250 -1.97789734745
-1.00000000000 0.00000000000 2.85937500000 -0.00750000000 0.69191400901 -1.97844161952
-1.00000000000 0.00000000000 2.85937500000 -0.00625000000 0.69210868457 -1.97899826994
-1.00000000000 0.00000000000 2.85937500000 -0.00500000000 0.69230769430 -1.97956731338
-1.00000000000 0.00000000000 2.85937500000 -0.00375000000 0.69251104341 -1.98014876475
-1.00000000000 0.00000000000 2.85937500000 -0.00250000000 0.69271873723 -1.98074263926
-1.00000000000 0.00000000000 2.85937500000 -0.00125000000 0.69293078116 -1.98134895238
-1.00000000000 0.00000000000 2.85937500000 0.00000000000 0.69314718072 -1.98196771988
-1.00000000000 0.00000000000 2.85937500000 0.00125000000 0.69336794152 -1.98259895777
-1.00000000000 0.00000000000 2.85937500000 0.00250000000 0.69359306925 -1.98324268240
-1.00000000000 0.00000000000 2.85937500000 0.00375000000 0.69382256973 -1.98389891033
-1.00000000000 0.00000000000 2.85937500000 0.00500000000 0.69405644886 -1.98456765847
-1.00000000000 0.00000000000 2.85937500000 0.00625000000 0.69429471264 -1.98524894397
-1.00000000000 0.00000000000 2.85937500000 0.00750000000 0.69453736718 -1.98594278427
-1.00000000000 0.00000000000 2.85937500000 0.00875000000 0.69478441866 -1.98664919710
-1.00000000000 0.00000000000 2.87500000000 -0.01000000000 0.69154690700 -1.98819735762
-1.00000000000 0.00000000000 2.87500000000 -0.00875000000 0.69173179667 -1.98872891541
-1.00000000000 0.00000000000 2.87500000000 -0.00750000000 0.69192100313 -1.98927288400
-1.00000000000 0.00000000000 2.87500000000 -0.00625000000 0.69211453138 -1.98982927771
-1.00000000000 0.00000000000 2.87500000000 -0.00500000000 0.69231238649 -1.99039811117
-1.00000000000 0.00000000000 2.87500000000 -0.00375000000 0.69251457366 -1.99097939927
-1.00000000000 0.00000000000 2.87500000000 -0.00250000000 0.69272109816 -1.99157315720
-1.00000000000 0.00000000000 2.87500000000 -0.00125000000 0.69293196535 -1.99217940039
-1.00000000000 0.00000000000 2.87500000000 0.00000000000 0.69314718072 -1.99279814457
-1.00000000000 0.00000000000 2.87500000000 0.00125000000 0.69336674983 -1.99342940577
-1.00000000000 0.00000000000 2.87500000000 0.00250000000 0.69359067835 -1.99407320026
-1.00000000000 0.00000000000 2.87500000000 0.00375000000 0.69381897204 -1.99472954462
-1.00000000000 0.00000000000 2.87500000000 0.00500000000 0.69405163677 -1.99539845570
-1.00000000000 0.00000000000 2.87500000000 0.00625000000 0.69428867848 -1.99607995064
-1.00000000000 0.00000000000 2.87500000000 0.00750000000 0.69453010326 -1.99677404687
-1.00000000000 0.00000000000 2.87500000000 0.00875000000 0.69477591724 -1.99748076208
-1.00000000000 0.00000000000 2.89062500000 -0.01000000000 0.69155607407 -1.99902927660
-1.00000000000 0.00000000000 2.89062500000 -0.00875000000 0.69173984310 -1.99956048395
-1.00000000000 0.00000000000 2.89062500000 -0.00750000000 0.69192792178 -2.00010414890
-1.00000000000 0.00000000000 2.89062500000 -0.00625000000 0.69212031508 -2.00066028577
-1.00000000000 0.00000000000 2.89062500000 -0.00500000000 0.69231702803 -2.00122890915
-1.00000000000 0.00000000000 2.89062500000 -0.00375000000 0.69251806578 -2.00181003390
-1.00000000000 0.00000000000 2.89062500000 -0.00250000000 0.69272343358 -2.00240367518
-1.00000000000 0.00000000000 2.89062500000 -0.00125000000 0.69293313674 -2.00300984840
-1.00000000000 0.00000000000 2.89062500000 0.00000000000 0.69314718072 -2.00362856927
-1.00000000000 0.00000000000 2.89062500000 0.00125000000 0.69336557104 -2.00425985378
-1.00000000000 0.00000000000 2.89062500000 0.00250000000 0.69358831331 -2.00490371818
-1.00000000000 0.00000000000 2.89062500000 0.00375000000 0.69381541328 -2.00556017902
-1.00000000000 0.00000000000 2.89062500000 0.00500000000 0.69404687676 -2.00622925313
-1.00000000000 0.00000000000 2.89062500000 0.00625000000 0.69428270967 -2.00691095763
-1.00000000000 0.00000000000 2.89062500000 0.00750000000 0.69452291802 -2.00760530991
-1.00000000000 0.00000000000 2.89062500000 0.00875000000 0.69476750795 -2.00831232765
-1.00000000000 0.00000000000 2.90625000000 -0.01000000000 0.69156514282 -2.00986119632
-1.00000000000 0.00000000000 2.90625000000 -0.00875000000 0.69174780320 -2.01039205305
-1.00000000000 0.00000000000 2.90625000000 -0.00750000000 0.69193476618 -2.01093541422
-1.00000000000 0.00000000000 2.90625000000 -0.00625000000 0.69212603669 -2.01149129412
-1.00000000000 0.00000000000 2.90625000000 -0.00500000000 0.69232161972 -2.01205970731
-1.00000000000 0.00000000000 2.90625000000 -0.00375000000 0.69252152039 -2.01264066864
-1.00000000000 0.00000000000 2.90625000000 -0.00250000000 0.69272574390 -2.01323419321
-1.00000000000 0.00000000000 2.90625000000 -0.00125000000 0.69293429555 -2.01384029643
-1.00000000000 0.00000000000 2.90625000000 0.00000000000 0.69314718072 -2.01445899397
-1.00000000000 0.00000000000 2.90625000000 0.00125000000 0.69336440492 -2.01509030179
-1.00000000000 0.00000000000 2.90625000000 0.00250000000 0.69358597372 -2.01573423614
-1.00000000000 0.00000000000 2.90625000000 0.00375000000 0.69381189282 -2.01639081352
-1.00000000000 0.00000000000 2.90625000000 0.00500000000 0.69404216800 -2.01706005075
-1.00000000000 0.00000000000 2.90625000000 0.00625000000 0.69427680513 -2.01774196491
-1.00000000000 0.00000000000 2.90625000000 0.00750000000 0.69451581020 -2.01843657339
-1.00000000000 0.00000000000 2.90625000000 0.00875000000 0.69475918927 -2.01914389383
-1.00000000000 0.00000000000 2.92187500000 -0.01000000000 0.69157411483 -2.02069311676
-1.00000000000 0.00000000000 2.92187500000 -0.00875000000 0.69175567836 -2.02122362270
-1.00000000000 0.00000000000 2.92187500000 -0.00750000000 0.69194153752 -2.02176667995
-1.00000000000 0.00000000000 2.92187500000 -0.00625000000 0.69213169720 -2.02232230276
-1.00000000000 0.00000000000 2.92187500000 -0.00500000000 0.69232616237 -2.02289050566
-1.00000000000 0.00000000000 2.92187500000 -0.00375000000 0.69252493809 -2.02347130347
-1.00000000000 0.00000000000 2.92187500000 -0.00250000000 0.69272802953 -2.02406471129
-1.00000000000 0.00000000000 2.92187500000 -0.00125000000 0.69293544196 -2.02467074447
-1.00000000000 0.00000000000 2.92187500000 0.00000000000 0.69314718072 -2.02528941867
-1.00000000000 0.00000000000 2.92187500000 0.00125000000 0.69336325128 -2.02592074983
-1.00000000000 0.00000000000 2.92187500000 0.00250000000 0.69358365917 -2.02656475415
-1.00000000000 0.00000000000 2.92187500000 0.00375000000 0.69380841006 -2.02722144813
-1.00000000000 0.00000000000 2.92187500000 0.00500000000 0.69403750967 -2.02789084856
-1.00000000000 0.00000000000 2.92187500000 0.00625000000 0.69427096385 -2.02857297250
-1.00000000000 0.00000000000 2.92187500000 0.00750000000 0.69450877854 -2.02926783730
-1.00000000000 0.00000000000 2.92187500000 0.00875000000 0.69475095978 -2.02997546059
-1.00000000000 0.00000000000 2.93750000000 -0.01000000000 0.69158299163 -2.03152503791
-1.00000000000 0.00000000000 2.93750000000 -0.00875000000 0.69176346992 -2.03205519290
-1.00000000000 0.00000000000 2.93750000000 -0.00750000000 0.69194823696 -2.03259794608
-1.00000000000 0.00000000000 2.93750000000 -0.00625000000 0.69213729759 -2.03315331167
-1.00000000000 0.00000000000 2.93750000000 -0.00500000000 0.69233065675 -2.03372130419
-1.00000000000 0.00000000000 2.93750000000 -0.00375000000 0.69252831946 -2.03430193841
-1.00000000000 0.00000000000 2.93750000000 -0.00250000000 0.69273029086 -2.03489522941
-1.00000000000 0.00000000000 2.93750000000 -0.00125000000 0.69293657618 -2.03550119252
-1.00000000000 0.00000000000 2.93750000000 0.00000000000 0.69314718072 -2.03611984337
-1.00000000000 0.00000000000 2.93750000000 0.00125000000 0.69336210991 -2.03675119787
-1.00000000000 0.00000000000 2.93750000000 0.00250000000 0.69358136926 -2.03739527220
-1.00000000000 0.00000000000 2.93750000000 0.00375000000 0.69380496437 -2.03805208285
-1.00000000000 0.00000000000 2.93750000000 0.00500000000 0.69403290095 -2.03872164655
-1.00000000000 0.00000000000 2.93750000000 0.00625000000 0.69426518481 -2.03940398037
-1.00000000000 0.00000000000 2.93750000000 0.00750000000 0.69450182183 -2.04009910163
-1.00000000000 0.00000000000 2.93750000000 0.00875000000 0.69474281802 -2.04080702794
-1.00000000000 0.00000000000 2.95312500000 -0.01000000000 0.69159177473 -2.04235695976
-1.00000000000 0.00000000000 2.95312500000 -0.00875000000 0.69177117922 -2.04288676364
-1.00000000000 0.00000000000 2.95312500000 -0.00750000000 0.69195486564 -2.04342921261
-1.00000000000 0.00000000000 2.95312500000 -0.00625000000 0.69214283881 -2.04398432087
-1.00000000000 0.00000000000 2.95312500000 -0.00500000000 0.69233510363 -2.04455210290
-1.00000000000 0.00000000000 2.95312500000 -0.00375000000 0.69253166508 -2.04513257345
-1.00000000000 0.00000000000 2.95312500000 -0.00250000000 0.69273252828 -2.04572574757
-1.00000000000 0.00000000000 2.95312500000 -0.00125000000 0.69293769840 -2.04633164058
-1.00000000000 0.00000000000 2.95312500000 0.00000000000 0.69314718072 -2.04695026807
-1.00000000000 0.00000000000 2.95312500000 0.00125000000 0.69336098063 -2.04758164592
-1.00000000000 0.00000000000 2.95312500000 0.00250000000 0.69357910359 -2.04822579030
-1.00000000000 0.00000000000 2.95312500000 0.00375000000 0.69380155519 -2.04888271766
-1.00000000000 0.00000000000 2.95312500000 0.00500000000 0.69402834107 -2.04955244473
-1.00000000000 0.00000000000 2.95312500000 0.00625000000 0.69425946702 -2.05023498854
-1.00000000000 0.00000000000 2.95312500000 0.00750000000 0.69449493888 -2.05093036638
-1.00000000000 0.00000000000 2.95312500000 0.00875000000 0.69473476262 -2.05163859585
-1.00000000000 0.00000000000 2.96875000000 -0.01000000000 0.69160046561 -2.05318888229
-1.00000000000 0.00000000000 2.96875000000 -0.00875000000 0.69177880755 -2.05371833490
-1.00000000000 0.00000000000 2.96875000000 -0.00750000000 0.69196142468 -2.05426047953
-1.00000000000 0.00000000000 2.96875000000 -0.00625000000 0.69214832180 -2.05481533033
-1.00000000000 0.00000000000 2.96875000000 -0.00500000000 0.69233950376 -2.05538290178
-1.00000000000 0.00000000000 2.96875000000 -0.00375000000 0.69253497553 -2.05596320859
-1.00000000000 0.00000000000 2.96875000000 -0.00250000000 0.69273474216 -2.05655626579
-1.00000000000 0.00000000000 2.96875000000 -0.00125000000 0.69293880881 -2.05716208865
-1.00000000000 0.00000000000 2.96875000000 0.00000000000 0.69314718072 -2.05778069277
-1.00000000000 0.00000000000 2.96875000000 0.00125000000 0.69335986324 -2.05841209398
-1.00000000000 0.00000000000 2.96875000000 0.00250000000 0.69357686179 -2.05905630845
-1.00000000000 0.00000000000 2.96875000000 0.00375000000 0.69379818192 -2.05971335258
-1.00000000000 0.00000000000 2.96875000000 0.00500000000 0.69402382925 -2.06038324309
-1.00000000000 0.00000000000 2.96875000000 0.00625000000 0.69425380951 -2.06106599699
-1.00000000000 0.00000000000 2.96875000000 0.00750000000 0.69448812852 -2.06176163154
-1.00000000000 0.00000000000 2.96875000000 0.00875000000 0.69472679219 -2.06247016432
-1.00000000000 0.00000000000 2.98437500000 -0.01000000000 0.69160906572 -2.06402080550
-1.00000000000 0.00000000000 2.98437500000 -0.00875000000 0.69178635617 -2.06454990669
-1.00000000000 0.00000000000 2.98437500000 -0.00750000000 0.69196791517 -2.06509174683
-1.00000000000 0.00000000000 2.98437500000 -0.00625000000 0.69215374746 -2.06564634007
-1.00000000000 0.00000000000 2.98437500000 -0.00500000000 0.69234385787 -2.06621370083
-1.00000000000 0.00000000000 2.98437500000 -0.00375000000 0.69253825133 -2.06679384383
-1.00000000000 0.00000000000 2.98437500000 -0.00250000000 0.69273693287 -2.06738678404
-1.00000000000 0.00000000000 2.98437500000 -0.00125000000 0.69293990760 -2.06799253674
-1.00000000000 0.00000000000 2.98437500000 0.00000000000 0.69314718072 -2.06861111747
-1.00000000000 0.00000000000 2.98437500000 0.00125000000 0.69335875755 -2.06924254206
-1.00000000000 0.00000000000 2.98437500000 0.00250000000 0.69357464348 -2.06988682664
-1.00000000000 0.00000000000 2.98437500000 0.00375000000 0.69379484401 -2.07054398760
-1.00000000000 0.00000000000 2.98437500000 0.00500000000 0.69401936474 -2.07121404163
-1.00000000000 0.00000000000 2.98437500000 0.00625000000 0.69424821134 -2.07189700571
-1.00000000000 0.00000000000 2.98437500000 0.00750000000 0.69448138960 -2.07259289710
-1.00000000000 0.00000000000 2.98437500000 0.00875000000 0.69471890542 -2.07330173335
