-1.00000000000 0.00000000000 2.00000000000 -0.01000000000 0.70163622113 -1.40327244225
-1.00000000000 0.00000000000 2.00000000000 -0.00875000000 0.70191161634 -1.40382323268
-1.00000000000 0.00000000000 2.00000000000 -0.00750000000 0.70219193112 -1.40438386223
-1.00000000000 0.00000000000 2.00000000000 -0.00625000000 0.70247717377 -1.40495434753
-1.00000000000 0.00000000000 2.00000000000 -0.00500000000 0.70276735274 -1.40553470547
-1.00000000000 0.00000000000 2.00000000000 -0.00375000000 0.70306247661 -1.40612495321
-1.00000000000 0.00000000000 2.00000000000 -0.00250000000 0.70336255407 -1.40672510815
-1.00000000000 0.00000000000 2.00000000000 -0.00125000000 0.70366759397 -1.40733518794
-1.00000000000 0.00000000000 2.00000000000 0.00000000000 0.70397760526 -1.40795521051
-1.00000000000 0.00000000000 2.00000000000 0.00125000000 0.70429259702 -1.40858519404
-1.00000000000 0.00000000000 2.00000000000 0.00250000000 0.70461257849 -1.40922515698
-1.00000000000 0.00000000000 2.00000000000 0.00375000000 0.70493755901 -1.40987511801
-1.00000000000 0.00000000000 2.00000000000 0.00500000000 0.70526754806 -1.41053509612
-1.00000000000 0.00000000000 2.00000000000 0.00625000000 0.70560255527 -1.41120511053
-1.00000000000 0.00000000000 2.00000000000 0.00750000000 0.70594259037 -1.41188518075
-1.00000000000 0.00000000000 2.00000000000 0.00875000000 0.70628766326 -1.41257532653
-1.00000000000 0.00000000000 2.01562500000 -0.01000000000 0.70165507689 -1.41427351435
-1.00000000000 0.00000000000 2.01562500000 -0.00875000000 0.70192817167 -1.41482397103
-1.00000000000 0.00000000000 2.01562500000 -0.00750000000 0.70220617005 -1.41538431151
-1.00000000000 0.00000000000 2.01562500000 -0.00625000000 0.70248908025 -1.41595455237
-1.00000000000 0.00000000000 2.01562500000 -0.00500000000 0.70277691061 -1.41653471045
-1.00000000000 0.00000000000 2.01562500000 -0.00375000000 0.70306966962 -1.41712480284
-1.00000000000 0.00000000000 2.01562500000 -0.00250000000 0.70336736589 -1.41772484688
-1.00000000000 0.00000000000 2.01562500000 -0.00125000000 0.70367000815 -1.41833486017
-1.00000000000 0.00000000000 2.01562500000 0.00000000000 0.70397760526 -1.41895486059
-1.00000000000 0.00000000000 2.01562500000 0.00125000000 0.70429016621 -1.41958486626
-1.00000000000 0.00000000000 2.01562500000 0.00250000000 0.70460770012 -1.42022489555
-1.00000000000 0.00000000000 2.01562500000 0.00375000000 0.70493021625 -1.42087496713
-1.00000000000 0.00000000000 2.01562500000 0.00500000000 0.70525772397 -1.42153509989
-1.00000000000 0.00000000000 2.01562500000 0.00625000000 0.70559023281 -1.42220531301
-1.00000000000 0.00000000000 2.01562500000 0.00750000000 0.70592775240 -1.42288562594
-1.00000000000 0.00000000000 2.01562500000 0.00875000000 0.70627029253 -1.42357605838
-1.00000000000 0.00000000000 2.03125000000 -0.01000000000 0.70167364362 -1.42527458861
-1.00000000000 0.00000000000 2.03125000000 -0.00875000000 0.70194447312 -1.42582471103
-1.00000000000 0.00000000000 2.03125000000 -0.00750000000 0.70222019053 -1.42638476201
-1.00000000000 0.00000000000 2.03125000000 -0.00625000000 0.70250080397 -1.42695475807
-1.00000000000 0.00000000000 2.03125000000 -0.00500000000 0.70278632171 -1.42753471598
-1.00000000000 0.00000000000 2.03125000000 -0.00375000000 0.70307675213 -1.42812465277
-1.00000000000 0.00000000000 2.03125000000 -0.00250000000 0.70337210375 -1.42872458575
-1.00000000000 0.00000000000 2.03125000000 -0.00125000000 0.70367238520 -1.42933453244
-1.00000000000 0.00000000000 2.03125000000 0.00000000000 0.70397760526 -1.42995451068
-1.00000000000 0.00000000000 2.03125000000 0.00125000000 0.70428777281 -1.43058453851
-1.00000000000 0.00000000000 2.03125000000 0.00250000000 0.70460289687 -1.43122463427
-1.00000000000 0.00000000000 2.03125000000 0.00375000000 0.70492298661 -1.43187481656
-1.00000000000 0.00000000000 2.03125000000 0.00500000000 0.70524805131 -1.43253510422
-1.00000000000 0.00000000000 2.03125000000 0.00625000000 0.70557810037 -1.43320551638
-1.00000000000 0.00000000000 2.03125000000 0.00750000000 0.70591314335 -1.43388607243
-1.00000000000 0.00000000000 2.03125000000 0.00875000000 0.70625318991 -1.43457679201
-1.00000000000 0.00000000000 2.04687500000 -0.01000000000 0.70169192792 -1.43627566497
-1.00000000000 0.00000000000 2.04687500000 -0.00875000000 0.70196052649 -1.43682545266
-1.00000000000 0.00000000000 2.04687500000 -0.00750000000 0.70223399754 -1.43738521371
-1.00000000000 0.00000000000 2.04687500000 -0.00625000000 0.70251234912 -1.43795496460
-1.00000000000 0.00000000000 2.04687500000 -0.00500000000 0.70279558939 -1.43853472204
-1.00000000000 0.00000000000 2.04687500000 -0.00375000000 0.70308372666 -1.43912450301
-1.00000000000 0.00000000000 2.04687500000 -0.00250000000 0.70337676934 -1.43972432475
-1.00000000000 0.00000000000 2.04687500000 -0.00125000000 0.70367472598 -1.44033420475
-1.00000000000 0.00000000000 2.04687500000 0.00000000000 0.70397760526 -1.44095416076
-1.00000000000 0.00000000000 2.04687500000 0.00125000000 0.70428541596 -1.44158421080
-1.00000000000 0.00000000000 2.04687500000 0.00250000000 0.70459816703 -1.44222437313
-1.00000000000 0.00000000000 2.04687500000 0.00375000000 0.70491586751 -1.44287466630
-1.00000000000 0.00000000000 2.04687500000 0.00500000000 0.70523852659 -1.44353510911
-1.00000000000 0.00000000000 2.04687500000 0.00625000000 0.70556615359 -1.44420572063
-1.00000000000 0.00000000000 2.04687500000 0.00750000000 0.70589875795 -1.44488652018
-1.00000000000 0.00000000000 2.04687500000 0.00875000000 0.70623634925 -1.44557752736
-1.00000000000 0.00000000000 2.06250000000 -0.01000000000 0.70170993619 -1.44727674339
-1.00000000000 0.00000000000 2.06250000000 -0.00875000000 0.70197633739 -1.44782619587
-1.00000000000 0.00000000000 2.06250000000 -0.00750000000 0.70224759592 -1.44838566658
-1.00000000000 0.00000000000 2.06250000000 -0.00625000000 0.70252371973 -1.44895517195
-1.00000000000 0.00000000000 2.06250000000 -0.00500000000 0.70280471691 -1.44953472862
-1.00000000000 0.00000000000 2.06250000000 -0.00375000000 0.70309059566 -1.45012435354
-1.00000000000 0.00000000000 2.06250000000 -0.00250000000 0.70338136431 -1.45072406388
-1.00000000000 0.00000000000 2.06250000000 -0.00125000000 0.70367703131 -1.45133387708
-1.00000000000 0.00000000000 2.06250000000 0.00000000000 0.70397760526 -1.45195381084
-1.00000000000 0.00000000000 2.06250000000 0.00125000000 0.70428309484 -1.45258388311
-1.00000000000 0.00000000000 2.06250000000 0.00250000000 0.70459350891 -1.45322411212
-1.00000000000 0.00000000000 2.06250000000 0.00375000000 0.70490885641 -1.45387451635
-1.00000000000 0.00000000000 2.06250000000 0.00500000000 0.70522914645 -1.45453511455
-1.00000000000 0.00000000000 2.06250000000 0.00625000000 0.70555438823 -1.45520592573
-1.00000000000 0.00000000000 2.06250000000 0.00750000000 0.70588459111 -1.45588696916
-1.00000000000 0.00000000000 2.06250000000 0.00875000000 0.70621976456 -1.45657826440
-1.00000000000 0.00000000000 2.07812500000 -0.01000000000 0.70172767462 -1.45827782383
-1.00000000000 0.00000000000 2.07812500000 -0.00875000000 0.70199191128 -1.45882694063
-1.00000000000 0.00000000000 2.07812500000 -0.00750000000 0.70226099036 -1.45938612059
-1.00000000000 0.00000000000 2.07812500000 -0.00625000000 0.70253491974 -1.45995538009
-1.00000000000 0.00000000000 2.07812500000 -0.00500000000 0.70281370742 -1.46053473572
-1.00000000000 0.00000000000 2.07812500000 -0.00375000000 0.70309736150 -1.46112420437
-1.00000000000 0.00000000000 2.07812500000 -0.00250000000 0.70338589024 -1.46172380315
-1.00000000000 0.00000000000 2.07812500000 -0.00125000000 0.70367930199 -1.46233354945
-1.00000000000 0.00000000000 2.07812500000 0.00000000000 0.70397760526 -1.46295346092
-1.00000000000 0.00000000000 2.07812500000 0.00125000000 0.70428080864 -1.46358355547
-1.00000000000 0.00000000000 2.07812500000 0.00250000000 0.70458892090 -1.46422385125
-1.00000000000 0.00000000000 2.07812500000 0.00375000000 0.70490195089 -1.46487436670
-1.00000000000 0.00000000000 2.07812500000 0.00500000000 0.70521990762 -1.46553512052
-1.00000000000 0.00000000000 2.07812500000 0.00625000000 0.70554280020 -1.46620613166
-1.00000000000 0.00000000000 2.07812500000 0.00750000000 0.70587063788 -1.46688741935
-1.00000000000 0.00000000000 2.07812500000 0.00875000000 0.70620343006 -1.46757900309
-1.00000000000 0.00000000000 2.09375000000 -0.01000000000 0.70174514924 -1.46927890623
-1.00000000000 0.00000000000 2.09375000000 -0.00875000000 0.70200725344 -1.46982768690
-1.00000000000 0.00000000000 2.09375000000 -0.00750000000 0.70227418542 -1.47038657572
-1.00000000000 0.00000000000 2.09375000000 -0.00625000000 0.70254595296 -1.47095558901
-1.00000000000 0.00000000000 2.09375000000 -0.00500000000 0.70282256398 -1.47153474332
-1.00000000000 0.00000000000 2.09375000000 -0.00375000000 0.70310402650 -1.47212405548
-1.00000000000 0.00000000000 2.09375000000 -0.00250000000 0.70339034868 -1.47272354254
-1.00000000000 0.00000000000 2.09375000000 -0.00125000000 0.70368153880 -1.47333322185
-1.00000000000 0.00000000000 2.09375000000 0.00000000000 0.70397760526 -1.47395311101
-1.00000000000 0.00000000000 2.09375000000 0.00125000000 0.70427855658 -1.47458322785
-1.00000000000 0.00000000000 2.09375000000 0.00250000000 0.70458440143 -1.47522359050
-1.00000000000 0.00000000000 2.09375000000 0.00375000000 0.70489514858 -1.47587421734
-1.00000000000 0.00000000000 2.09375000000 0.00500000000 0.70521080693 -1.47653512700
-1.00000000000 0.00000000000 2.09375000000 0.00625000000 0.70553138551 -1.47720633841
-1.00000000000 0.00000000000 2.09375000000 0.00750000000 0.70585689348 -1.47788787072
-1.00000000000 0.00000000000 2.09375000000 0.00875000000 0.70618734013 -1.47857974340
-1.00000000000 0.00000000000 2.10937500000 -0.01000000000 0.70176236589 -1.48027999056
-1.00000000000 0.00000000000 2.10937500000 -0.00875000000 0.70202236902 -1.48082843465
-1.00000000000 0.00000000000 2.10937500000 -0.00750000000 0.70228718551 -1.48138703194
-1.00000000000 0.00000000000 2.10937500000 -0.00625000000 0.70255682308 -1.48195579869
-1.00000000000 0.00000000000 2.10937500000 -0.00500000000 0.70283128956 -1.48253475141
-1.00000000000 0.00000000000 2.10937500000 -0.00375000000 0.70311059288 -1.48312390686
-1.00000000000 0.00000000000 2.10937500000 -0.00250000000 0.70339474112 -1.48372328206
-1.00000000000 0.00000000000 2.10937500000 -0.00125000000 0.70368374248 -1.48433289429
-1.00000000000 0.00000000000 2.10937500000 0.00000000000 0.70397760526 -1.48495276109
-1.00000000000 0.00000000000 2.10937500000 0.00125000000 0.70427633790 -1.48558290026
-1.00000000000 0.00000000000 2.10937500000 0.00250000000 0.70457994898 -1.48622332988
-1.00000000000 0.00000000000 2.10937500000 0.00375000000 0.70488844717 -1.48687406826
-1.00000000000 0.00000000000 2.10937500000 0.00500000000 0.70520184130 -1.48753513400
-1.00000000000 0.00000000000 2.10937500000 0.00625000000 0.70552014030 -1.48820654595
-1.00000000000 0.00000000000 2.10937500000 0.00750000000 0.70584335324 -1.48888832325
-1.00000000000 0.00000000000 2.10937500000 0.00875000000 0.70617148932 -1.48958048528
-1.00000000000 0.00000000000 2.12500000000 -0.01000000000 0.70177933024 -1.49128107677
-1.00000000000 0.00000000000 2.12500000000 -0.00875000000 0.70203726299 -1.49182918384
-1.00000000000 0.00000000000 2.12500000000 -0.00750000000 0.70229999493 -1.49238748923
-1.00000000000 0.00000000000 2.12500000000 -0.00625000000 0.70256753371 -1.49295600912
-1.00000000000 0.00000000000 2.12500000000 -0.00500000000 0.70283988705 -1.49353475998
-1.00000000000 0.00000000000 2.12500000000 -0.00375000000 0.70311706283 -1.49412375851
-1.00000000000 0.00000000000 2.12500000000 -0.00250000000 0.70339906903 -1.49472302169
-1.00000000000 0.00000000000 2.12500000000 -0.00125000000 0.70368591376 -1.49533256675
-1.00000000000 0.00000000000 2.12500000000 0.00000000000 0.70397760526 -1.49595241117
-1.00000000000 0.00000000000 2.12500000000 0.00125000000 0.70427415186 -1.49658257271
-1.00000000000 0.00000000000 2.12500000000 0.00250000000 0.70457556206 -1.49722306938
-1.00000000000 0.00000000000 2.12500000000 0.00375000000 0.70488184445 -1.49787391946
-1.00000000000 0.00000000000 2.12500000000 0.00500000000 0.70519300776 -1.49853514149
-1.00000000000 0.00000000000 2.12500000000 0.00625000000 0.70550906084 -1.49920675428
-1.00000000000 0.00000000000 2.12500000000 0.00750000000 0.70583001266 -1.49988877690
-1.00000000000 0.00000000000 2.12500000000 0.00875000000 0.70615587233 -1.50058122870
-1.00000000000 0.00000000000 2.14062500000 -0.01000000000 0.70179604780 -1.50228216482
-1.00000000000 0.00000000000 2.14062500000 -0.00875000000 0.70205194018 -1.50282993446
-1.00000000000 0.00000000000 2.14062500000 -0.00750000000 0.70231261784 -1.50338794756
-1.00000000000 0.00000000000 2.14062500000 -0.00625000000 0.70257808831 -1.50395622028
-1.00000000000 0.00000000000 2.14062500000 -0.00500000000 0.70284835925 -1.50453476902
-1.00000000000 0.00000000000 2.14062500000 -0.00375000000 0.70312343845 -1.50512361043
-1.00000000000 0.00000000000 2.14062500000 -0.00250000000 0.70340333381 -1.50572276145
-1.00000000000 0.00000000000 2.14062500000 -0.00125000000 0.70368805337 -1.50633223924
-1.00000000000 0.00000000000 2.14062500000 0.00000000000 0.70397760526 -1.50695206125
-1.00000000000 0.00000000000 2.14062500000 0.00125000000 0.70427199775 -1.50758224518
-1.00000000000 0.00000000000 2.14062500000 0.00250000000 0.70457123924 -1.50822280900
-1.00000000000 0.00000000000 2.14062500000 0.00375000000 0.70487533824 -1.50887377093
-1.00000000000 0.00000000000 2.14062500000 0.00500000000 0.70518430340 -1.50953514946
-1.00000000000 0.00000000000 2.14062500000 0.00625000000 0.70549814347 -1.51020696336
-1.00000000000 0.00000000000 2.14062500000 0.00750000000 0.70581686734 -1.51088923165
-1.00000000000 0.00000000000 2.14062500000 0.00875000000 0.70614048403 -1.51158197363
-1.00000000000 0.00000000000 2.15625000000 -0.01000000000 0.70181252390 -1.51328325467
-1.00000000000 0.00000000000 2.15625000000 -0.00875000000 0.70206640531 -1.51383068646
-1.00000000000 0.00000000000 2.15625000000 -0.00750000000 0.70232505828 -1.51438840692
-1.00000000000 0.00000000000 2.15625000000 -0.00625000000 0.70258849027 -1.51495643215
-1.00000000000 0.00000000000 2.15625000000 -0.00500000000 0.70285670888 -1.51553477851
-1.00000000000 0.00000000000 2.15625000000 -0.00375000000 0.70312972179 -1.51612346261
-1.00000000000 0.00000000000 2.15625000000 -0.00250000000 0.70340753684 -1.51672250132
-1.00000000000 0.00000000000 2.15625000000 -0.00125000000 0.70369016198 -1.51733191176
-1.00000000000 0.00000000000 2.15625000000 0.00000000000 0.70397760526 -1.51795171133
-1.00000000000 0.00000000000 2.15625000000 0.00125000000 0.70426987487 -1.51858191769
-1.00000000000 0.00000000000 2.15625000000 0.00250000000 0.70456697913 -1.51922254874
-1.00000000000 0.00000000000 2.15625000000 0.00375000000 0.70486892645 -1.51987362267
-1.00000000000 0.00000000000 2.15625000000 0.00500000000 0.70517572541 -1.52053515792
-1.00000000000 0.00000000000 2.15625000000 0.00625000000 0.70548738467 -1.52120717320
-1.00000000000 0.00000000000 2.15625000000 0.00750000000 0.70580391304 -1.52188968749
-1.00000000000 0.00000000000 2.15625000000 0.00875000000 0.70612531944 -1.52258272004
-1.00000000000 0.00000000000 2.17187500000 -0.01000000000 0.70182876376 -1.52428434628
-1.00000000000 0.00000000000 2.17187500000 -0.00875000000 0.70208066293 -1.52483143981
-1.00000000000 0.00000000000 2.17187500000 -0.00750000000 0.70233732018 -1.52538886727
-1.00000000000 0.00000000000 2.17187500000 -0.00625000000 0.70259874289 -1.52595664472
-1.00000000000 0.00000000000 2.17187500000 -0.00500000000 0.70286493857 -1.52653478846
-1.00000000000 0.00000000000 2.17187500000 -0.00375000000 0.70313591484 -1.52712331504
-1.00000000000 0.00000000000 2.17187500000 -0.00250000000 0.70341167945 -1.52772224130
-1.00000000000 0.00000000000 2.17187500000 -0.00125000000 0.70369224026 -1.52833158431
-1.00000000000 0.00000000000 2.17187500000 0.00000000000 0.70397760526 -1.52895136142
-1.00000000000 0.00000000000 2.17187500000 0.00125000000 0.70426778255 -1.52958159022
-1.00000000000 0.00000000000 2.17187500000 0.00250000000 0.70456278036 -1.53022228859
-1.00000000000 0.00000000000 2.17187500000 0.00375000000 0.70486260704 -1.53087347467
-1.00000000000 0.00000000000 2.17187500000 0.00500000000 0.70516727106 -1.53153516683
-1.00000000000 0.00000000000 2.17187500000 0.00625000000 0.70547678101 -1.53220738376
-1.00000000000 0.00000000000 2.17187500000 0.00750000000 0.70579114561 -1.53289014438
-1.00000000000 0.00000000000 2.17187500000 0.00875000000 0.70611037370 -1.53358346789
-1.00000000000 0.00000000000 2.18750000000 -0.01000000000 0.70184477240 -1.53528543962
-1.00000000000 0.00000000000 2.18750000000 -0.00875000000 0.70209471748 -1.53583219449
-1.00000000000 0.00000000000 2.18750000000 -0.00750000000 0.70234940736 -1.53638932861
-1.00000000000 0.00000000000 2.18750000000 -0.00625000000 0.70260884936 -1.53695685797
-1.00000000000 0.00000000000 2.18750000000 -0.00500000000 0.70287305090 -1.53753479884
-1.00000000000 0.00000000000 2.18750000000 -0.00375000000 0.70314201953 -1.53812316772
-1.00000000000 0.00000000000 2.18750000000 -0.00250000000 0.70341576292 -1.53872198139
-1.00000000000 0.00000000000 2.18750000000 -0.00125000000 0.70369428886 -1.53933125689
-1.00000000000 0.00000000000 2.18750000000 0.00000000000 0.70397760526 -1.53995101150
-1.00000000000 0.00000000000 2.18750000000 0.00125000000 0.70426572013 -1.54058126278
-1.00000000000 0.00000000000 2.18750000000 0.00250000000 0.70455864163 -1.54122202856
-1.00000000000 0.00000000000 2.18750000000 0.00375000000 0.70485637802 -1.54187332692
-1.00000000000 0.00000000000 2.18750000000 0.00500000000 0.70515893769 -1.54253517620
-1.00000000000 0.00000000000 2.18750000000 0.00625000000 0.70546632916 -1.54320759504
-1.00000000000 0.00000000000 2.18750000000 0.00750000000 0.70577856105 -1.54389060230
-1.00000000000 0.00000000000 2.18750000000 0.00875000000 0.70609564213 -1.54458421715
-1.00000000000 0.00000000000 2.20312500000 -0.01000000000 0.70186055473 -1.54628653465
-1.00000000000 0.00000000000 2.20312500000 -0.00875000000 0.70210857326 -1.54683295047
-1.00000000000 0.00000000000 2.20312500000 -0.00750000000 0.70236132353 -1.54738979090
-1.00000000000 0.00000000000 2.20312500000 -0.00625000000 0.70261881277 -1.54795707189
-1.00000000000 0.00000000000 2.20312500000 -0.00500000000 0.70288104835 -1.54853480965
-1.00000000000 0.00000000000 2.20312500000 -0.00375000000 0.70314803774 -1.54912302064
-1.00000000000 0.00000000000 2.20312500000 -0.00250000000 0.70341978853 -1.54972172159
-1.00000000000 0.00000000000 2.20312500000 -0.00125000000 0.70369630842 -1.55033092949
-1.00000000000 0.00000000000 2.20312500000 0.00000000000 0.70397760526 -1.55095066158
-1.00000000000 0.00000000000 2.20312500000 0.00125000000 0.70426368698 -1.55158093537
-1.00000000000 0.00000000000 2.20312500000 0.00250000000 0.70455456165 -1.55222176864
-1.00000000000 0.00000000000 2.20312500000 0.00375000000 0.70485023747 -1.55287317942
-1.00000000000 0.00000000000 2.20312500000 0.00500000000 0.70515072273 -1.55353518602
-1.00000000000 0.00000000000 2.20312500000 0.00625000000 0.70545602588 -1.55420780701
-1.00000000000 0.00000000000 2.20312500000 0.00750000000 0.70576615545 -1.55489106123
-1.00000000000 0.00000000000 2.20312500000 0.00875000000 0.70608112013 -1.55558496779
-1.00000000000 0.00000000000 2.21875000000 -0.01000000000 0.70187611553 -1.55728763133
-1.00000000000 0.00000000000 2.21875000000 -0.00875000000 0.70212223447 -1.55783370772
-1.00000000000 0.00000000000 2.21875000000 -0.00750000000 0.70237307229 -1.55839025413
-1.00000000000 0.00000000000 2.21875000000 -0.00625000000 0.70262863615 -1.55895728647
-1.00000000000 0.00000000000 2.21875000000 -0.00500000000 0.70288893336 -1.55953482088
-1.00000000000 0.00000000000 2.21875000000 -0.00375000000 0.70315397129 -1.56012287380
-1.00000000000 0.00000000000 2.21875000000 -0.00250000000 0.70342375748 -1.56072146190
-1.00000000000 0.00000000000 2.21875000000 -0.00125000000 0.70369829955 -1.56133060212
-1.00000000000 0.00000000000 2.21875000000 0.00000000000 0.70397760526 -1.56195031166
-1.00000000000 0.00000000000 2.21875000000 0.00125000000 0.70426168247 -1.56258060799
-1.00000000000 0.00000000000 2.21875000000 0.00250000000 0.70455053919 -1.56322150882
-1.00000000000 0.00000000000 2.21875000000 0.00375000000 0.70484418351 -1.56387303217
-1.00000000000 0.00000000000 2.21875000000 0.00500000000 0.70514262367 -1.56453519627
-1.00000000000 0.00000000000 2.21875000000 0.00625000000 0.70544586802 -1.56520801967
-1.00000000000 0.00000000000 2.21875000000 0.00750000000 0.70575392503 -1.56589152116
-1.00000000000 0.00000000000 2.21875000000 0.00875000000 0.70606680329 -1.56658571979
-1.00000000000 0.00000000000 2.23437500000 -0.01000000000 0.70189145941 -1.56828872963
-1.00000000000 0.00000000000 2.23437500000 -0.00875000000 0.70213570516 -1.56883446621
-1.00000000000 0.00000000000 2.23437500000 -0.00750000000 0.70238465713 -1.56939071828
-1.00000000000 0.00000000000 2.23437500000 -0.00625000000 0.70263832243 -1.56995750168
-1.00000000000 0.00000000000 2.23437500000 -0.00500000000 0.70289670826 -1.57053483253
-1.00000000000 0.00000000000 2.23437500000 -0.00375000000 0.70315982196 -1.57112272720
-1.00000000000 0.00000000000 2.23437500000 -0.00250000000 0.70342767097 -1.57172120231
-1.00000000000 0.00000000000 2.23437500000 -0.00125000000 0.70370026284 -1.57233027478
-1.00000000000 0.00000000000 2.23437500000 0.00000000000 0.70397760526 -1.57294996174
-1.00000000000 0.00000000000 2.23437500000 0.00125000000 0.70425970602 -1.57358028063
-1.00000000000 0.00000000000 2.23437500000 0.00250000000 0.70454657303 -1.57422124912
-1.00000000000 0.00000000000 2.23437500000 0.00375000000 0.70483821433 -1.57487288515
-1.00000000000 0.00000000000 2.23437500000 0.00500000000 0.70513463808 -1.57553520695
-1.00000000000 0.00000000000 2.23437500000 0.00625000000 0.70543585253 -1.57620823300
-1.00000000000 0.00000000000 2.23437500000 0.00750000000 0.70574186609 -1.57689198205
-1.00000000000 0.00000000000 2.23437500000 0.00875000000 0.70605268727 -1.57758647311
-1.00000000000 0.00000000000 2.25000000000 -0.01000000000 0.70190659089 -1.57928982951
-1.00000000000 0.00000000000 2.25000000000 -0.00875000000 0.70214898930 -1.57983522593
-1.00000000000 0.00000000000 2.25000000000 -0.00750000000 0.70239608148 -1.58039118333
-1.00000000000 0.00000000000 2.25000000000 -0.00625000000 0.70264787445 -1.58095771752
-1.00000000000 0.00000000000 2.25000000000 -0.00500000000 0.70290437537 -1.58153484458
-1.00000000000 0.00000000000 2.25000000000 -0.00375000000 0.70316559147 -1.58212258082
-1.00000000000 0.00000000000 2.25000000000 -0.00250000000 0.70343153015 -1.58272094283
-1.00000000000 0.00000000000 2.25000000000 -0.00125000000 0.70370219887 -1.58332994746
-1.00000000000 0.00000000000 2.25000000000 0.00000000000 0.70397760526 -1.58394961183
-1.00000000000 0.00000000000 2.25000000000 0.00125000000 0.70425775702 -1.58457995330
-1.00000000000 0.00000000000 2.25000000000 0.00250000000 0.70454266200 -1.58522098951
-1.00000000000 0.00000000000 2.25000000000 0.00375000000 0.70483232817 -1.58587273837
-1.00000000000 0.00000000000 2.25000000000 0.00500000000 0.70512676358 -1.58653521805
-1.00000000000 0.00000000000 2.25000000000 0.00625000000 0.70542597644 -1.58720844699
-1.00000000000 0.00000000000 2.25000000000 0.00750000000 0.70572997506 -1.58789244389
-1.00000000000 0.00000000000 2.25000000000 0.00875000000 0.70603876788 -1.58858722773
-1.00000000000 0.00000000000 2.26562500000 -0.01000000000 0.70192151435 -1.59029093094
-1.00000000000 0.00000000000 2.26562500000 -0.00875000000 0.70216209074 -1.59083598683
-1.00000000000 0.00000000000 2.26562500000 -0.00750000000 0.70240734864 -1.59139164926
-1.00000000000 0.00000000000 2.26562500000 -0.00625000000 0.70265729500 -1.59195793398
-1.00000000000 0.00000000000 2.26562500000 -0.00500000000 0.70291193689 -1.59253485702
-1.00000000000 0.00000000000 2.26562500000 -0.00375000000 0.70317128150 -1.59312243466
-1.00000000000 0.00000000000 2.26562500000 -0.00250000000 0.70343533614 -1.59372068344
-1.00000000000 0.00000000000 2.26562500000 -0.00125000000 0.70370410821 -1.59432962017
-1.00000000000 0.00000000000 2.26562500000 0.00000000000 0.70397760526 -1.59494926191
-1.00000000000 0.00000000000 2.26562500000 0.00125000000 0.70425583492 -1.59557962599
-1.00000000000 0.00000000000 2.26562500000 0.00250000000 0.70453880497 -1.59622073001
-1.00000000000 0.00000000000 2.26562500000 0.00375000000 0.70482652329 -1.59687259182
-1.00000000000 0.00000000000 2.26562500000 0.00500000000 0.70511899787 -1.59753522956
-1.00000000000 0.00000000000 2.26562500000 0.00625000000 0.70541623685 -1.59820866162
-1.00000000000 0.00000000000 2.26562500000 0.00750000000 0.70571824846 -1.59889290666
-1.00000000000 0.00000000000 2.26562500000 0.00875000000 0.70602504105 -1.59958798362
-1.00000000000 0.00000000000 2.28125000000 -0.01000000000 0.70193623404 -1.60129203390
-1.00000000000 0.00000000000 2.28125000000 -0.00875000000 0.70217501322 -1.60183674891
-1.00000000000 0.00000000000 2.28125000000 -0.00750000000 0.70241846183 -1.60239211605
-1.00000000000 0.00000000000 2.28125000000 -0.00625000000 0.70266658676 -1.60295815104
-1.00000000000 0.00000000000 2.28125000000 -0.00500000000 0.70291939500 -1.60353486985
-1.00000000000 0.00000000000 2.28125000000 -0.00375000000 0.70317689369 -1.60412228872
-1.00000000000 0.00000000000 2.28125000000 -0.00250000000 0.70343909004 -1.60472042415
-1.00000000000 0.00000000000 2.28125000000 -0.00125000000 0.70370599141 -1.60532929290
-1.00000000000 0.00000000000 2.28125000000 0.00000000000 0.70397760526 -1.60594891199
-1.00000000000 0.00000000000 2.28125000000 0.00125000000 0.70425393916 -1.60657929871
-1.00000000000 0.00000000000 2.28125000000 0.00250000000 0.70453500081 -1.60722047060
-1.00000000000 0.00000000000 2.28125000000 0.00375000000 0.70482079802 -1.60787244549
-1.00000000000 0.00000000000 2.28125000000 0.00500000000 0.70511133872 -1.60853524147
-1.00000000000 0.00000000000 2.28125000000 0.00625000000 0.70540663096 -1.60920887687
-1.00000000000 0.00000000000 2.28125000000 0.00750000000 0.70570668289 -1.60989337034
-1.00000000000 0.00000000000 2.28125000000 0.00875000000 0.70601150279 -1.61058874075
-1.00000000000 0.00000000000 2.29687500000 -0.01000000000 0.70195075411 -1.61229313834
-1.00000000000 0.00000000000 2.29687500000 -0.00875000000 0.70218776038 -1.61283751213
-1.00000000000 0.00000000000 2.29687500000 -0.00750000000 0.70242942419 -1.61339258368
-1.00000000000 0.00000000000 2.29687500000 -0.00625000000 0.70267575235 -1.61395836868
-1.00000000000 0.00000000000 2.29687500000 -0.00500000000 0.70292675181 -1.61453488306
-1.00000000000 0.00000000000 2.29687500000 -0.00375000000 0.70318242960 -1.61512214300
-1.00000000000 0.00000000000 2.29687500000 -0.00250000000 0.70344279291 -1.61572016496
-1.00000000000 0.00000000000 2.29687500000 -0.00125000000 0.70370784899 -1.61632896566
-1.00000000000 0.00000000000 2.29687500000 0.00000000000 0.70397760526 -1.61694856207
-1.00000000000 0.00000000000 2.29687500000 0.00125000000 0.70425206920 -1.61757897145
-1.00000000000 0.00000000000 2.29687500000 0.00250000000 0.70453124845 -1.61822021130
-1.00000000000 0.00000000000 2.29687500000 0.00375000000 0.70481515075 -1.61887229939
-1.00000000000 0.00000000000 2.29687500000 0.00500000000 0.70510378395 -1.61953525377
-1.00000000000 0.00000000000 2.29687500000 0.00625000000 0.70539715602 -1.62020909274
-1.00000000000 0.00000000000 2.29687500000 0.00750000000 0.70569527506 -1.62089383491
-1.00000000000 0.00000000000 2.29687500000 0.00875000000 0.70599814927 -1.62158949910
-1.00000000000 0.00000000000 2.31250000000 -0.01000000000 0.70196507859 -1.62329424424
-1.00000000000 0.00000000000 2.31250000000 -0.00875000000 0.70220033577 -1.62383827647
-1.00000000000 0.00000000000 2.31250000000 -0.00750000000 0.70244023877 -1.62439305215
-1.00000000000 0.00000000000 2.31250000000 -0.00625000000 0.70268479434 -1.62495858691
-1.00000000000 0.00000000000 2.31250000000 -0.00500000000 0.70293400936 -1.62553489664
-1.00000000000 0.00000000000 2.31250000000 -0.00375000000 0.70318789080 -1.62612199748
-1.00000000000 0.00000000000 2.31250000000 -0.00250000000 0.70344644578 -1.62671990586
-1.00000000000 0.00000000000 2.31250000000 -0.00125000000 0.70370968149 -1.62732863844
-1.00000000000 0.00000000000 2.31250000000 0.00000000000 0.70397760526 -1.62794821215
-1.00000000000 0.00000000000 2.31250000000 0.00125000000 0.70425022453 -1.62857864421
-1.00000000000 0.00000000000 2.31250000000 0.00250000000 0.70452754685 -1.62921995208
-1.00000000000 0.00000000000 2.31250000000 0.00375000000 0.70480957989 -1.62987215349
-1.00000000000 0.00000000000 2.31250000000 0.00500000000 0.70509633144 -1.63053526645
-1.00000000000 0.00000000000 2.31250000000 0.00625000000 0.70538780939 -1.63120930922
-1.00000000000 0.00000000000 2.31250000000 0.00750000000 0.70568402177 -1.63189430035
-1.00000000000 0.00000000000 2.31250000000 0.00875000000 0.70598497671 -1.63259025864
-1.00000000000 0.00000000000 2.32812500000 -0.01000000000 0.70197921141 -1.63429535157
-1.00000000000 0.00000000000 2.32812500000 -0.00875000000 0.70221274283 -1.63483904191
-1.00000000000 0.00000000000 2.32812500000 -0.00750000000 0.70245090853 -1.63539352142
-1.00000000000 0.00000000000 2.32812500000 -0.00625000000 0.70269371520 -1.63595880570
-1.00000000000 0.00000000000 2.32812500000 -0.00500000000 0.70294116964 -1.63653491058
-1.00000000000 0.00000000000 2.32812500000 -0.00375000000 0.70319327879 -1.63712185217
-1.00000000000 0.00000000000 2.32812500000 -0.00250000000 0.70345004965 -1.63771964685
-1.00000000000 0.00000000000 2.32812500000 -0.00125000000 0.70371148939 -1.63832831124
-1.00000000000 0.00000000000 2.32812500000 0.00000000000 0.70397760526 -1.63894786224
-1.00000000000 0.00000000000 2.32812500000 0.00125000000 0.70424840462 -1.63957831700
-1.00000000000 0.00000000000 2.32812500000 0.00250000000 0.70452389496 -1.64021969296
-1.00000000000 0.00000000000 2.32812500000 0.00375000000 0.70480408389 -1.64087200781
-1.00000000000 0.00000000000 2.32812500000 0.00500000000 0.70508897912 -1.64153527951
-1.00000000000 0.00000000000 2.32812500000 0.00625000000 0.70537858847 -1.64220952629
-1.00000000000 0.00000000000 2.32812500000 0.00750000000 0.70567291990 -1.64289476665
-1.00000000000 0.00000000000 2.32812500000 0.00875000000 0.70597198147 -1.64359101936
-1.00000000000 0.00000000000 2.34375000000 -0.01000000000 0.70199315640 -1.64529646031
-1.00000000000 0.00000000000 2.34375000000 -0.00875000000 0.70222498493 -1.64583980843
-1.00000000000 0.00000000000 2.34375000000 -0.00750000000 0.70246143637 -1.64639399149
-1.00000000000 0.00000000000 2.34375000000 -0.00625000000 0.70270251735 -1.64695902504
-1.00000000000 0.00000000000 2.34375000000 -0.00500000000 0.70294823461 -1.64753492488
-1.00000000000 0.00000000000 2.34375000000 -0.00375000000 0.70319859501 -1.64812170707
-1.00000000000 0.00000000000 2.34375000000 -0.00250000000 0.70345360552 -1.64871938793
-1.00000000000 0.00000000000 2.34375000000 -0.00125000000 0.70371327320 -1.64932798406
-1.00000000000 0.00000000000 2.34375000000 0.00000000000 0.70397760526 -1.64994751232
-1.00000000000 0.00000000000 2.34375000000 0.00125000000 0.70424660899 -1.65057798982
-1.00000000000 0.00000000000 2.34375000000 0.00250000000 0.70452029181 -1.65121943394
-1.00000000000 0.00000000000 2.34375000000 0.00375000000 0.70479866126 -1.65187186234
-1.00000000000 0.00000000000 2.34375000000 0.00500000000 0.70508172499 -1.65253529294
-1.00000000000 0.00000000000 2.34375000000 0.00625000000 0.70536949075 -1.65320974393
-1.00000000000 0.00000000000 2.34375000000 0.00750000000 0.70566196641 -1.65389523378
-1.00000000000 0.00000000000 2.34375000000 0.00875000000 0.70595915999 -1.65459178122
-1.00000000000 0.00000000000 2.35937500000 -0.01000000000 0.70200691726 -1.65629757041
-1.00000000000 0.00000000000 2.35937500000 -0.00875000000 0.70223706533 -1.65684057600
-1.00000000000 0.00000000000 2.35937500000 -0.00750000000 0.70247182510 -1.65739446234
-1.00000000000 0.00000000000 2.35937500000 -0.00625000000 0.70271120315 -1.65795924493
-1.00000000000 0.00000000000 2.35937500000 -0.00500000000 0.70295520616 -1.65853493953
-1.00000000000 0.00000000000 2.35937500000 -0.00375000000 0.70320384091 -1.65912156216
-1.00000000000 0.00000000000 2.35937500000 -0.00250000000 0.70345711432 -1.65971912910
-1.00000000000 0.00000000000 2.35937500000 -0.00125000000 0.70371503339 -1.66032765691
-1.00000000000 0.00000000000 2.35937500000 0.00000000000 0.70397760526 -1.66094716240
-1.00000000000 0.00000000000 2.35937500000 0.00125000000 0.70424483715 -1.66157766265
-1.00000000000 0.00000000000 2.35937500000 0.00250000000 0.70451673642 -1.66221917500
-1.00000000000 0.00000000000 2.35937500000 0.00375000000 0.70479331055 -1.66287171707
-1.00000000000 0.00000000000 2.35937500000 0.00500000000 0.70507456709 -1.66353530673
-1.00000000000 0.00000000000 2.35937500000 0.00625000000 0.70536051376 -1.66420996215
-1.00000000000 0.00000000000 2.35937500000 0.00750000000 0.70565115835 -1.66489570174
-1.00000000000 0.00000000000 2.35937500000 0.00875000000 0.70594650880 -1.66559254420
-1.00000000000 0.00000000000 2.37500000000 -0.01000000000 0.70202049763 -1.66729868186
-1.00000000000 0.00000000000 2.37500000000 -0.00875000000 0.70224898721 -1.66784134461
-1.00000000000 0.00000000000 2.37500000000 -0.00750000000 0.70248207746 -1.66839493396
-1.00000000000 0.00000000000 2.37500000000 -0.00625000000 0.70271977489 -1.66895946535
-1.00000000000 0.00000000000 2.37500000000 -0.00500000000 0.70296208611 -1.66953495452
-1.00000000000 0.00000000000 2.37500000000 -0.00375000000 0.70320901787 -1.67012141744
-1.00000000000 0.00000000000 2.37500000000 -0.00250000000 0.70346057699 -1.67071887036
-1.00000000000 0.00000000000 2.37500000000 -0.00125000000 0.70371677043 -1.67132732978
-1.00000000000 0.00000000000 2.37500000000 0.00000000000 0.70397760526 -1.67194681248
-1.00000000000 0.00000000000 2.37500000000 0.00125000000 0.70424308863 -1.67257733550
-1.00000000000 0.00000000000 2.37500000000 0.00250000000 0.70451322785 -1.67321891615
-1.00000000000 0.00000000000 2.37500000000 0.00375000000 0.70478803031 -1.67387157199
-1.00000000000 0.00000000000 2.37500000000 0.00500000000 0.70506750353 -1.67453532088
-1.00000000000 0.00000000000 2.37500000000 0.00625000000 0.70535165512 -1.67521018092
-1.00000000000 0.00000000000 2.37500000000 0.00750000000 0.70564049284 -1.67589617050
-1.00000000000 0.00000000000 2.37500000000 0.00875000000 0.70593402454 -1.67659330828
-1.00000000000 0.00000000000 2.39062500000 -0.01000000000 0.70203390102 -1.67829979464
-1.00000000000 0.00000000000 2.39062500000 -0.00875000000 0.70226075367 -1.67884211424
-1.00000000000 0.00000000000 2.39062500000 -0.00750000000 0.70249219611 -1.67939540632
-1.00000000000 0.00000000000 2.39062500000 -0.00625000000 0.70272823479 -1.67995968630
-1.00000000000 0.00000000000 2.39062500000 -0.00500000000 0.70296887628 -1.68053496985
-1.00000000000 0.00000000000 2.39062500000 -0.00375000000 0.70321412723 -1.68112127291
-1.00000000000 0.00000000000 2.39062500000 -0.00250000000 0.70346399444 -1.68171861170
-1.00000000000 0.00000000000 2.39062500000 -0.00125000000 0.70371848478 -1.68232700267
-1.00000000000 0.00000000000 2.39062500000 0.00000000000 0.70397760526 -1.68294646257
-1.00000000000 0.00000000000 2.39062500000 0.00125000000 0.70424136298 -1.68357700838
-1.00000000000 0.00000000000 2.39062500000 0.00250000000 0.70450976518 -1.68421865739
-1.00000000000 0.00000000000 2.39062500000 0.00375000000 0.70478281919 -1.68487142712
-1.00000000000 0.00000000000 2.39062500000 0.00500000000 0.70506053244 -1.68553533538
-1.00000000000 0.00000000000 2.39062500000 0.00625000000 0.70534291252 -1.68621040024
-1.00000000000 0.00000000000 2.39062500000 0.00750000000 0.70562996708 -1.68689664006
-1.00000000000 0.00000000000 2.39062500000 0.00875000000 0.70592170392 -1.68759407344
-1.00000000000 0.00000000000 2.40625000000 -0.01000000000 0.70204713089 -1.68930090870
-1.00000000000 0.00000000000 2.40625000000 -0.00875000000 0.70227236773 -1.68984288486
-1.00000000000 0.00000000000 2.40625000000 -0.00750000000 0.70250218365 -1.69039587942
-1.00000000000 0.00000000000 2.40625000000 -0.00625000000 0.70273658504 -1.69095990775
-1.00000000000 0.00000000000 2.40625000000 -0.00500000000 0.70297557839 -1.69153498550
-1.00000000000 0.00000000000 2.40625000000 -0.00375000000 0.70321917032 -1.69212112857
-1.00000000000 0.00000000000 2.40625000000 -0.00250000000 0.70346736753 -1.69271835312
-1.00000000000 0.00000000000 2.40625000000 -0.00125000000 0.70372017687 -1.69332667558
-1.00000000000 0.00000000000 2.40625000000 0.00000000000 0.70397760526 -1.69394611265
-1.00000000000 0.00000000000 2.40625000000 0.00125000000 0.70423965975 -1.69457668128
-1.00000000000 0.00000000000 2.40625000000 0.00250000000 0.70450634752 -1.69521839871
-1.00000000000 0.00000000000 2.40625000000 0.00375000000 0.70477767581 -1.69587128243
-1.00000000000 0.00000000000 2.40625000000 0.00500000000 0.70505365204 -1.69653535021
-1.00000000000 0.00000000000 2.40625000000 0.00625000000 0.70533428367 -1.69721062009
-1.00000000000 0.00000000000 2.40625000000 0.00750000000 0.70561957834 -1.69789711038
-1.00000000000 0.00000000000 2.40625000000 0.00875000000 0.70590954376 -1.69859483966
-1.00000000000 0.00000000000 2.42187500000 -0.01000000000 0.70206019057 -1.70030202404
-1.00000000000 0.00000000000 2.42187500000 -0.00875000000 0.70228383234 -1.70084365646
-1.00000000000 0.00000000000 2.42187500000 -0.00750000000 0.70251204263 -1.70139635323
-1.00000000000 0.00000000000 2.42187500000 -0.00625000000 0.70274482775 -1.70196012971
-1.00000000000 0.00000000000 2.42187500000 -0.00500000000 0.70298219416 -1.70253500148
-1.00000000000 0.00000000000 2.42187500000 -0.00375000000 0.70322414840 -1.70312098441
-1.00000000000 0.00000000000 2.42187500000 -0.00250000000 0.70347069714 -1.70371809463
-1.00000000000 0.00000000000 2.42187500000 -0.00125000000 0.70372184713 -1.70432634851
-1.00000000000 0.00000000000 2.42187500000 0.00000000000 0.70397760526 -1.70494576273
-1.00000000000 0.00000000000 2.42187500000 0.00125000000 0.70423797851 -1.70557635420
-1.00000000000 0.00000000000 2.42187500000 0.00250000000 0.70450297398 -1.70621814011
-1.00000000000 0.00000000000 2.42187500000 0.00375000000 0.70477259889 -1.70687113793
-1.00000000000 0.00000000000 2.42187500000 0.00500000000 0.70504686054 -1.70753536538
-1.00000000000 0.00000000000 2.42187500000 0.00625000000 0.70532576639 -1.70821084047
-1.00000000000 0.00000000000 2.42187500000 0.00750000000 0.70560932396 -1.70889758147
-1.00000000000 0.00000000000 2.42187500000 0.00875000000 0.70589754092 -1.70959560692
-1.00000000000 0.00000000000 2.43750000000 -0.01000000000 0.70207308333 -1.71130314062
-1.00000000000 0.00000000000 2.43750000000 -0.00875000000 0.70229515036 -1.71184442901
-1.00000000000 0.00000000000 2.43750000000 -0.00750000000 0.70252177549 -1.71239682776
-1.00000000000 0.00000000000 2.43750000000 -0.00625000000 0.70275296499 -1.71296035216
-1.00000000000 0.00000000000 2.43750000000 -0.00500000000 0.70298872524 -1.71353501778
-1.00000000000 0.00000000000 2.43750000000 -0.00375000000 0.70322906274 -1.71412084043
-1.00000000000 0.00000000000 2.43750000000 -0.00250000000 0.70347398409 -1.71471783621
-1.00000000000 0.00000000000 2.43750000000 -0.00125000000 0.70372349599 -1.71532602146
-1.00000000000 0.00000000000 2.43750000000 0.00000000000 0.70397760526 -1.71594541281
-1.00000000000 0.00000000000 2.43750000000 0.00125000000 0.70423631883 -1.71657602714
-1.00000000000 0.00000000000 2.43750000000 0.00250000000 0.70449964373 -1.71721788160
-1.00000000000 0.00000000000 2.43750000000 0.00375000000 0.70476758712 -1.71787099361
-1.00000000000 0.00000000000 2.43750000000 0.00500000000 0.70504015626 -1.71853538088
-1.00000000000 0.00000000000 2.43750000000 0.00625000000 0.70531735851 -1.71921106136
-1.00000000000 0.00000000000 2.43750000000 0.00750000000 0.70559920135 -1.71989805330
-1.00000000000 0.00000000000 2.43750000000 0.00875000000 0.70588569239 -1.72059637520
-1.00000000000 0.00000000000 2.45312500000 -0.01000000000 0.70208581235 -1.72230425842
-1.00000000000 0.00000000000 2.45312500000 -0.00875000000 0.70230632459 -1.72284520250
-1.00000000000 0.00000000000 2.45312500000 -0.00750000000 0.70253138465 -1.72339730297
-1.00000000000 0.00000000000 2.45312500000 -0.00625000000 0.70276099876 -1.72396057509
-1.00000000000 0.00000000000 2.45312500000 -0.00500000000 0.70299517325 -1.72453503438
-1.00000000000 0.00000000000 2.45312500000 -0.00375000000 0.70323391455 -1.72512069663
-1.00000000000 0.00000000000 2.45312500000 -0.00250000000 0.70347722920 -1.72571757787
-1.00000000000 0.00000000000 2.45312500000 -0.00125000000 0.70372512385 -1.72632569444
-1.00000000000 0.00000000000 2.45312500000 0.00000000000 0.70397760526 -1.72694506289
-1.00000000000 0.00000000000 2.45312500000 0.00125000000 0.70423468029 -1.72757570010
-1.00000000000 0.00000000000 2.45312500000 0.00250000000 0.70449635594 -1.72821762316
-1.00000000000 0.00000000000 2.45312500000 0.00375000000 0.70476263928 -1.72887084948
-1.00000000000 0.00000000000 2.45312500000 0.00500000000 0.70503353751 -1.72953539670
-1.00000000000 0.00000000000 2.45312500000 0.00625000000 0.70530905794 -1.73021128276
-1.00000000000 0.00000000000 2.45312500000 0.00750000000 0.70558920799 -1.73089852586
-1.00000000000 0.00000000000 2.45312500000 0.00875000000 0.70587399520 -1.73159714447
-1.00000000000 0.00000000000 2.46875000000 -0.01000000000 0.70209838073 -1.73330537742
-1.00000000000 0.00000000000 2.46875000000 -0.00875000000 0.70231735774 -1.73384597692
-1.00000000000 0.00000000000 2.46875000000 -0.00750000000 0.70254087245 -1.73439777887
-1.00000000000 0.00000000000 2.46875000000 -0.00625000000 0.70276893104 -1.73496079850
-1.00000000000 0.00000000000 2.46875000000 -0.00500000000 0.70300153977 -1.73553505130
-1.00000000000 0.00000000000 2.46875000000 -0.00375000000 0.70323870501 -1.73612055300
-1.00000000000 0.00000000000 2.46875000000 -0.00250000000 0.70348043326 -1.73671731961
-1.00000000000 0.00000000000 2.46875000000 -0.00125000000 0.70372673111 -1.73732536743
-1.00000000000 0.00000000000 2.46875000000 0.00000000000 0.70397760526 -1.73794471298
-1.00000000000 0.00000000000 2.46875000000 0.00125000000 0.70423306251 -1.73857537308
-1.00000000000 0.00000000000 2.46875000000 0.00250000000 0.70449310979 -1.73921736481
-1.00000000000 0.00000000000 2.46875000000 0.00375000000 0.70475775413 -1.73987070552
-1.00000000000 0.00000000000 2.46875000000 0.00500000000 0.70502700267 -1.74053541283
-1.00000000000 0.00000000000 2.46875000000 0.00625000000 0.70530086264 -1.74121150465
-1.00000000000 0.00000000000 2.46875000000 0.00750000000 0.70557934142 -1.74189899913
-1.00000000000 0.00000000000 2.46875000000 0.00875000000 0.70586244647 -1.74259791473
-1.00000000000 0.00000000000 2.48437500000 -0.01000000000 0.70211079149 -1.74430649760
-1.00000000000 0.00000000000 2.48437500000 -0.00875000000 0.70232825247 -1.74484675223
-1.00000000000 0.00000000000 2.48437500000 -0.00750000000 0.70255024118 -1.74539825543
-1.00000000000 0.00000000000 2.48437500000 -0.00625000000 0.70277676372 -1.74596102238
-1.00000000000 0.00000000000 2.48437500000 -0.00500000000 0.70300782632 -1.74653506851
-1.00000000000 0.00000000000 2.48437500000 -0.00375000000 0.70324343528 -1.74712040953
-1.00000000000 0.00000000000 2.48437500000 -0.00250000000 0.70348359705 -1.74771706143
-1.00000000000 0.00000000000 2.48437500000 -0.00125000000 0.70372831816 -1.74832504044
-1.00000000000 0.00000000000 2.48437500000 0.00000000000 0.70397760526 -1.74894436306
-1.00000000000 0.00000000000 2.48437500000 0.00125000000 0.70423146509 -1.74957504607
-1.00000000000 0.00000000000 2.48437500000 0.00250000000 0.70448990451 -1.75021710653
-1.00000000000 0.00000000000 2.48437500000 0.00375000000 0.70475293051 -1.75087056173
-1.00000000000 0.00000000000 2.48437500000 0.00500000000 0.70502055015 -1.75153542928
-1.00000000000 0.00000000000 2.48437500000 0.00625000000 0.70529277063 -1.75221172703
-1.00000000000 0.00000000000 2.48437500000 0.00750000000 0.70556959924 -1.75289947311
-1.00000000000 0.00000000000 2.48437500000 0.00875000000 0.70585104340 -1.75359868594
-1.00000000000 0.00000000000 2.50000000000 -0.01000000000 0.70212304757 -1.75530761893
-1.00000000000 0.00000000000 2.50000000000 -0.00875000000 0.70233901138 -1.75584752844
-1.00000000000 0.00000000000 2.50000000000 -0.00750000000 0.70255949306 -1.75639873265
-1.00000000000 0.00000000000 2.50000000000 -0.00625000000 0.70278449868 -1.75696124671
-1.00000000000 0.00000000000 2.50000000000 -0.00500000000 0.70301403440 -1.75753508601
-1.00000000000 0.00000000000 2.50000000000 -0.00375000000 0.70324810649 -1.75812026624
-1.00000000000 0.00000000000 2.50000000000 -0.00250000000 0.70348672133 -1.75871680332
-1.00000000000 0.00000000000 2.50000000000 -0.00125000000 0.70372988539 -1.75932471346
-1.00000000000 0.00000000000 2.50000000000 0.00000000000 0.70397760526 -1.75994401314
-1.00000000000 0.00000000000 2.50000000000 0.00125000000 0.70422988764 -1.76057471909
-1.00000000000 0.00000000000 2.50000000000 0.00250000000 0.70448673933 -1.76121684832
-1.00000000000 0.00000000000 2.50000000000 0.00375000000 0.70474816725 -1.76187041812
-1.00000000000 0.00000000000 2.50000000000 0.00500000000 0.70501417841 -1.76253544603
-1.00000000000 0.00000000000 2.50000000000 0.00625000000 0.70528477995 -1.76321194988
-1.00000000000 0.00000000000 2.50000000000 0.00750000000 0.70555997911 -1.76389994778
-1.00000000000 0.00000000000 2.50000000000 0.00875000000 0.70583978324 -1.76459945810
-1.00000000000 0.00000000000 2.51562500000 -0.01000000000 0.70213515186 -1.76630874139
-1.00000000000 0.00000000000 2.51562500000 -0.00875000000 0.70234963697 -1.76684830551
-1.00000000000 0.00000000000 2.51562500000 -0.00750000000 0.70256863026 -1.76739921051
-1.00000000000 0.00000000000 2.51562500000 -0.00625000000 0.70279213773 -1.76796147148
-1.00000000000 0.00000000000 2.51562500000 -0.00500000000 0.70302016549 -1.76853510380
-1.00000000000 0.00000000000 2.51562500000 -0.00375000000 0.70325271974 -1.76912012310
-1.00000000000 0.00000000000 2.51562500000 -0.00250000000 0.70348980682 -1.76971654528
-1.00000000000 0.00000000000 2.51562500000 -0.00125000000 0.70373143315 -1.77032438651
-1.00000000000 0.00000000000 2.51562500000 0.00000000000 0.70397760526 -1.77094366322
-1.00000000000 0.00000000000 2.51562500000 0.00125000000 0.70422832979 -1.77157439212
-1.00000000000 0.00000000000 2.51562500000 0.00250000000 0.70448361349 -1.77221659019
-1.00000000000 0.00000000000 2.51562500000 0.00375000000 0.70474346322 -1.77287027467
-1.00000000000 0.00000000000 2.51562500000 0.00500000000 0.70500788594 -1.77353546307
-1.00000000000 0.00000000000 2.51562500000 0.00625000000 0.70527688873 -1.77421217321
-1.00000000000 0.00000000000 2.51562500000 0.00750000000 0.70555047876 -1.77490042313
-1.00000000000 0.00000000000 2.51562500000 0.00875000000 0.70582866333 -1.77560023118
-1.00000000000 0.00000000000 2.53125000000 -0.01000000000 0.70214710715 -1.77730986497
-1.00000000000 0.00000000000 2.53125000000 -0.00875000000 0.70236013173 -1.77784908344
-1.00000000000 0.00000000000 2.53125000000 -0.00750000000 0.70257765491 -1.77839968900
-1.00000000000 0.00000000000 2.53125000000 -0.00625000000 0.70279968265 -1.77896169670
-1.00000000000 0.00000000000 2.53125000000 -0.00500000000 0.70302622099 -1.77953512188
-1.00000000000 0.00000000000 2.53125000000 -0.00375000000 0.70325727610 -1.78011998013
-1.00000000000 0.00000000000 2.53125000000 -0.00250000000 0.70349285425 -1.78071628732
-1.00000000000 0.00000000000 2.53125000000 -0.00125000000 0.70373296181 -1.78132405957
-1.00000000000 0.00000000000 2.53125000000 0.00000000000 0.70397760526 -1.78194331330
-1.00000000000 0.00000000000 2.53125000000 0.00125000000 0.70422679118 -1.78257406518
-1.00000000000 0.00000000000 2.53125000000 0.00250000000 0.70448052627 -1.78321633213
-1.00000000000 0.00000000000 2.53125000000 0.00375000000 0.70473881734 -1.78387013138
-1.00000000000 0.00000000000 2.53125000000 0.00500000000 0.70500167127 -1.78453548041
-1.00000000000 0.00000000000 2.53125000000 0.00625000000 0.70526909511 -1.78521239699
-1.00000000000 0.00000000000 2.53125000000 0.00750000000 0.70554109595 -1.78590089914
-1.00000000000 0.00000000000 2.53125000000 0.00875000000 0.70581768105 -1.78660100517
-1.00000000000 0.00000000000 2.54687500000 -0.01000000000 0.70215891617 -1.78831098963
-1.00000000000 0.00000000000 2.54687500000 -0.00875000000 0.70237049805 -1.78884986221
-1.00000000000 0.00000000000 2.54687500000 -0.00750000000 0.70258656907 -1.78940016811
-1.00000000000 0.00000000000 2.54687500000 -0.00625000000 0.70280713516 -1.78996192235
-1.00000000000 0.00000000000 2.54687500000 -0.00500000000 0.70303220230 -1.79053514023
-1.00000000000 0.00000000000 2.54687500000 -0.00375000000 0.70326177661 -1.79111983731
-1.00000000000 0.00000000000 2.54687500000 -0.00250000000 0.70349586431 -1.79171602942
-1.00000000000 0.00000000000 2.54687500000 -0.00125000000 0.70373447172 -1.79232373266
-1.00000000000 0.00000000000 2.54687500000 0.00000000000 0.70397760526 -1.79294296339
-1.00000000000 0.00000000000 2.54687500000 0.00125000000 0.70422527146 -1.79357373825
-1.00000000000 0.00000000000 2.54687500000 0.00250000000 0.70447747696 -1.79421607414
-1.00000000000 0.00000000000 2.54687500000 0.00375000000 0.70473422852 -1.79486998826
-1.00000000000 0.00000000000 2.54687500000 0.00500000000 0.70499553297 -1.79553549804
-1.00000000000 0.00000000000 2.54687500000 0.00625000000 0.70526139729 -1.79621262122
-1.00000000000 0.00000000000 2.54687500000 0.00750000000 0.70553182853 -1.79690137580
-1.00000000000 0.00000000000 2.54687500000 0.00875000000 0.70580683389 -1.79760178005
-1.00000000000 0.00000000000 2.56250000000 -0.01000000000 0.70217058161 -1.79931211537
-1.00000000000 0.00000000000 2.56250000000 -0.00875000000 0.70238073827 -1.79985064181
-1.00000000000 0.00000000000 2.56250000000 -0.00750000000 0.70259537476 -1.80040064783
-1.00000000000 0.00000000000 2.56250000000 -0.00625000000 0.70281449695 -1.80096214842
-1.00000000000 0.00000000000 2.56250000000 -0.00500000000 0.70303811077 -1.80153515885
-1.00000000000 0.00000000000 2.56250000000 -0.00375000000 0.70326622230 -1.80211969464
-1.00000000000 0.00000000000 2.56250000000 -0.00250000000 0.70349883769 -1.80271577159
-1.00000000000 0.00000000000 2.56250000000 -0.00125000000 0.70373596322 -1.80332340576
-1.00000000000 0.00000000000 2.56250000000 0.00000000000 0.70397760526 -1.80394261347
-1.00000000000 0.00000000000 2.56250000000 0.00125000000 0.70422377028 -1.80457341133
-1.00000000000 0.00000000000 2.56250000000 0.00250000000 0.70447446487 -1.80521581623
-1.00000000000 0.00000000000 2.56250000000 0.00375000000 0.70472969572 -1.80586984529
-1.00000000000 0.00000000000 2.56250000000 0.00500000000 0.70498946964 -1.80653551595
-1.00000000000 0.00000000000 2.56250000000 0.00625000000 0.70525379352 -1.80721284590
-1.00000000000 0.00000000000 2.56250000000 0.00750000000 0.70552267438 -1.80790185310
-1.00000000000 0.00000000000 2.56250000000 0.00875000000 0.70579611934 -1.80860255581
-1.00000000000 0.00000000000 2.57812500000 -0.01000000000 0.70218210605 -1.81031324215
-1.00000000000 0.00000000000 2.57812500000 -0.00875000000 0.70239085467 -1.81085142221
-1.00000000000 0.00000000000 2.57812500000 -0.00750000000 0.70260407395 -1.81140112814
-1.00000000000 0.00000000000 2.57812500000 -0.00625000000 0.70282176966 -1.81196237491
-1.00000000000 0.00000000000 2.57812500000 -0.00500000000 0.70304394773 -1.81253517775
-1.00000000000 0.00000000000 2.57812500000 -0.00375000000 0.70327061416 -1.81311955213
-1.00000000000 0.00000000000 2.57812500000 -0.00250000000 0.70350177506 -1.81371551383
-1.00000000000 0.00000000000 2.57812500000 -0.00125000000 0.70373743665 -1.81432307887
-1.00000000000 0.00000000000 2.57812500000 0.00000000000 0.70397760526 -1.81494226355
-1.00000000000 0.00000000000 2.57812500000 0.00125000000 0.70422228730 -1.81557308444
-1.00000000000 0.00000000000 2.57812500000 0.00250000000 0.70447148931 -1.81621555838
-1.00000000000 0.00000000000 2.57812500000 0.00375000000 0.70472521793 -1.81686970248
-1.00000000000 0.00000000000 2.57812500000 0.00500000000 0.70498347991 -1.81753553413
-1.00000000000 0.00000000000 2.57812500000 0.00625000000 0.70524628209 -1.81821307100
-1.00000000000 0.00000000000 2.57812500000 0.00750000000 0.70551363143 -1.81890233103
-1.00000000000 0.00000000000 2.57812500000 0.00875000000 0.70578553500 -1.81960333242
-1.00000000000 0.00000000000 2.59375000000 -0.01000000000 0.70219349204 -1.82131436997
-1.00000000000 0.00000000000 2.59375000000 -0.00875000000 0.70240084950 -1.82185220340
-1.00000000000 0.00000000000 2.59375000000 -0.00750000000 0.70261266855 -1.82240160904
-1.00000000000 0.00000000000 2.59375000000 -0.00625000000 0.70282895491 -1.82296260181
-1.00000000000 0.00000000000 2.59375000000 -0.00500000000 0.70304971447 -1.82353519690
-1.00000000000 0.00000000000 2.59375000000 -0.00375000000 0.70327495316 -1.82411940977
-1.00000000000 0.00000000000 2.59375000000 -0.00250000000 0.70350467706 -1.82471525614
-1.00000000000 0.00000000000 2.59375000000 -0.00125000000 0.70373889234 -1.82532275200
-1.00000000000 0.00000000000 2.59375000000 0.00000000000 0.70397760526 -1.82594191363
-1.00000000000 0.00000000000 2.59375000000 0.00125000000 0.70422082219 -1.82657275756
-1.00000000000 0.00000000000 2.59375000000 0.00250000000 0.70446854963 -1.82721530060
-1.00000000000 0.00000000000 2.59375000000 0.00375000000 0.70472079415 -1.82786955982
-1.00000000000 0.00000000000 2.59375000000 0.00500000000 0.70497756245 -1.82853555259
-1.00000000000 0.00000000000 2.59375000000 0.00625000000 0.70523886132 -1.82921329654
-1.00000000000 0.00000000000 2.59375000000 0.00750000000 0.70550469767 -1.82990280957
-1.00000000000 0.00000000000 2.59375000000 0.00875000000 0.70577507851 -1.83060410988
-1.00000000000 0.00000000000 2.60937500000 -0.01000000000 0.70220474206 -1.83231549881
-1.00000000000 0.00000000000 2.60937500000 -0.00875000000 0.70241072493 -1.83285298538
-1.00000000000 0.00000000000 2.60937500000 -0.00750000000 0.70262116044 -1.83340209051
-1.00000000000 0.00000000000 2.60937500000 -0.00625000000 0.70283605427 -1.83396282911
-1.00000000000 0.00000000000 2.60937500000 -0.00500000000 0.70305541224 -1.83453521631
-1.00000000000 0.00000000000 2.60937500000 -0.00375000000 0.70327924026 -1.83511926755
-1.00000000000 0.00000000000 2.60937500000 -0.00250000000 0.70350754434 -1.83571499851
-1.00000000000 0.00000000000 2.60937500000 -0.00125000000 0.70374033060 -1.83632242515
-1.00000000000 0.00000000000 2.60937500000 0.00000000000 0.70397760526 -1.83694156372
-1.00000000000 0.00000000000 2.60937500000 0.00125000000 0.70421937464 -1.83757243070
-1.00000000000 0.00000000000 2.60937500000 0.00250000000 0.70446564518 -1.83821504288
-1.00000000000 0.00000000000 2.60937500000 0.00375000000 0.70471642340 -1.83886941731
-1.00000000000 0.00000000000 2.60937500000 0.00500000000 0.70497171595 -1.83953557132
-1.00000000000 0.00000000000 2.60937500000 0.00625000000 0.70523152958 -1.84021352249
-1.00000000000 0.00000000000 2.60937500000 0.00750000000 0.70549587113 -1.84090328873
-1.00000000000 0.00000000000 2.60937500000 0.00875000000 0.70576474756 -1.84160488816
-1.00000000000 0.00000000000 2.62500000000 -0.01000000000 0.70221585853 -1.84331662864
-1.00000000000 0.00000000000 2.62500000000 -0.00875000000 0.70242048309 -1.84385376812
-1.00000000000 0.00000000000 2.62500000000 -0.00750000000 0.70262955145 -1.84440257255
-1.00000000000 0.00000000000 2.62500000000 -0.00625000000 0.70284306926 -1.84496305680
-1.00000000000 0.00000000000 2.62500000000 -0.00500000000 0.70306104228 -1.84553523598
-1.00000000000 0.00000000000 2.62500000000 -0.00375000000 0.70328347637 -1.84611912547
-1.00000000000 0.00000000000 2.62500000000 -0.00250000000 0.70351037750 -1.84671474094
-1.00000000000 0.00000000000 2.62500000000 -0.00125000000 0.70374175174 -1.84732209832
-1.00000000000 0.00000000000 2.62500000000 0.00000000000 0.70397760526 -1.84794121380
-1.00000000000 0.00000000000 2.62500000000 0.00125000000 0.70421794433 -1.84857210385
-1.00000000000 0.00000000000 2.62500000000 0.00250000000 0.70446277533 -1.84921478523
-1.00000000000 0.00000000000 2.62500000000 0.00375000000 0.70471210474 -1.84986927495
-1.00000000000 0.00000000000 2.62500000000 0.00500000000 0.70496593916 -1.85053559030
-1.00000000000 0.00000000000 2.62500000000 0.00625000000 0.70522428528 -1.85121374886
-1.00000000000 0.00000000000 2.62500000000 0.00750000000 0.70548714989 -1.85190376847
-1.00000000000 0.00000000000 2.62500000000 0.00875000000 0.70575453991 -1.85260566726
-1.00000000000 0.00000000000 2.64062500000 -0.01000000000 0.70222684381 -1.85431775944
-1.00000000000 0.00000000000 2.64062500000 -0.00875000000 0.70243012605 -1.85485455161
-1.00000000000 0.00000000000 2.64062500000 -0.00750000000 0.70263784337 -1.85540305515
-1.00000000000 0.00000000000 2.64062500000 -0.00625000000 0.70285000138 -1.85596328488
-1.00000000000 0.00000000000 2.64062500000 -0.00500000000 0.70306660578 -1.85653525589
-1.00000000000 0.00000000000 2.64062500000 -0.00375000000 0.70328766240 -1.85711898354
-1.00000000000 0.00000000000 2.64062500000 -0.00250000000 0.70351317716 -1.85771448344
-1.00000000000 0.00000000000 2.64062500000 -0.00125000000 0.70374315607 -1.85832177150
-1.00000000000 0.00000000000 2.64062500000 0.00000000000 0.70397760526 -1.85894086388
-1.00000000000 0.00000000000 2.64062500000 0.00125000000 0.70421653094 -1.85957177702
-1.00000000000 0.00000000000 2.64062500000 0.00250000000 0.70445993946 -1.86021452764
-1.00000000000 0.00000000000 2.64062500000 0.00375000000 0.70470783725 -1.86086913273
-1.00000000000 0.00000000000 2.64062500000 0.00500000000 0.70496023083 -1.86153560955
-1.00000000000 0.00000000000 2.64062500000 0.00625000000 0.70521712687 -1.86221397563
-1.00000000000 0.00000000000 2.64062500000 0.00750000000 0.70547853209 -1.86290424880
-1.00000000000 0.00000000000 2.64062500000 0.00875000000 0.70574445336 -1.86360644716
-1.00000000000 0.00000000000 2.65625000000 -0.01000000000 0.70223770022 -1.86531889121
-1.00000000000 0.00000000000 2.65625000000 -0.00875000000 0.70243965585 -1.86585533584
-1.00000000000 0.00000000000 2.65625000000 -0.00750000000 0.70264603794 -1.86640353829
-1.00000000000 0.00000000000 2.65625000000 -0.00625000000 0.70285685208 -1.86696351334
-1.00000000000 0.00000000000 2.65625000000 -0.00500000000 0.70307210392 -1.86753527605
-1.00000000000 0.00000000000 2.65625000000 -0.00375000000 0.70329179924 -1.86811884174
-1.00000000000 0.00000000000 2.65625000000 -0.00250000000 0.70351594391 -1.86871422600
-1.00000000000 0.00000000000 2.65625000000 -0.00125000000 0.70374454388 -1.86932144469
-1.00000000000 0.00000000000 2.65625000000 0.00000000000 0.70397760526 -1.86994051396
-1.00000000000 0.00000000000 2.65625000000 0.00125000000 0.70421513420 -1.87057145021
-1.00000000000 0.00000000000 2.65625000000 0.00250000000 0.70445713699 -1.87121427012
-1.00000000000 0.00000000000 2.65625000000 0.00375000000 0.70470362001 -1.87186899065
-1.00000000000 0.00000000000 2.65625000000 0.00500000000 0.70495458976 -1.87253562904
-1.00000000000 0.00000000000 2.65625000000 0.00625000000 0.70521005282 -1.87321420280
-1.00000000000 0.00000000000 2.65625000000 0.00750000000 0.70547001589 -1.87390472971
-1.00000000000 0.00000000000 2.65625000000 0.00875000000 0.70573448578 -1.87460722784
-1.00000000000 0.00000000000 2.67187500000 -0.01000000000 0.70224843001 -1.87632002393
-1.00000000000 0.00000000000 2.67187500000 -0.00875000000 0.70244907445 -1.87685612080
-1.00000000000 0.00000000000 2.67187500000 -0.00750000000 0.70265413688 -1.87740402197
-1.00000000000 0.00000000000 2.67187500000 -0.00625000000 0.70286362280 -1.87796374218
-1.00000000000 0.00000000000 2.67187500000 -0.00500000000 0.70307753785 -1.87853529645
-1.00000000000 0.00000000000 2.67187500000 -0.00375000000 0.70329588775 -1.87911870008
-1.00000000000 0.00000000000 2.67187500000 -0.00250000000 0.70351867831 -1.87971396862
-1.00000000000 0.00000000000 2.67187500000 -0.00125000000 0.70374591547 -1.88032111791
-1.00000000000 0.00000000000 2.67187500000 0.00000000000 0.70397760526 -1.88094016404
-1.00000000000 0.00000000000 2.67187500000 0.00125000000 0.70421375379 -1.88157112341
-1.00000000000 0.00000000000 2.67187500000 0.00250000000 0.70445436731 -1.88221401266
-1.00000000000 0.00000000000 2.67187500000 0.00375000000 0.70469945215 -1.88286884872
-1.00000000000 0.00000000000 2.67187500000 0.00500000000 0.70494901475 -1.88353564879
-1.00000000000 0.00000000000 2.67187500000 0.00625000000 0.70520306165 -1.88421443036
-1.00000000000 0.00000000000 2.67187500000 0.00750000000 0.70546159951 -1.88490521118
-1.00000000000 0.00000000000 2.67187500000 0.00875000000 0.70572463506 -1.88560800930
-1.00000000000 0.00000000000 2.68750000000 -0.01000000000 0.70225903537 -1.88732115757
-1.00000000000 0.00000000000 2.68750000000 -0.00875000000 0.70245838380 -1.88785690647
-1.00000000000 0.00000000000 2.68750000000 -0.00750000000 0.70266214183 -1.88840450617
-1.00000000000 0.00000000000 2.68750000000 -0.00625000000 0.70287031493 -1.88896397138
-1.00000000000 0.00000000000 2.68750000000 -0.00500000000 0.70308290868 -1.88953531708
-1.00000000000 0.00000000000 2.68750000000 -0.00375000000 0.70329992876 -1.89011855855
-1.00000000000 0.00000000000 2.68750000000 -0.00250000000 0.70352138095 -1.89071371130
-1.00000000000 0.00000000000 2.68750000000 -0.00125000000 0.70374727112 -1.89132079113
-1.00000000000 0.00000000000 2.68750000000 0.00000000000 0.70397760526 -1.89193981413
-1.00000000000 0.00000000000 2.68750000000 0.00125000000 0.70421238944 -1.89257079663
-1.00000000000 0.00000000000 2.68750000000 0.00250000000 0.70445162986 -1.89321375526
-1.00000000000 0.00000000000 2.68750000000 0.00375000000 0.70469533281 -1.89386870692
-1.00000000000 0.00000000000 2.68750000000 0.00500000000 0.70494350466 -1.89453566878
-1.00000000000 0.00000000000 2.68750000000 0.00625000000 0.70519615192 -1.89521465830
-1.00000000000 0.00000000000 2.68750000000 0.00750000000 0.70545328119 -1.89590569320
-1.00000000000 0.00000000000 2.68750000000 0.00875000000 0.70571489917 -1.89660879151
-1.00000000000 0.00000000000 2.70312500000 -0.01000000000 0.70226951847 -1.89832229212
-1.00000000000 0.00000000000 2.70312500000 -0.00875000000 0.70246758579 -1.89885769284
-1.00000000000 0.00000000000 2.70312500000 -0.00750000000 0.70267005443 -1.89940499089
-1.00000000000 0.00000000000 2.70312500000 -0.00625000000 0.70287692983 -1.89996420094
-1.00000000000 0.00000000000 2.70312500000 -0.00500000000 0.70308821751 -1.90053533795
-1.00000000000 0.00000000000 2.70312500000 -0.00375000000 0.70330392311 -1.90111841715
-1.00000000000 0.00000000000 2.70312500000 -0.00250000000 0.70352405236 -1.90171345403
-1.00000000000 0.00000000000 2.70312500000 -0.00125000000 0.70374861110 -1.90232046437
-1.00000000000 0.00000000000 2.70312500000 0.00000000000 0.70397760526 -1.90293946421
-1.00000000000 0.00000000000 2.70312500000 0.00125000000 0.70421104087 -1.90357046986
-1.00000000000 0.00000000000 2.70312500000 0.00250000000 0.70444892408 -1.90421349792
-1.00000000000 0.00000000000 2.70312500000 0.00375000000 0.70469126113 -1.90486856525
-1.00000000000 0.00000000000 2.70312500000 0.00500000000 0.70493805836 -1.90553568901
-1.00000000000 0.00000000000 2.70312500000 0.00625000000 0.70518932221 -1.90621488661
-1.00000000000 0.00000000000 2.70312500000 0.00750000000 0.70544505924 -1.90690617577
-1.00000000000 0.00000000000 2.70312500000 0.00875000000 0.70570527610 -1.90760957446
-1.00000000000 0.00000000000 2.71875000000 -0.01000000000 0.70227988141 -1.90932342757
-1.00000000000 0.00000000000 2.71875000000 -0.00875000000 0.70247668226 -1.90985847991
-1.00000000000 0.00000000000 2.71875000000 -0.00750000000 0.70267787627 -1.91040547612
-1.00000000000 0.00000000000 2.71875000000 -0.00625000000 0.70288346882 -1.91096443085
-1.00000000000 0.00000000000 2.71875000000 -0.00500000000 0.70309346540 -1.91153535905
-1.00000000000 0.00000000000 2.71875000000 -0.00375000000 0.70330787159 -1.91211827588
-1.00000000000 0.00000000000 2.71875000000 -0.00250000000 0.70352669309 -1.91271319683
-1.00000000000 0.00000000000 2.71875000000 -0.00125000000 0.70374993568 -1.91332013763
-1.00000000000 0.00000000000 2.71875000000 0.00000000000 0.70397760526 -1.91393911429
-1.00000000000 0.00000000000 2.71875000000 0.00125000000 0.70420970781 -1.91457014310
-1.00000000000 0.00000000000 2.71875000000 0.00250000000 0.70444624943 -1.91521324063
-1.00000000000 0.00000000000 2.71875000000 0.00375000000 0.70468723631 -1.91586842371
-1.00000000000 0.00000000000 2.71875000000 0.00500000000 0.70493267475 -1.91653570947
-1.00000000000 0.00000000000 2.71875000000 0.00625000000 0.70518257114 -1.91721511530
-1.00000000000 0.00000000000 2.71875000000 0.00750000000 0.70543693200 -1.91790665887
-1.00000000000 0.00000000000 2.71875000000 0.00875000000 0.70569576392 -1.91861035815
-1.00000000000 0.00000000000 2.73437500000 -0.01000000000 0.70229012623 -1.92032456390
-1.00000000000 0.00000000000 2.73437500000 -0.00875000000 0.70248567502 -1.92085926764
-1.00000000000 0.00000000000 2.73437500000 -0.00750000000 0.70268560890 -1.92140596184
-1.00000000000 0.00000000000 2.73437500000 -0.00625000000 0.70288993321 -1.92196466112
-1.00000000000 0.00000000000 2.73437500000 -0.00500000000 0.70309865339 -1.92253538036
-1.00000000000 0.00000000000 2.73437500000 -0.00375000000 0.70331177499 -1.92311813474
-1.00000000000 0.00000000000 2.73437500000 -0.00250000000 0.70352930365 -1.92371293968
-1.00000000000 0.00000000000 2.73437500000 -0.00125000000 0.70375124513 -1.92431981090
-1.00000000000 0.00000000000 2.73437500000 0.00000000000 0.70397760526 -1.92493876437
-1.00000000000 0.00000000000 2.73437500000 0.00125000000 0.70420838998 -1.92556981636
-1.00000000000 0.00000000000 2.73437500000 0.00250000000 0.70444360536 -1.92621298341
-1.00000000000 0.00000000000 2.73437500000 0.00375000000 0.70468325753 -1.92686828231
-1.00000000000 0.00000000000 2.73437500000 0.00500000000 0.70492735275 -1.92753573017
-1.00000000000 0.00000000000 2.73437500000 0.00625000000 0.70517589736 -1.92821534435
-1.00000000000 0.00000000000 2.73437500000 0.00750000000 0.70542889783 -1.92890714250
-1.00000000000 0.00000000000 2.73437500000 0.00875000000 0.70568636071 -1.92961114256
-1.00000000000 0.00000000000 2.75000000000 -0.01000000000 0.70230025495 -1.93132570110
-1.00000000000 0.00000000000 2.75000000000 -0.00875000000 0.70249456584 -1.93186005605
-1.00000000000 0.00000000000 2.75000000000 -0.00750000000 0.70269325384 -1.93240644806
-1.00000000000 0.00000000000 2.75000000000 -0.00625000000 0.70289632426 -1.93296489173
-1.00000000000 0.00000000000 2.75000000000 -0.00500000000 0.70310378251 -1.93353540190
-1.00000000000 0.00000000000 2.75000000000 -0.00375000000 0.70331563408 -1.93411799372
-1.00000000000 0.00000000000 2.75000000000 -0.00250000000 0.70353188458 -1.93471268259
-1.00000000000 0.00000000000 2.75000000000 -0.00125000000 0.70375253970 -1.93531948418
-1.00000000000 0.00000000000 2.75000000000 0.00000000000 0.70397760526 -1.93593841445
-1.00000000000 0.00000000000 2.75000000000 0.00125000000 0.70420708714 -1.93656948964
-1.00000000000 0.00000000000 2.75000000000 0.00250000000 0.70444099136 -1.93721272624
-1.00000000000 0.00000000000 2.75000000000 0.00375000000 0.70467932401 -1.93786814103
-1.00000000000 0.00000000000 2.75000000000 0.00500000000 0.70492209131 -1.93853575109
-1.00000000000 0.00000000000 2.75000000000 0.00625000000 0.70516929955 -1.93921557376
-1.00000000000 0.00000000000 2.75000000000 0.00750000000 0.70542095514 -1.93990762665
-1.00000000000 0.00000000000 2.75000000000 0.00875000000 0.70567706461 -1.94061192767
-1.00000000000 0.00000000000 2.76562500000 -0.01000000000 0.70231026952 -1.94232683915
-1.00000000000 0.00000000000 2.76562500000 -0.00875000000 0.70250335642 -1.94286084511
-1.00000000000 0.00000000000 2.76562500000 -0.00750000000 0.70270081257 -1.94340693476
-1.00000000000 0.00000000000 2.76562500000 -0.00625000000 0.70290264323 -1.94396512267
-1.00000000000 0.00000000000 2.76562500000 -0.00500000000 0.70310885375 -1.94453542366
-1.00000000000 0.00000000000 2.76562500000 -0.00375000000 0.70331944961 -1.94511785283
-1.00000000000 0.00000000000 2.76562500000 -0.00250000000 0.70353443636 -1.94571242555
-1.00000000000 0.00000000000 2.76562500000 -0.00125000000 0.70375381965 -1.94631915748
-1.00000000000 0.00000000000 2.76562500000 0.00000000000 0.70397760526 -1.94693806454
-1.00000000000 0.00000000000 2.76562500000 0.00125000000 0.70420579902 -1.94756916292
-1.00000000000 0.00000000000 2.76562500000 0.00250000000 0.70443840691 -1.94821246912
-1.00000000000 0.00000000000 2.76562500000 0.00375000000 0.70467543499 -1.94886799988
-1.00000000000 0.00000000000 2.76562500000 0.00500000000 0.70491688940 -1.94953577224
-1.00000000000 0.00000000000 2.76562500000 0.00625000000 0.70516277641 -1.95021580351
-1.00000000000 0.00000000000 2.76562500000 0.00750000000 0.70541310239 -1.95090811130
-1.00000000000 0.00000000000 2.76562500000 0.00875000000 0.70566787380 -1.95161271347
-1.00000000000 0.00000000000 2.78125000000 -0.01000000000 0.70232017188 -1.95332797803
-1.00000000000 0.00000000000 2.78125000000 -0.00875000000 0.70251204847 -1.95386163481
-1.00000000000 0.00000000000 2.78125000000 -0.00750000000 0.70270828654 -1.95440742194
-1.00000000000 0.00000000000 2.78125000000 -0.00625000000 0.70290889131 -1.95496535395
-1.00000000000 0.00000000000 2.78125000000 -0.00500000000 0.70311386809 -1.95553544563
-1.00000000000 0.00000000000 2.78125000000 -0.00375000000 0.70332322231 -1.95611771205
-1.00000000000 0.00000000000 2.78125000000 -0.00250000000 0.70353695948 -1.95671216856
-1.00000000000 0.00000000000 2.78125000000 -0.00125000000 0.70375508523 -1.95731883079
-1.00000000000 0.00000000000 2.78125000000 0.00000000000 0.70397760526 -1.95793771462
-1.00000000000 0.00000000000 2.78125000000 0.00125000000 0.70420452538 -1.95856883623
-1.00000000000 0.00000000000 2.78125000000 0.00250000000 0.70443585153 -1.95921221206
-1.00000000000 0.00000000000 2.78125000000 0.00375000000 0.70467158970 -1.95986785885
-1.00000000000 0.00000000000 2.78125000000 0.00500000000 0.70491174602 -1.96053579361
-1.00000000000 0.00000000000 2.78125000000 0.00625000000 0.70515632669 -1.96121603362
-1.00000000000 0.00000000000 2.78125000000 0.00750000000 0.70540533805 -1.96190859645
-1.00000000000 0.00000000000 2.78125000000 0.00875000000 0.70565878650 -1.96261349996
-1.00000000000 0.00000000000 2.79687500000 -0.01000000000 0.70232996388 -1.96432911774
-1.00000000000 0.00000000000 2.79687500000 -0.00875000000 0.70252064363 -1.96486242515
-1.00000000000 0.00000000000 2.79687500000 -0.00750000000 0.70271567717 -1.96540790958
-1.00000000000 0.00000000000 2.79687500000 -0.00625000000 0.70291506969 -1.96596558555
-1.00000000000 0.00000000000 2.79687500000 -0.00500000000 0.70311882648 -1.96653546780
-1.00000000000 0.00000000000 2.79687500000 -0.00375000000 0.70332695290 -1.96711757139
-1.00000000000 0.00000000000 2.79687500000 -0.00250000000 0.70353945444 -1.96771191163
-1.00000000000 0.00000000000 2.79687500000 -0.00125000000 0.70375633667 -1.96831850411
-1.00000000000 0.00000000000 2.79687500000 0.00000000000 0.70397760526 -1.96893736470
-1.00000000000 0.00000000000 2.79687500000 0.00125000000 0.70420326598 -1.96956850954
-1.00000000000 0.00000000000 2.79687500000 0.00250000000 0.70443332471 -1.97021195506
-1.00000000000 0.00000000000 2.79687500000 0.00375000000 0.70466778742 -1.97086771795
-1.00000000000 0.00000000000 2.79687500000 0.00500000000 0.70490666018 -1.97153581519
-1.00000000000 0.00000000000 2.79687500000 0.00625000000 0.70514994916 -1.97221626406
-1.00000000000 0.00000000000 2.79687500000 0.00750000000 0.70539766064 -1.97290908210
-1.00000000000 0.00000000000 2.79687500000 0.00875000000 0.70564980098 -1.97361428712
-1.00000000000 0.00000000000 2.81250000000 -0.01000000000 0.70233964738 -1.97533025826
-1.00000000000 0.00000000000 2.81250000000 -0.00875000000 0.70252914350 -1.97586321610
-1.00000000000 0.00000000000 2.81250000000 -0.00750000000 0.70272298584 -1.97640839769
-1.00000000000 0.00000000000 2.81250000000 -0.00625000000 0.70292117954 -1.97696581747
-1.00000000000 0.00000000000 2.81250000000 -0.00500000000 0.70312372984 -1.97753549019
-1.00000000000 0.00000000000 2.81250000000 -0.00375000000 0.70333064208 -1.97811743085
-1.00000000000 0.00000000000 2.81250000000 -0.00250000000 0.70354192169 -1.97871165475
-1.00000000000 0.00000000000 2.81250000000 -0.00125000000 0.70375757420 -1.97931817745
-1.00000000000 0.00000000000 2.81250000000 0.00000000000 0.70397760526 -1.97993701478
-1.00000000000 0.00000000000 2.81250000000 0.00125000000 0.70420202058 -1.98056818287
-1.00000000000 0.00000000000 2.81250000000 0.00250000000 0.70443082599 -1.98121169810
-1.00000000000 0.00000000000 2.81250000000 0.00375000000 0.70466402743 -1.98186757716
-1.00000000000 0.00000000000 2.81250000000 0.00500000000 0.70490163093 -1.98253583699
-1.00000000000 0.00000000000 2.81250000000 0.00625000000 0.70514364261 -1.98321649484
-1.00000000000 0.00000000000 2.81250000000 0.00750000000 0.70539006870 -1.98390956822
-1.00000000000 0.00000000000 2.81250000000 0.00875000000 0.70564091554 -1.98461507494
-1.00000000000 0.00000000000 2.82812500000 -0.01000000000 0.70234922416 -1.98633139957
-1.00000000000 0.00000000000 2.82812500000 -0.00875000000 0.70253754967 -1.98686400767
-1.00000000000 0.00000000000 2.82812500000 -0.00750000000 0.70273021392 -1.98740888624
-1.00000000000 0.00000000000 2.82812500000 -0.00625000000 0.70292722199 -1.98796604970
-1.00000000000 0.00000000000 2.82812500000 -0.00500000000 0.70312857910 -1.98853551277
-1.00000000000 0.00000000000 2.82812500000 -0.00375000000 0.70333429054 -1.98911729042
-1.00000000000 0.00000000000 2.82812500000 -0.00250000000 0.70354436170 -1.98971139792
-1.00000000000 0.00000000000 2.82812500000 -0.00125000000 0.70375879807 -1.99031785080
-1.00000000000 0.00000000000 2.82812500000 0.00000000000 0.70397760526 -1.99093666487
-1.00000000000 0.00000000000 2.82812500000 0.00125000000 0.70420078894 -1.99156785621
-1.00000000000 0.00000000000 2.82812500000 0.00250000000 0.70442835490 -1.99221144120
-1.00000000000 0.00000000000 2.82812500000 0.00375000000 0.70466030903 -1.99286743649
-1.00000000000 0.00000000000 2.82812500000 0.00500000000 0.70489665733 -1.99353585900
-1.00000000000 0.00000000000 2.82812500000 0.00625000000 0.70513740586 -1.99421672595
-1.00000000000 0.00000000000 2.82812500000 0.00750000000 0.70538256082 -1.99491005483
-1.00000000000 0.00000000000 2.82812500000 0.00875000000 0.70563212850 -1.99561586341
-1.00000000000 0.00000000000 2.84375000000 -0.01000000000 0.70235869597 -1.99733254166
-1.00000000000 0.00000000000 2.84375000000 -0.00875000000 0.70254586368 -1.99786479984
-1.00000000000 0.00000000000 2.84375000000 -0.00750000000 0.70273736272 -1.99840937524
-1.00000000000 0.00000000000 2.84375000000 -0.00625000000 0.70293319815 -1.99896628225
-1.00000000000 0.00000000000 2.84375000000 -0.00500000000 0.70313337514 -1.99953553555
-1.00000000000 0.00000000000 2.84375000000 -0.00375000000 0.70333789894 -2.00011715011
-1.00000000000 0.00000000000 2.84375000000 -0.00250000000 0.70354677491 -2.00071114114
-1.00000000000 0.00000000000 2.84375000000 -0.00125000000 0.70376000850 -2.00131752416
-1.00000000000 0.00000000000 2.84375000000 0.00000000000 0.70397760526 -2.00193631495
-1.00000000000 0.00000000000 2.84375000000 0.00125000000 0.70419957084 -2.00256752956
-1.00000000000 0.00000000000 2.84375000000 0.00250000000 0.70442591098 -2.00321118435
-1.00000000000 0.00000000000 2.84375000000 0.00375000000 0.70465663154 -2.00386729593
-1.00000000000 0.00000000000 2.84375000000 0.00500000000 0.70489173845 -2.00453588121
-1.00000000000 0.00000000000 2.84375000000 0.00625000000 0.70513123776 -2.00521695738
-1.00000000000 0.00000000000 2.84375000000 0.00750000000 0.70537513561 -2.00591054189
-1.00000000000 0.00000000000 2.84375000000 0.00875000000 0.70562343825 -2.00661665252
-1.00000000000 0.00000000000 2.85937500000 -0.01000000000 0.70236806454 -2.00833368453
-1.00000000000 0.00000000000 2.85937500000 -0.00875000000 0.70255408703 -2.00886559261
-1.00000000000 0.00000000000 2.85937500000 -0.00750000000 0.70274443355 -2.00940986467
-1.00000000000 0.00000000000 2.85937500000 -0.00625000000 0.70293910911 -2.00996651510
-1.00000000000 0.00000000000 2.85937500000 -0.00500000000 0.70313811883 -2.01053555853
-1.00000000000 0.00000000000 2.85937500000 -0.00375000000 0.70334146795 -2.01111700991
-1.00000000000 0.00000000000 2.85937500000 -0.00250000000 0.70354916176 -2.01171088441
-1.00000000000 0.00000000000 2.85937500000 -0.00125000000 0.70376120570 -2.01231719754
-1.00000000000 0.00000000000 2.85937500000 0.00000000000 0.70397760526 -2.01293596503
-1.00000000000 0.00000000000 2.85937500000 0.00125000000 0.70419836605 -2.01356720293
-1.00000000000 0.00000000000 2.85937500000 0.00250000000 0.70442349379 -2.01421092755
-1.00000000000 0.00000000000 2.85937500000 0.00375000000 0.70465299427 -2.01486715549
-1.00000000000 0.00000000000 2.85937500000 0.00500000000 0.70488687340 -2.01553590363
-1.00000000000 0.00000000000 2.85937500000 0.00625000000 0.70512513718 -2.01621718912
-1.00000000000 0.00000000000 2.85937500000 0.00750000000 0.70536779171 -2.01691102942
-1.00000000000 0.00000000000 2.85937500000 0.00875000000 0.70561484319 -2.01761744226
-1.00000000000 0.00000000000 2.87500000000 -0.01000000000 0.70237733153 -2.01933482815
-1.00000000000 0.00000000000 2.87500000000 -0.00875000000 0.70256222120 -2.01986638595
-1.00000000000 0.00000000000 2.87500000000 -0.00750000000 0.70275142766 -2.02041035454
-1.00000000000 0.00000000000 2.87500000000 -0.00625000000 0.70294495591 -2.02096674825
-1.00000000000 0.00000000000 2.87500000000 -0.00500000000 0.70314281103 -2.02153558171
-1.00000000000 0.00000000000 2.87500000000 -0.00375000000 0.70334499820 -2.02211686981
-1.00000000000 0.00000000000 2.87500000000 -0.00250000000 0.70355152269 -2.02271062773
-1.00000000000 0.00000000000 2.87500000000 -0.00125000000 0.70376238989 -2.02331687092
-1.00000000000 0.00000000000 2.87500000000 0.00000000000 0.70397760526 -2.02393561511
-1.00000000000 0.00000000000 2.87500000000 0.00125000000 0.70419717437 -2.02456687631
-1.00000000000 0.00000000000 2.87500000000 0.00250000000 0.70442110289 -2.02521067080
-1.00000000000 0.00000000000 2.87500000000 0.00375000000 0.70464939658 -2.02586701516
-1.00000000000 0.00000000000 2.87500000000 0.00500000000 0.70488206130 -2.02653592624
-1.00000000000 0.00000000000 2.87500000000 0.00625000000 0.70511910302 -2.02721742118
-1.00000000000 0.00000000000 2.87500000000 0.00750000000 0.70536052779 -2.02791151740
-1.00000000000 0.00000000000 2.87500000000 0.00875000000 0.70560634178 -2.02861823261
-1.00000000000 0.00000000000 2.89062500000 -0.01000000000 0.70238649860 -2.03033597252
-1.00000000000 0.00000000000 2.89062500000 -0.00875000000 0.70257026763 -2.03086717987
-1.00000000000 0.00000000000 2.89062500000 -0.00750000000 0.70275834632 -2.03141084482
-1.00000000000 0.00000000000 2.89062500000 -0.00625000000 0.70295073961 -2.03196698169
-1.00000000000 0.00000000000 2.89062500000 -0.00500000000 0.70314745256 -2.03253560507
-1.00000000000 0.00000000000 2.89062500000 -0.00375000000 0.70334849032 -2.03311672982
-1.00000000000 0.00000000000 2.89062500000 -0.00250000000 0.70355385811 -2.03371037110
-1.00000000000 0.00000000000 2.89062500000 -0.00125000000 0.70376356128 -2.03431654432
-1.00000000000 0.00000000000 2.89062500000 0.00000000000 0.70397760526 -2.03493526519
-1.00000000000 0.00000000000 2.89062500000 0.00125000000 0.70419599557 -2.03556654970
-1.00000000000 0.00000000000 2.89062500000 0.00250000000 0.70441873785 -2.03621041410
-1.00000000000 0.00000000000 2.89062500000 0.00375000000 0.70464583782 -2.03686687494
-1.00000000000 0.00000000000 2.89062500000 0.00500000000 0.70487730129 -2.03753594905
-1.00000000000 0.00000000000 2.89062500000 0.00625000000 0.70511313420 -2.03821765355
-1.00000000000 0.00000000000 2.89062500000 0.00750000000 0.70535334256 -2.03891200583
-1.00000000000 0.00000000000 2.89062500000 0.00875000000 0.70559793248 -2.03961902357
-1.00000000000 0.00000000000 2.90625000000 -0.01000000000 0.70239556735 -2.04133711762
-1.00000000000 0.00000000000 2.90625000000 -0.00875000000 0.70257822773 -2.04186797435
-1.00000000000 0.00000000000 2.90625000000 -0.00750000000 0.70276519072 -2.04241133552
-1.00000000000 0.00000000000 2.90625000000 -0.00625000000 0.70295646122 -2.04296721543
-1.00000000000 0.00000000000 2.90625000000 -0.00500000000 0.70315204426 -2.04353562862
-1.00000000000 0.00000000000 2.90625000000 -0.00375000000 0.70335194493 -2.04411658994
-1.00000000000 0.00000000000 2.90625000000 -0.00250000000 0.70355616843 -2.04471011451
-1.00000000000 0.00000000000 2.90625000000 -0.00125000000 0.70376472008 -2.04531621773
-1.00000000000 0.00000000000 2.90625000000 0.00000000000 0.70397760526 -2.04593491528
-1.00000000000 0.00000000000 2.90625000000 0.00125000000 0.70419482945 -2.04656622310
-1.00000000000 0.00000000000 2.90625000000 0.00250000000 0.70441639826 -2.04721015744
-1.00000000000 0.00000000000 2.90625000000 0.00375000000 0.70464231736 -2.04786673483
-1.00000000000 0.00000000000 2.90625000000 0.00500000000 0.70487259253 -2.04853597205
-1.00000000000 0.00000000000 2.90625000000 0.00625000000 0.70510722967 -2.04921788622
-1.00000000000 0.00000000000 2.90625000000 0.00750000000 0.70534623473 -2.04991249469
-1.00000000000 0.00000000000 2.90625000000 0.00875000000 0.70558961381 -2.05061981513
-1.00000000000 0.00000000000 2.92187500000 -0.01000000000 0.70240453936 -2.05233826345
-1.00000000000 0.00000000000 2.92187500000 -0.00875000000 0.70258610289 -2.05286876939
-1.00000000000 0.00000000000 2.92187500000 -0.00750000000 0.70277196206 -2.05341182664
-1.00000000000 0.00000000000 2.92187500000 -0.00625000000 0.70296212174 -2.05396744944
-1.00000000000 0.00000000000 2.92187500000 -0.00500000000 0.70315658690 -2.05453565235
-1.00000000000 0.00000000000 2.92187500000 -0.00375000000 0.70335536262 -2.05511645016
-1.00000000000 0.00000000000 2.92187500000 -0.00250000000 0.70355845407 -2.05570985797
-1.00000000000 0.00000000000 2.92187500000 -0.00125000000 0.70376586649 -2.05631589116
-1.00000000000 0.00000000000 2.92187500000 0.00000000000 0.70397760526 -2.05693456536
-1.00000000000 0.00000000000 2.92187500000 0.00125000000 0.70419367581 -2.05756589651
-1.00000000000 0.00000000000 2.92187500000 0.00250000000 0.70441408371 -2.05820990083
-1.00000000000 0.00000000000 2.92187500000 0.00375000000 0.70463883459 -2.05886659482
-1.00000000000 0.00000000000 2.92187500000 0.00500000000 0.70486793420 -2.05953599525
-1.00000000000 0.00000000000 2.92187500000 0.00625000000 0.70510138838 -2.06021811918
-1.00000000000 0.00000000000 2.92187500000 0.00750000000 0.70533920307 -2.06091298398
-1.00000000000 0.00000000000 2.92187500000 0.00875000000 0.70558138431 -2.06162060728
-1.00000000000 0.00000000000 2.93750000000 -0.01000000000 0.70241341616 -2.06333940998
-1.00000000000 0.00000000000 2.93750000000 -0.00875000000 0.70259389446 -2.06386956497
-1.00000000000 0.00000000000 2.93750000000 -0.00750000000 0.70277866150 -2.06441231815
-1.00000000000 0.00000000000 2.93750000000 -0.00625000000 0.70296772213 -2.06496768375
-1.00000000000 0.00000000000 2.93750000000 -0.00500000000 0.70316108128 -2.06553567626
-1.00000000000 0.00000000000 2.93750000000 -0.00375000000 0.70335874399 -2.06611631048
-1.00000000000 0.00000000000 2.93750000000 -0.00250000000 0.70356071540 -2.06670960148
-1.00000000000 0.00000000000 2.93750000000 -0.00125000000 0.70376700071 -2.06731556459
-1.00000000000 0.00000000000 2.93750000000 0.00000000000 0.70397760526 -2.06793421544
-1.00000000000 0.00000000000 2.93750000000 0.00125000000 0.70419253445 -2.06856556994
-1.00000000000 0.00000000000 2.93750000000 0.00250000000 0.70441179380 -2.06920964427
-1.00000000000 0.00000000000 2.93750000000 0.00375000000 0.70463538891 -2.06986645492
-1.00000000000 0.00000000000 2.93750000000 0.00500000000 0.70486332549 -2.07053601863
-1.00000000000 0.00000000000 2.93750000000 0.00625000000 0.70509560934 -2.07121835244
-1.00000000000 0.00000000000 2.93750000000 0.00750000000 0.70533224637 -2.07191347370
-1.00000000000 0.00000000000 2.93750000000 0.00875000000 0.70557324256 -2.07262140001
-1.00000000000 0.00000000000 2.95312500000 -0.01000000000 0.70242219927 -2.07434055721
-1.00000000000 0.00000000000 2.95312500000 -0.00875000000 0.70260160376 -2.07487036109
-1.00000000000 0.00000000000 2.95312500000 -0.00750000000 0.70278529018 -2.07541281006
-1.00000000000 0.00000000000 2.95312500000 -0.00625000000 0.70297326335 -2.07596791832
-1.00000000000 0.00000000000 2.95312500000 -0.00500000000 0.70316552816 -2.07653570035
-1.00000000000 0.00000000000 2.95312500000 -0.00375000000 0.70336208962 -2.07711617091
-1.00000000000 0.00000000000 2.95312500000 -0.00250000000 0.70356295281 -2.07770934503
-1.00000000000 0.00000000000 2.95312500000 -0.00125000000 0.70376812293 -2.07831523803
-1.00000000000 0.00000000000 2.95312500000 0.00000000000 0.70397760526 -2.07893386552
-1.00000000000 0.00000000000 2.95312500000 0.00125000000 0.70419140516 -2.07956524338
-1.00000000000 0.00000000000 2.95312500000 0.00250000000 0.70440952813 -2.08020938776
-1.00000000000 0.00000000000 2.95312500000 0.00375000000 0.70463197972 -2.08086631512
-1.00000000000 0.00000000000 2.95312500000 0.00500000000 0.70485876561 -2.08153604219
-1.00000000000 0.00000000000 2.95312500000 0.00625000000 0.70508989155 -2.08221858599
-1.00000000000 0.00000000000 2.95312500000 0.00750000000 0.70532536341 -2.08291396383
-1.00000000000 0.00000000000 2.95312500000 0.00875000000 0.70556518715 -2.08362219330
-1.00000000000 0.00000000000 2.96875000000 -0.01000000000 0.70243089015 -2.08534170513
-1.00000000000 0.00000000000 2.96875000000 -0.00875000000 0.70260923208 -2.08587115774
-1.00000000000 0.00000000000 2.96875000000 -0.00750000000 0.70279184922 -2.08641330236
-1.00000000000 0.00000000000 2.96875000000 -0.00625000000 0.70297874633 -2.08696815317
-1.00000000000 0.00000000000 2.96875000000 -0.00500000000 0.70316992829 -2.08753572462
-1.00000000000 0.00000000000 2.96875000000 -0.00375000000 0.70336540006 -2.08811603143
-1.00000000000 0.00000000000 2.96875000000 -0.00250000000 0.70356516669 -2.08870908862
-1.00000000000 0.00000000000 2.96875000000 -0.00125000000 0.70376923334 -2.08931491149
-1.00000000000 0.00000000000 2.96875000000 0.00000000000 0.70397760526 -2.08993351560
-1.00000000000 0.00000000000 2.96875000000 0.00125000000 0.70419028777 -2.09056491682
-1.00000000000 0.00000000000 2.96875000000 0.00250000000 0.70440728633 -2.09120913129
-1.00000000000 0.00000000000 2.96875000000 0.00375000000 0.70462860646 -2.09186617542
-1.00000000000 0.00000000000 2.96875000000 0.00500000000 0.70485425379 -2.09253606593
-1.00000000000 0.00000000000 2.96875000000 0.00625000000 0.70508423405 -2.09321881982
-1.00000000000 0.00000000000 2.96875000000 0.00750000000 0.70531855305 -2.09391445438
-1.00000000000 0.00000000000 2.96875000000 0.00875000000 0.70555721673 -2.09462298716
-1.00000000000 0.00000000000 2.98437500000 -0.01000000000 0.70243949025 -2.09634285373
-1.00000000000 0.00000000000 2.98437500000 -0.00875000000 0.70261678070 -2.09687195491
-1.00000000000 0.00000000000 2.98437500000 -0.00750000000 0.70279833970 -2.09741379505
-1.00000000000 0.00000000000 2.98437500000 -0.00625000000 0.70298417199 -2.09796838829
-1.00000000000 0.00000000000 2.98437500000 -0.00500000000 0.70317428240 -2.09853574905
-1.00000000000 0.00000000000 2.98437500000 -0.00375000000 0.70336867587 -2.09911589205
-1.00000000000 0.00000000000 2.98437500000 -0.00250000000 0.70356735741 -2.09970883226
-1.00000000000 0.00000000000 2.98437500000 -0.00125000000 0.70377033213 -2.10031458496
-1.00000000000 0.00000000000 2.98437500000 0.00000000000 0.70397760526 -2.10093316569
-1.00000000000 0.00000000000 2.98437500000 0.00125000000 0.70418918208 -2.10156459028
-1.00000000000 0.00000000000 2.98437500000 0.00250000000 0.70440506802 -2.10220887486
-1.00000000000 0.00000000000 2.98437500000 0.00375000000 0.70462526855 -2.10286603582
-1.00000000000 0.00000000000 2.98437500000 0.00500000000 0.70484978927 -2.10353608985
-1.00000000000 0.00000000000 2.98437500000 0.00625000000 0.70507863587 -2.10421905393
-1.00000000000 0.00000000000 2.98437500000 0.00750000000 0.70531181414 -2.10491494532
-1.00000000000 0.00000000000 2.98437500000 0.00875000000 0.70554932995 -2.10562378157
