-1.00000000000 0.00000000000 2.00000000000 -0.01000000000 0.69080580676 -1.38161161352
-1.00000000000 0.00000000000 2.00000000000 -0.00875000000 0.69108120197 -1.38216240395
-1.00000000000 0.00000000000 2.00000000000 -0.00750000000 0.69136151675 -1.38272303350
-1.00000000000 0.00000000000 2.00000000000 -0.00625000000 0.69164675940 -1.38329351879
-1.00000000000 0.00000000000 2.00000000000 -0.00500000000 0.69193693837 -1.38387387674
-1.00000000000 0.00000000000 2.00000000000 -0.00375000000 0.69223206224 -1.38446412448
-1.00000000000 0.00000000000 2.00000000000 -0.00250000000 0.69253213971 -1.38506427941
-1.00000000000 0.00000000000 2.00000000000 -0.00125000000 0.69283717960 -1.38567435921
-1.00000000000 0.00000000000 2.00000000000 0.00000000000 0.69314719089 -1.38629438178
-1.00000000000 0.00000000000 2.00000000000 0.00125000000 0.69346218265 -1.38692436531
-1.00000000000 0.00000000000 2.00000000000 0.00250000000 0.69378216412 -1.38756432824
-1.00000000000 0.00000000000 2.00000000000 0.00375000000 0.69410714464 -1.38821428928
-1.00000000000 0.00000000000 2.00000000000 0.00500000000 0.69443713369 -1.38887426739
-1.00000000000 0.00000000000 2.00000000000 0.00625000000 0.69477214090 -1.38954428180
-1.00000000000 0.00000000000 2.00000000000 0.00750000000 0.69511217601 -1.39022435201
-1.00000000000 0.00000000000 2.00000000000 0.00875000000 0.69545724890 -1.39091449779
-1.00000000000 0.00000000000 2.01562500000 -0.01000000000 0.69082466252 -1.39244346039
-1.00000000000 0.00000000000 2.01562500000 -0.00875000000 0.69109775731 -1.39299391707
-1.00000000000 0.00000000000 2.01562500000 -0.00750000000 0.69137575568 -1.39355425755
-1.00000000000 0.00000000000 2.01562500000 -0.00625000000 0.69165866588 -1.39412449841
-1.00000000000 0.00000000000 2.01562500000 -0.00500000000 0.69194649624 -1.39470465649
-1.00000000000 0.00000000000 2.01562500000 -0.00375000000 0.69223925526 -1.39529474888
-1.00000000000 0.00000000000 2.01562500000 -0.00250000000 0.69253695152 -1.39589479292
-1.00000000000 0.00000000000 2.01562500000 -0.00125000000 0.69283959378 -1.39650480622
-1.00000000000 0.00000000000 2.01562500000 0.00000000000 0.69314719089 -1.39712480663
-1.00000000000 0.00000000000 2.01562500000 0.00125000000 0.69345975184 -1.39775481230
-1.00000000000 0.00000000000 2.01562500000 0.00250000000 0.69377728575 -1.39839484159
-1.00000000000 0.00000000000 2.01562500000 0.00375000000 0.69409980188 -1.39904491317
-1.00000000000 0.00000000000 2.01562500000 0.00500000000 0.69442730961 -1.39970504593
-1.00000000000 0.00000000000 2.01562500000 0.00625000000 0.69475981844 -1.40037525905
-1.00000000000 0.00000000000 2.01562500000 0.00750000000 0.69509733804 -1.40105557198
-1.00000000000 0.00000000000 2.01562500000 0.00875000000 0.69543987816 -1.40174600442
-1.00000000000 0.00000000000 2.03125000000 -0.01000000000 0.69084322925 -1.40327530942
-1.00000000000 0.00000000000 2.03125000000 -0.00875000000 0.69111405876 -1.40382543185
-1.00000000000 0.00000000000 2.03125000000 -0.00750000000 0.69138977616 -1.40438548283
-1.00000000000 0.00000000000 2.03125000000 -0.00625000000 0.69167038960 -1.40495547888
-1.00000000000 0.00000000000 2.03125000000 -0.00500000000 0.69195590734 -1.40553543679
-1.00000000000 0.00000000000 2.03125000000 -0.00375000000 0.69224633777 -1.40612537359
-1.00000000000 0.00000000000 2.03125000000 -0.00250000000 0.69254168938 -1.40672530656
-1.00000000000 0.00000000000 2.03125000000 -0.00125000000 0.69284197084 -1.40733525326
-1.00000000000 0.00000000000 2.03125000000 0.00000000000 0.69314719089 -1.40795523149
-1.00000000000 0.00000000000 2.03125000000 0.00125000000 0.69345735844 -1.40858525933
-1.00000000000 0.00000000000 2.03125000000 0.00250000000 0.69377248251 -1.40922535509
-1.00000000000 0.00000000000 2.03125000000 0.00375000000 0.69409257225 -1.40987553738
-1.00000000000 0.00000000000 2.03125000000 0.00500000000 0.69441763694 -1.41053582504
-1.00000000000 0.00000000000 2.03125000000 0.00625000000 0.69474768601 -1.41120623720
-1.00000000000 0.00000000000 2.03125000000 0.00750000000 0.69508272898 -1.41188679324
-1.00000000000 0.00000000000 2.03125000000 0.00875000000 0.69542277554 -1.41257751283
-1.00000000000 0.00000000000 2.04687500000 -0.01000000000 0.69086151356 -1.41410716056
-1.00000000000 0.00000000000 2.04687500000 -0.00875000000 0.69113011212 -1.41465694825
-1.00000000000 0.00000000000 2.04687500000 -0.00750000000 0.69140358317 -1.41521670930
-1.00000000000 0.00000000000 2.04687500000 -0.00625000000 0.69168193475 -1.41578646019
-1.00000000000 0.00000000000 2.04687500000 -0.00500000000 0.69196517503 -1.41636621763
-1.00000000000 0.00000000000 2.04687500000 -0.00375000000 0.69225331229 -1.41695599860
-1.00000000000 0.00000000000 2.04687500000 -0.00250000000 0.69254635498 -1.41755582034
-1.00000000000 0.00000000000 2.04687500000 -0.00125000000 0.69284431162 -1.41816570034
-1.00000000000 0.00000000000 2.04687500000 0.00000000000 0.69314719089 -1.41878565635
-1.00000000000 0.00000000000 2.04687500000 0.00125000000 0.69345500159 -1.41941570639
-1.00000000000 0.00000000000 2.04687500000 0.00250000000 0.69376775266 -1.42005586872
-1.00000000000 0.00000000000 2.04687500000 0.00375000000 0.69408545314 -1.42070616190
-1.00000000000 0.00000000000 2.04687500000 0.00500000000 0.69440811222 -1.42136660471
-1.00000000000 0.00000000000 2.04687500000 0.00625000000 0.69473573922 -1.42203721622
-1.00000000000 0.00000000000 2.04687500000 0.00750000000 0.69506834358 -1.42271801577
-1.00000000000 0.00000000000 2.04687500000 0.00875000000 0.69540593488 -1.42340902295
-1.00000000000 0.00000000000 2.06250000000 -0.01000000000 0.69087952182 -1.42493901376
-1.00000000000 0.00000000000 2.06250000000 -0.00875000000 0.69114592302 -1.42548846624
-1.00000000000 0.00000000000 2.06250000000 -0.00750000000 0.69141718155 -1.42604793695
-1.00000000000 0.00000000000 2.06250000000 -0.00625000000 0.69169330536 -1.42661744231
-1.00000000000 0.00000000000 2.06250000000 -0.00500000000 0.69197430254 -1.42719699899
-1.00000000000 0.00000000000 2.06250000000 -0.00375000000 0.69226018129 -1.42778662391
-1.00000000000 0.00000000000 2.06250000000 -0.00250000000 0.69255094994 -1.42838633425
-1.00000000000 0.00000000000 2.06250000000 -0.00125000000 0.69284661695 -1.42899614745
-1.00000000000 0.00000000000 2.06250000000 0.00000000000 0.69314719089 -1.42961608121
-1.00000000000 0.00000000000 2.06250000000 0.00125000000 0.69345268048 -1.43024615348
-1.00000000000 0.00000000000 2.06250000000 0.00250000000 0.69376309454 -1.43088638249
-1.00000000000 0.00000000000 2.06250000000 0.00375000000 0.69407844205 -1.43153678672
-1.00000000000 0.00000000000 2.06250000000 0.00500000000 0.69439873208 -1.43219738492
-1.00000000000 0.00000000000 2.06250000000 0.00625000000 0.69472397386 -1.43286819609
-1.00000000000 0.00000000000 2.06250000000 0.00750000000 0.69505417674 -1.43354923953
-1.00000000000 0.00000000000 2.06250000000 0.00875000000 0.69538935019 -1.43424053477
-1.00000000000 0.00000000000 2.07812500000 -0.01000000000 0.69089726026 -1.43577086897
-1.00000000000 0.00000000000 2.07812500000 -0.00875000000 0.69116149691 -1.43631998577
-1.00000000000 0.00000000000 2.07812500000 -0.00750000000 0.69143057599 -1.43687916574
-1.00000000000 0.00000000000 2.07812500000 -0.00625000000 0.69170450537 -1.43744842523
-1.00000000000 0.00000000000 2.07812500000 -0.00500000000 0.69198329305 -1.43802778087
-1.00000000000 0.00000000000 2.07812500000 -0.00375000000 0.69226694713 -1.43861724951
-1.00000000000 0.00000000000 2.07812500000 -0.00250000000 0.69255547587 -1.43921684829
-1.00000000000 0.00000000000 2.07812500000 -0.00125000000 0.69284888762 -1.43982659460
-1.00000000000 0.00000000000 2.07812500000 0.00000000000 0.69314719089 -1.44044650607
-1.00000000000 0.00000000000 2.07812500000 0.00125000000 0.69345039428 -1.44107660061
-1.00000000000 0.00000000000 2.07812500000 0.00250000000 0.69375850653 -1.44171689639
-1.00000000000 0.00000000000 2.07812500000 0.00375000000 0.69407153653 -1.44236741184
-1.00000000000 0.00000000000 2.07812500000 0.00500000000 0.69438949325 -1.44302816566
-1.00000000000 0.00000000000 2.07812500000 0.00625000000 0.69471238583 -1.44369917680
-1.00000000000 0.00000000000 2.07812500000 0.00750000000 0.69504022352 -1.44438046450
-1.00000000000 0.00000000000 2.07812500000 0.00875000000 0.69537301569 -1.44507204824
-1.00000000000 0.00000000000 2.09375000000 -0.01000000000 0.69091473488 -1.44660272615
-1.00000000000 0.00000000000 2.09375000000 -0.00875000000 0.69117683908 -1.44715150681
-1.00000000000 0.00000000000 2.09375000000 -0.00750000000 0.69144377105 -1.44771039564
-1.00000000000 0.00000000000 2.09375000000 -0.00625000000 0.69171553859 -1.44827940893
-1.00000000000 0.00000000000 2.09375000000 -0.00500000000 0.69199214961 -1.44885856324
-1.00000000000 0.00000000000 2.09375000000 -0.00375000000 0.69227361213 -1.44944787539
-1.00000000000 0.00000000000 2.09375000000 -0.00250000000 0.69255993431 -1.45004736246
-1.00000000000 0.00000000000 2.09375000000 -0.00125000000 0.69285112443 -1.45065704177
-1.00000000000 0.00000000000 2.09375000000 0.00000000000 0.69314719089 -1.45127693092
-1.00000000000 0.00000000000 2.09375000000 0.00125000000 0.69344814222 -1.45190704777
-1.00000000000 0.00000000000 2.09375000000 0.00250000000 0.69375398707 -1.45254741042
-1.00000000000 0.00000000000 2.09375000000 0.00375000000 0.69406473421 -1.45319803725
-1.00000000000 0.00000000000 2.09375000000 0.00500000000 0.69438039256 -1.45385894692
-1.00000000000 0.00000000000 2.09375000000 0.00625000000 0.69470097114 -1.45453015832
-1.00000000000 0.00000000000 2.09375000000 0.00750000000 0.69502647911 -1.45521169064
-1.00000000000 0.00000000000 2.09375000000 0.00875000000 0.69535692576 -1.45590356332
-1.00000000000 0.00000000000 2.10937500000 -0.01000000000 0.69093195153 -1.45743458525
-1.00000000000 0.00000000000 2.10937500000 -0.00875000000 0.69119195465 -1.45798302934
-1.00000000000 0.00000000000 2.10937500000 -0.00750000000 0.69145677115 -1.45854162663
-1.00000000000 0.00000000000 2.10937500000 -0.00625000000 0.69172640872 -1.45911039339
-1.00000000000 0.00000000000 2.10937500000 -0.00500000000 0.69200087519 -1.45968934611
-1.00000000000 0.00000000000 2.10937500000 -0.00375000000 0.69228017851 -1.46027850155
-1.00000000000 0.00000000000 2.10937500000 -0.00250000000 0.69256432676 -1.46087787675
-1.00000000000 0.00000000000 2.10937500000 -0.00125000000 0.69285332811 -1.46148748898
-1.00000000000 0.00000000000 2.10937500000 0.00000000000 0.69314719089 -1.46210735578
-1.00000000000 0.00000000000 2.10937500000 0.00125000000 0.69344592354 -1.46273749496
-1.00000000000 0.00000000000 2.10937500000 0.00250000000 0.69374953461 -1.46337792457
-1.00000000000 0.00000000000 2.10937500000 0.00375000000 0.69405803281 -1.46402866295
-1.00000000000 0.00000000000 2.10937500000 0.00500000000 0.69437142693 -1.46468972869
-1.00000000000 0.00000000000 2.10937500000 0.00625000000 0.69468972594 -1.46536114065
-1.00000000000 0.00000000000 2.10937500000 0.00750000000 0.69501293888 -1.46604291794
-1.00000000000 0.00000000000 2.10937500000 0.00875000000 0.69534107495 -1.46673507997
-1.00000000000 0.00000000000 2.12500000000 -0.01000000000 0.69094891588 -1.46826644624
-1.00000000000 0.00000000000 2.12500000000 -0.00875000000 0.69120684862 -1.46881455331
-1.00000000000 0.00000000000 2.12500000000 -0.00750000000 0.69146958056 -1.46937285870
-1.00000000000 0.00000000000 2.12500000000 -0.00625000000 0.69173711934 -1.46994137859
-1.00000000000 0.00000000000 2.12500000000 -0.00500000000 0.69200947268 -1.47052012945
-1.00000000000 0.00000000000 2.12500000000 -0.00375000000 0.69228664846 -1.47110912798
-1.00000000000 0.00000000000 2.12500000000 -0.00250000000 0.69256865466 -1.47170839116
-1.00000000000 0.00000000000 2.12500000000 -0.00125000000 0.69285549940 -1.47231793622
-1.00000000000 0.00000000000 2.12500000000 0.00000000000 0.69314719089 -1.47293778064
-1.00000000000 0.00000000000 2.12500000000 0.00125000000 0.69344373750 -1.47356794218
-1.00000000000 0.00000000000 2.12500000000 0.00250000000 0.69374514769 -1.47420843885
-1.00000000000 0.00000000000 2.12500000000 0.00375000000 0.69405143008 -1.47485928893
-1.00000000000 0.00000000000 2.12500000000 0.00500000000 0.69436259339 -1.47552051096
-1.00000000000 0.00000000000 2.12500000000 0.00625000000 0.69467864647 -1.47619212375
-1.00000000000 0.00000000000 2.12500000000 0.00750000000 0.69499959829 -1.47687414637
-1.00000000000 0.00000000000 2.12500000000 0.00875000000 0.69532545796 -1.47756659817
-1.00000000000 0.00000000000 2.14062500000 -0.01000000000 0.69096563343 -1.47909830906
-1.00000000000 0.00000000000 2.14062500000 -0.00875000000 0.69122152582 -1.47964607870
-1.00000000000 0.00000000000 2.14062500000 -0.00750000000 0.69148220347 -1.48020409181
-1.00000000000 0.00000000000 2.14062500000 -0.00625000000 0.69174767394 -1.48077236453
-1.00000000000 0.00000000000 2.14062500000 -0.00500000000 0.69201794488 -1.48135091326
-1.00000000000 0.00000000000 2.14062500000 -0.00375000000 0.69229302408 -1.48193975468
-1.00000000000 0.00000000000 2.14062500000 -0.00250000000 0.69257291945 -1.48253890569
-1.00000000000 0.00000000000 2.14062500000 -0.00125000000 0.69285763900 -1.48314838348
-1.00000000000 0.00000000000 2.14062500000 0.00000000000 0.69314719089 -1.48376820550
-1.00000000000 0.00000000000 2.14062500000 0.00125000000 0.69344158338 -1.48439838943
-1.00000000000 0.00000000000 2.14062500000 0.00250000000 0.69374082487 -1.48503895324
-1.00000000000 0.00000000000 2.14062500000 0.00375000000 0.69404492388 -1.48568991517
-1.00000000000 0.00000000000 2.14062500000 0.00500000000 0.69435388903 -1.48635129371
-1.00000000000 0.00000000000 2.14062500000 0.00625000000 0.69466772910 -1.48702310761
-1.00000000000 0.00000000000 2.14062500000 0.00750000000 0.69498645297 -1.48770537590
-1.00000000000 0.00000000000 2.14062500000 0.00875000000 0.69531006966 -1.48839811788
-1.00000000000 0.00000000000 2.15625000000 -0.01000000000 0.69098210954 -1.48993017369
-1.00000000000 0.00000000000 2.15625000000 -0.00875000000 0.69123599095 -1.49047760548
-1.00000000000 0.00000000000 2.15625000000 -0.00750000000 0.69149464391 -1.49103532594
-1.00000000000 0.00000000000 2.15625000000 -0.00625000000 0.69175807591 -1.49160335117
-1.00000000000 0.00000000000 2.15625000000 -0.00500000000 0.69202629451 -1.49218169753
-1.00000000000 0.00000000000 2.15625000000 -0.00375000000 0.69229930742 -1.49277038163
-1.00000000000 0.00000000000 2.15625000000 -0.00250000000 0.69257712247 -1.49336942034
-1.00000000000 0.00000000000 2.15625000000 -0.00125000000 0.69285974761 -1.49397883078
-1.00000000000 0.00000000000 2.15625000000 0.00000000000 0.69314719089 -1.49459863035
-1.00000000000 0.00000000000 2.15625000000 0.00125000000 0.69343946050 -1.49522883671
-1.00000000000 0.00000000000 2.15625000000 0.00250000000 0.69373656476 -1.49586946776
-1.00000000000 0.00000000000 2.15625000000 0.00375000000 0.69403851209 -1.49652054169
-1.00000000000 0.00000000000 2.15625000000 0.00500000000 0.69434531104 -1.49718207694
-1.00000000000 0.00000000000 2.15625000000 0.00625000000 0.69465697030 -1.49785409222
-1.00000000000 0.00000000000 2.15625000000 0.00750000000 0.69497349867 -1.49853660651
-1.00000000000 0.00000000000 2.15625000000 0.00875000000 0.69529490507 -1.49922963906
-1.00000000000 0.00000000000 2.17187500000 -0.01000000000 0.69099834939 -1.50076204008
-1.00000000000 0.00000000000 2.17187500000 -0.00875000000 0.69125024857 -1.50130913361
-1.00000000000 0.00000000000 2.17187500000 -0.00750000000 0.69150690582 -1.50186656107
-1.00000000000 0.00000000000 2.17187500000 -0.00625000000 0.69176832853 -1.50243433852
-1.00000000000 0.00000000000 2.17187500000 -0.00500000000 0.69203452420 -1.50301248225
-1.00000000000 0.00000000000 2.17187500000 -0.00375000000 0.69230550047 -1.50360100884
-1.00000000000 0.00000000000 2.17187500000 -0.00250000000 0.69258126508 -1.50419993509
-1.00000000000 0.00000000000 2.17187500000 -0.00125000000 0.69286182589 -1.50480927811
-1.00000000000 0.00000000000 2.17187500000 0.00000000000 0.69314719089 -1.50542905521
-1.00000000000 0.00000000000 2.17187500000 0.00125000000 0.69343736818 -1.50605928402
-1.00000000000 0.00000000000 2.17187500000 0.00250000000 0.69373236599 -1.50669998239
-1.00000000000 0.00000000000 2.17187500000 0.00375000000 0.69403219267 -1.50735116846
-1.00000000000 0.00000000000 2.17187500000 0.00500000000 0.69433685669 -1.50801286063
-1.00000000000 0.00000000000 2.17187500000 0.00625000000 0.69464636664 -1.50868507756
-1.00000000000 0.00000000000 2.17187500000 0.00750000000 0.69496073125 -1.50936783817
-1.00000000000 0.00000000000 2.17187500000 0.00875000000 0.69527995934 -1.51006116168
-1.00000000000 0.00000000000 2.18750000000 -0.01000000000 0.69101435803 -1.51159390819
-1.00000000000 0.00000000000 2.18750000000 -0.00875000000 0.69126430311 -1.51214066306
-1.00000000000 0.00000000000 2.18750000000 -0.00750000000 0.69151899300 -1.51269779718
-1.00000000000 0.00000000000 2.18750000000 -0.00625000000 0.69177843499 -1.51326532654
-1.00000000000 0.00000000000 2.18750000000 -0.00500000000 0.69204263653 -1.51384326741
-1.00000000000 0.00000000000 2.18750000000 -0.00375000000 0.69231160516 -1.51443163629
-1.00000000000 0.00000000000 2.18750000000 -0.00250000000 0.69258534855 -1.51503044996
-1.00000000000 0.00000000000 2.18750000000 -0.00125000000 0.69286387449 -1.51563972546
-1.00000000000 0.00000000000 2.18750000000 0.00000000000 0.69314719089 -1.51625948007
-1.00000000000 0.00000000000 2.18750000000 0.00125000000 0.69343530576 -1.51688973135
-1.00000000000 0.00000000000 2.18750000000 0.00250000000 0.69372822726 -1.51753049713
-1.00000000000 0.00000000000 2.18750000000 0.00375000000 0.69402596365 -1.51818179549
-1.00000000000 0.00000000000 2.18750000000 0.00500000000 0.69432852333 -1.51884364478
-1.00000000000 0.00000000000 2.18750000000 0.00625000000 0.69463591479 -1.51951606361
-1.00000000000 0.00000000000 2.18750000000 0.00750000000 0.69494814668 -1.52019907087
-1.00000000000 0.00000000000 2.18750000000 0.00875000000 0.69526522776 -1.52089268572
-1.00000000000 0.00000000000 2.20312500000 -0.01000000000 0.69103014037 -1.52242577800
-1.00000000000 0.00000000000 2.20312500000 -0.00875000000 0.69127815890 -1.52297219382
-1.00000000000 0.00000000000 2.20312500000 -0.00750000000 0.69153090916 -1.52352903425
-1.00000000000 0.00000000000 2.20312500000 -0.00625000000 0.69178839841 -1.52409631524
-1.00000000000 0.00000000000 2.20312500000 -0.00500000000 0.69205063398 -1.52467405300
-1.00000000000 0.00000000000 2.20312500000 -0.00375000000 0.69231762337 -1.52526226399
-1.00000000000 0.00000000000 2.20312500000 -0.00250000000 0.69258937416 -1.52586096494
-1.00000000000 0.00000000000 2.20312500000 -0.00125000000 0.69286589405 -1.52647017284
-1.00000000000 0.00000000000 2.20312500000 0.00000000000 0.69314719089 -1.52708990493
-1.00000000000 0.00000000000 2.20312500000 0.00125000000 0.69343327261 -1.52772017872
-1.00000000000 0.00000000000 2.20312500000 0.00250000000 0.69372414728 -1.52836101199
-1.00000000000 0.00000000000 2.20312500000 0.00375000000 0.69401982310 -1.52901242277
-1.00000000000 0.00000000000 2.20312500000 0.00500000000 0.69432030837 -1.52967442937
-1.00000000000 0.00000000000 2.20312500000 0.00625000000 0.69462561151 -1.53034705036
-1.00000000000 0.00000000000 2.20312500000 0.00750000000 0.69493574109 -1.53103030458
-1.00000000000 0.00000000000 2.20312500000 0.00875000000 0.69525070577 -1.53172421114
-1.00000000000 0.00000000000 2.21875000000 -0.01000000000 0.69104570116 -1.53325764945
-1.00000000000 0.00000000000 2.21875000000 -0.00875000000 0.69129182010 -1.53380372584
-1.00000000000 0.00000000000 2.21875000000 -0.00750000000 0.69154265792 -1.53436027225
-1.00000000000 0.00000000000 2.21875000000 -0.00625000000 0.69179822179 -1.53492730459
-1.00000000000 0.00000000000 2.21875000000 -0.00500000000 0.69205851899 -1.53550483901
-1.00000000000 0.00000000000 2.21875000000 -0.00375000000 0.69232355692 -1.53609289193
-1.00000000000 0.00000000000 2.21875000000 -0.00250000000 0.69259334311 -1.53669148002
-1.00000000000 0.00000000000 2.21875000000 -0.00125000000 0.69286788518 -1.53730062024
-1.00000000000 0.00000000000 2.21875000000 0.00000000000 0.69314719089 -1.53792032978
-1.00000000000 0.00000000000 2.21875000000 0.00125000000 0.69343126811 -1.53855062611
-1.00000000000 0.00000000000 2.21875000000 0.00250000000 0.69372012482 -1.53919152695
-1.00000000000 0.00000000000 2.21875000000 0.00375000000 0.69401376914 -1.53984305029
-1.00000000000 0.00000000000 2.21875000000 0.00500000000 0.69431220931 -1.54050521440
-1.00000000000 0.00000000000 2.21875000000 0.00625000000 0.69461545365 -1.54117803779
-1.00000000000 0.00000000000 2.21875000000 0.00750000000 0.69492351066 -1.54186153928
-1.00000000000 0.00000000000 2.21875000000 0.00875000000 0.69523638892 -1.54255573791
-1.00000000000 0.00000000000 2.23437500000 -0.01000000000 0.69106104505 -1.54408952252
-1.00000000000 0.00000000000 2.23437500000 -0.00875000000 0.69130529079 -1.54463525911
-1.00000000000 0.00000000000 2.23437500000 -0.00750000000 0.69155424277 -1.54519151118
-1.00000000000 0.00000000000 2.23437500000 -0.00625000000 0.69180790806 -1.54575829458
-1.00000000000 0.00000000000 2.23437500000 -0.00500000000 0.69206629390 -1.54633562543
-1.00000000000 0.00000000000 2.23437500000 -0.00375000000 0.69232940759 -1.54692352009
-1.00000000000 0.00000000000 2.23437500000 -0.00250000000 0.69259725660 -1.54752199521
-1.00000000000 0.00000000000 2.23437500000 -0.00125000000 0.69286984847 -1.54813106768
-1.00000000000 0.00000000000 2.23437500000 0.00000000000 0.69314719089 -1.54875075464
-1.00000000000 0.00000000000 2.23437500000 0.00125000000 0.69342929165 -1.54938107353
-1.00000000000 0.00000000000 2.23437500000 0.00250000000 0.69371615866 -1.55002204201
-1.00000000000 0.00000000000 2.23437500000 0.00375000000 0.69400779997 -1.55067367805
-1.00000000000 0.00000000000 2.23437500000 0.00500000000 0.69430422371 -1.55133599985
-1.00000000000 0.00000000000 2.23437500000 0.00625000000 0.69460543817 -1.55200902590
-1.00000000000 0.00000000000 2.23437500000 0.00750000000 0.69491145172 -1.55269277495
-1.00000000000 0.00000000000 2.23437500000 0.00875000000 0.69522227290 -1.55338726601
-1.00000000000 0.00000000000 2.25000000000 -0.01000000000 0.69107617653 -1.55492139718
-1.00000000000 0.00000000000 2.25000000000 -0.00875000000 0.69131857493 -1.55546679360
-1.00000000000 0.00000000000 2.25000000000 -0.00750000000 0.69156566711 -1.55602275100
-1.00000000000 0.00000000000 2.25000000000 -0.00625000000 0.69181746009 -1.55658928520
-1.00000000000 0.00000000000 2.25000000000 -0.00500000000 0.69207396100 -1.55716641225
-1.00000000000 0.00000000000 2.25000000000 -0.00375000000 0.69233517711 -1.55775414849
-1.00000000000 0.00000000000 2.25000000000 -0.00250000000 0.69260111578 -1.55835251050
-1.00000000000 0.00000000000 2.25000000000 -0.00125000000 0.69287178450 -1.55896151513
-1.00000000000 0.00000000000 2.25000000000 0.00000000000 0.69314719089 -1.55958117950
-1.00000000000 0.00000000000 2.25000000000 0.00125000000 0.69342734265 -1.56021152097
-1.00000000000 0.00000000000 2.25000000000 0.00250000000 0.69371224764 -1.56085255718
-1.00000000000 0.00000000000 2.25000000000 0.00375000000 0.69400191380 -1.56150430605
-1.00000000000 0.00000000000 2.25000000000 0.00500000000 0.69429634921 -1.56216678572
-1.00000000000 0.00000000000 2.25000000000 0.00625000000 0.69459556207 -1.56284001466
-1.00000000000 0.00000000000 2.25000000000 0.00750000000 0.69489956069 -1.56352401156
-1.00000000000 0.00000000000 2.25000000000 0.00875000000 0.69520835351 -1.56421879540
-1.00000000000 0.00000000000 2.26562500000 -0.01000000000 0.69109109998 -1.56575327339
-1.00000000000 0.00000000000 2.26562500000 -0.00875000000 0.69133167637 -1.56629832928
-1.00000000000 0.00000000000 2.26562500000 -0.00750000000 0.69157693427 -1.56685399171
-1.00000000000 0.00000000000 2.26562500000 -0.00625000000 0.69182688063 -1.56742027643
-1.00000000000 0.00000000000 2.26562500000 -0.00500000000 0.69208152252 -1.56799719947
-1.00000000000 0.00000000000 2.26562500000 -0.00375000000 0.69234086714 -1.56858477711
-1.00000000000 0.00000000000 2.26562500000 -0.00250000000 0.69260492177 -1.56918302589
-1.00000000000 0.00000000000 2.26562500000 -0.00125000000 0.69287369384 -1.56979196262
-1.00000000000 0.00000000000 2.26562500000 0.00000000000 0.69314719089 -1.57041160436
-1.00000000000 0.00000000000 2.26562500000 0.00125000000 0.69342542055 -1.57104196844
-1.00000000000 0.00000000000 2.26562500000 0.00250000000 0.69370839060 -1.57168307246
-1.00000000000 0.00000000000 2.26562500000 0.00375000000 0.69399610892 -1.57233493427
-1.00000000000 0.00000000000 2.26562500000 0.00500000000 0.69428858351 -1.57299757201
-1.00000000000 0.00000000000 2.26562500000 0.00625000000 0.69458582248 -1.57367100406
-1.00000000000 0.00000000000 2.26562500000 0.00750000000 0.69488783409 -1.57435524911
-1.00000000000 0.00000000000 2.26562500000 0.00875000000 0.69519462668 -1.57505032607
-1.00000000000 0.00000000000 2.28125000000 -0.01000000000 0.69110581967 -1.57658515112
-1.00000000000 0.00000000000 2.28125000000 -0.00875000000 0.69134459885 -1.57712986613
-1.00000000000 0.00000000000 2.28125000000 -0.00750000000 0.69158804746 -1.57768523327
-1.00000000000 0.00000000000 2.28125000000 -0.00625000000 0.69183617239 -1.57825126826
-1.00000000000 0.00000000000 2.28125000000 -0.00500000000 0.69208898063 -1.57882798707
-1.00000000000 0.00000000000 2.28125000000 -0.00375000000 0.69234647932 -1.57941540594
-1.00000000000 0.00000000000 2.28125000000 -0.00250000000 0.69260867567 -1.58001354138
-1.00000000000 0.00000000000 2.28125000000 -0.00125000000 0.69287557704 -1.58062241013
-1.00000000000 0.00000000000 2.28125000000 0.00000000000 0.69314719089 -1.58124202921
-1.00000000000 0.00000000000 2.28125000000 0.00125000000 0.69342352479 -1.58187241593
-1.00000000000 0.00000000000 2.28125000000 0.00250000000 0.69370458644 -1.58251358783
-1.00000000000 0.00000000000 2.28125000000 0.00375000000 0.69399038366 -1.58316556272
-1.00000000000 0.00000000000 2.28125000000 0.00500000000 0.69428092436 -1.58382835869
-1.00000000000 0.00000000000 2.28125000000 0.00625000000 0.69457621659 -1.58450199410
-1.00000000000 0.00000000000 2.28125000000 0.00750000000 0.69487626852 -1.58518648756
-1.00000000000 0.00000000000 2.28125000000 0.00875000000 0.69518108843 -1.58588185797
-1.00000000000 0.00000000000 2.29687500000 -0.01000000000 0.69112033974 -1.58741703034
-1.00000000000 0.00000000000 2.29687500000 -0.00875000000 0.69135734601 -1.58796140413
-1.00000000000 0.00000000000 2.29687500000 -0.00750000000 0.69159900982 -1.58851647568
-1.00000000000 0.00000000000 2.29687500000 -0.00625000000 0.69184533798 -1.58908226068
-1.00000000000 0.00000000000 2.29687500000 -0.00500000000 0.69209633744 -1.58965877506
-1.00000000000 0.00000000000 2.29687500000 -0.00375000000 0.69235201524 -1.59024603500
-1.00000000000 0.00000000000 2.29687500000 -0.00250000000 0.69261237854 -1.59084405696
-1.00000000000 0.00000000000 2.29687500000 -0.00125000000 0.69287743463 -1.59145285766
-1.00000000000 0.00000000000 2.29687500000 0.00000000000 0.69314719089 -1.59207245407
-1.00000000000 0.00000000000 2.29687500000 0.00125000000 0.69342165483 -1.59270286345
-1.00000000000 0.00000000000 2.29687500000 0.00250000000 0.69370083409 -1.59334410329
-1.00000000000 0.00000000000 2.29687500000 0.00375000000 0.69398473639 -1.59399619139
-1.00000000000 0.00000000000 2.29687500000 0.00500000000 0.69427336958 -1.59465914576
-1.00000000000 0.00000000000 2.29687500000 0.00625000000 0.69456674166 -1.59533298474
-1.00000000000 0.00000000000 2.29687500000 0.00750000000 0.69486486069 -1.59601772690
-1.00000000000 0.00000000000 2.29687500000 0.00875000000 0.69516773490 -1.59671339110
-1.00000000000 0.00000000000 2.31250000000 -0.01000000000 0.69113466422 -1.59824891102
-1.00000000000 0.00000000000 2.31250000000 -0.00875000000 0.69136992140 -1.59879294324
-1.00000000000 0.00000000000 2.31250000000 -0.00750000000 0.69160982440 -1.59934771892
-1.00000000000 0.00000000000 2.31250000000 -0.00625000000 0.69185437997 -1.59991325368
-1.00000000000 0.00000000000 2.31250000000 -0.00500000000 0.69210359499 -1.60048956341
-1.00000000000 0.00000000000 2.31250000000 -0.00375000000 0.69235747644 -1.60107666426
-1.00000000000 0.00000000000 2.31250000000 -0.00250000000 0.69261603141 -1.60167457263
-1.00000000000 0.00000000000 2.31250000000 -0.00125000000 0.69287926712 -1.60228330521
-1.00000000000 0.00000000000 2.31250000000 0.00000000000 0.69314719089 -1.60290287893
-1.00000000000 0.00000000000 2.31250000000 0.00125000000 0.69341981016 -1.60353331099
-1.00000000000 0.00000000000 2.31250000000 0.00250000000 0.69369713248 -1.60417461886
-1.00000000000 0.00000000000 2.31250000000 0.00375000000 0.69397916552 -1.60482682027
-1.00000000000 0.00000000000 2.31250000000 0.00500000000 0.69426591707 -1.60548993322
-1.00000000000 0.00000000000 2.31250000000 0.00625000000 0.69455739503 -1.60616397600
-1.00000000000 0.00000000000 2.31250000000 0.00750000000 0.69485360740 -1.60684896712
-1.00000000000 0.00000000000 2.31250000000 0.00875000000 0.69515456234 -1.60754492542
-1.00000000000 0.00000000000 2.32812500000 -0.01000000000 0.69114879705 -1.60908079312
-1.00000000000 0.00000000000 2.32812500000 -0.00875000000 0.69138232847 -1.60962448346
-1.00000000000 0.00000000000 2.32812500000 -0.00750000000 0.69162049416 -1.61017896297
-1.00000000000 0.00000000000 2.32812500000 -0.00625000000 0.69186330083 -1.61074424725
-1.00000000000 0.00000000000 2.32812500000 -0.00500000000 0.69211075528 -1.61132035213
-1.00000000000 0.00000000000 2.32812500000 -0.00375000000 0.69236286442 -1.61190729372
-1.00000000000 0.00000000000 2.32812500000 -0.00250000000 0.69261963529 -1.61250508840
-1.00000000000 0.00000000000 2.32812500000 -0.00125000000 0.69288107502 -1.61311375279
-1.00000000000 0.00000000000 2.32812500000 0.00000000000 0.69314719089 -1.61373330379
-1.00000000000 0.00000000000 2.32812500000 0.00125000000 0.69341799025 -1.61436375855
-1.00000000000 0.00000000000 2.32812500000 0.00250000000 0.69369348060 -1.61500513451
-1.00000000000 0.00000000000 2.32812500000 0.00375000000 0.69397366953 -1.61565744936
-1.00000000000 0.00000000000 2.32812500000 0.00500000000 0.69425856475 -1.61632072106
-1.00000000000 0.00000000000 2.32812500000 0.00625000000 0.69454817411 -1.61699496784
-1.00000000000 0.00000000000 2.32812500000 0.00750000000 0.69484250553 -1.61768020820
-1.00000000000 0.00000000000 2.32812500000 0.00875000000 0.69514156710 -1.61837646091
-1.00000000000 0.00000000000 2.34375000000 -0.01000000000 0.69116274203 -1.61991267663
-1.00000000000 0.00000000000 2.34375000000 -0.00875000000 0.69139457056 -1.62045602476
-1.00000000000 0.00000000000 2.34375000000 -0.00750000000 0.69163102200 -1.62101020782
-1.00000000000 0.00000000000 2.34375000000 -0.00625000000 0.69187210298 -1.62157524137
-1.00000000000 0.00000000000 2.34375000000 -0.00500000000 0.69211782025 -1.62215114120
-1.00000000000 0.00000000000 2.34375000000 -0.00375000000 0.69236818065 -1.62273792339
-1.00000000000 0.00000000000 2.34375000000 -0.00250000000 0.69262319115 -1.62333560426
-1.00000000000 0.00000000000 2.34375000000 -0.00125000000 0.69288285883 -1.62394420039
-1.00000000000 0.00000000000 2.34375000000 0.00000000000 0.69314719089 -1.62456372865
-1.00000000000 0.00000000000 2.34375000000 0.00125000000 0.69341619462 -1.62519420614
-1.00000000000 0.00000000000 2.34375000000 0.00250000000 0.69368987745 -1.62583565026
-1.00000000000 0.00000000000 2.34375000000 0.00375000000 0.69396824690 -1.62648807866
-1.00000000000 0.00000000000 2.34375000000 0.00500000000 0.69425131062 -1.62715150927
-1.00000000000 0.00000000000 2.34375000000 0.00625000000 0.69453907638 -1.62782596026
-1.00000000000 0.00000000000 2.34375000000 0.00750000000 0.69483155205 -1.62851145011
-1.00000000000 0.00000000000 2.34375000000 0.00875000000 0.69512874562 -1.62920799754
-1.00000000000 0.00000000000 2.35937500000 -0.01000000000 0.69117650289 -1.63074456151
-1.00000000000 0.00000000000 2.35937500000 -0.00875000000 0.69140665096 -1.63128756711
-1.00000000000 0.00000000000 2.35937500000 -0.00750000000 0.69164141073 -1.63184145345
-1.00000000000 0.00000000000 2.35937500000 -0.00625000000 0.69188078878 -1.63240623603
-1.00000000000 0.00000000000 2.35937500000 -0.00500000000 0.69212479179 -1.63298193063
-1.00000000000 0.00000000000 2.35937500000 -0.00375000000 0.69237342655 -1.63356855326
-1.00000000000 0.00000000000 2.35937500000 -0.00250000000 0.69262669995 -1.63416612020
-1.00000000000 0.00000000000 2.35937500000 -0.00125000000 0.69288461903 -1.63477464801
-1.00000000000 0.00000000000 2.35937500000 0.00000000000 0.69314719089 -1.63539415350
-1.00000000000 0.00000000000 2.35937500000 0.00125000000 0.69341442278 -1.63602465375
-1.00000000000 0.00000000000 2.35937500000 0.00250000000 0.69368632206 -1.63666616610
-1.00000000000 0.00000000000 2.35937500000 0.00375000000 0.69396289618 -1.63731870817
-1.00000000000 0.00000000000 2.35937500000 0.00500000000 0.69424415272 -1.63798229783
-1.00000000000 0.00000000000 2.35937500000 0.00625000000 0.69453009939 -1.63865695325
-1.00000000000 0.00000000000 2.35937500000 0.00750000000 0.69482074399 -1.63934269284
-1.00000000000 0.00000000000 2.35937500000 0.00875000000 0.69511609443 -1.64003953530
-1.00000000000 0.00000000000 2.37500000000 -0.01000000000 0.69119008326 -1.64157644774
-1.00000000000 0.00000000000 2.37500000000 -0.00875000000 0.69141857284 -1.64211911049
-1.00000000000 0.00000000000 2.37500000000 -0.00750000000 0.69165166309 -1.64267269983
-1.00000000000 0.00000000000 2.37500000000 -0.00625000000 0.69188936052 -1.64323723123
-1.00000000000 0.00000000000 2.37500000000 -0.00500000000 0.69213167175 -1.64381272040
-1.00000000000 0.00000000000 2.37500000000 -0.00375000000 0.69237860350 -1.64439918332
-1.00000000000 0.00000000000 2.37500000000 -0.00250000000 0.69263016262 -1.64499663623
-1.00000000000 0.00000000000 2.37500000000 -0.00125000000 0.69288635607 -1.64560509566
-1.00000000000 0.00000000000 2.37500000000 0.00000000000 0.69314719089 -1.64622457836
-1.00000000000 0.00000000000 2.37500000000 0.00125000000 0.69341267427 -1.64685510138
-1.00000000000 0.00000000000 2.37500000000 0.00250000000 0.69368281349 -1.64749668203
-1.00000000000 0.00000000000 2.37500000000 0.00375000000 0.69395761595 -1.64814933787
-1.00000000000 0.00000000000 2.37500000000 0.00500000000 0.69423708916 -1.64881308676
-1.00000000000 0.00000000000 2.37500000000 0.00625000000 0.69452124076 -1.64948794680
-1.00000000000 0.00000000000 2.37500000000 0.00750000000 0.69481007848 -1.65017393638
-1.00000000000 0.00000000000 2.37500000000 0.00875000000 0.69510361017 -1.65087107416
-1.00000000000 0.00000000000 2.39062500000 -0.01000000000 0.69120348666 -1.65240833529
-1.00000000000 0.00000000000 2.39062500000 -0.00875000000 0.69143033930 -1.65295065489
-1.00000000000 0.00000000000 2.39062500000 -0.00750000000 0.69166178174 -1.65350394697
-1.00000000000 0.00000000000 2.39062500000 -0.00625000000 0.69189782042 -1.65406822695
-1.00000000000 0.00000000000 2.39062500000 -0.00500000000 0.69213846191 -1.65464351050
-1.00000000000 0.00000000000 2.39062500000 -0.00375000000 0.69238371286 -1.65522981356
-1.00000000000 0.00000000000 2.39062500000 -0.00250000000 0.69263358007 -1.65582715235
-1.00000000000 0.00000000000 2.39062500000 -0.00125000000 0.69288807041 -1.65643554332
-1.00000000000 0.00000000000 2.39062500000 0.00000000000 0.69314719089 -1.65705500322
-1.00000000000 0.00000000000 2.39062500000 0.00125000000 0.69341094862 -1.65768554903
-1.00000000000 0.00000000000 2.39062500000 0.00250000000 0.69367935081 -1.65832719804
-1.00000000000 0.00000000000 2.39062500000 0.00375000000 0.69395240482 -1.65897996777
-1.00000000000 0.00000000000 2.39062500000 0.00500000000 0.69423011808 -1.65964387603
-1.00000000000 0.00000000000 2.39062500000 0.00625000000 0.69451249815 -1.66031894089
-1.00000000000 0.00000000000 2.39062500000 0.00750000000 0.69479955271 -1.66100518071
-1.00000000000 0.00000000000 2.39062500000 0.00875000000 0.69509128956 -1.66170261410
-1.00000000000 0.00000000000 2.40625000000 -0.01000000000 0.69121671652 -1.66324022413
-1.00000000000 0.00000000000 2.40625000000 -0.00875000000 0.69144195337 -1.66378220029
-1.00000000000 0.00000000000 2.40625000000 -0.00750000000 0.69167176929 -1.66433519484
-1.00000000000 0.00000000000 2.40625000000 -0.00625000000 0.69190617067 -1.66489922318
-1.00000000000 0.00000000000 2.40625000000 -0.00500000000 0.69214516402 -1.66547430093
-1.00000000000 0.00000000000 2.40625000000 -0.00375000000 0.69238875595 -1.66606044400
-1.00000000000 0.00000000000 2.40625000000 -0.00250000000 0.69263695316 -1.66665766855
-1.00000000000 0.00000000000 2.40625000000 -0.00125000000 0.69288976250 -1.66726599101
-1.00000000000 0.00000000000 2.40625000000 0.00000000000 0.69314719089 -1.66788542808
-1.00000000000 0.00000000000 2.40625000000 0.00125000000 0.69340924539 -1.66851599671
-1.00000000000 0.00000000000 2.40625000000 0.00250000000 0.69367593315 -1.66915771414
-1.00000000000 0.00000000000 2.40625000000 0.00375000000 0.69394726145 -1.66981059786
-1.00000000000 0.00000000000 2.40625000000 0.00500000000 0.69422323767 -1.67047466564
-1.00000000000 0.00000000000 2.40625000000 0.00625000000 0.69450386931 -1.67114993552
-1.00000000000 0.00000000000 2.40625000000 0.00750000000 0.69478916397 -1.67183642581
-1.00000000000 0.00000000000 2.40625000000 0.00875000000 0.69507912939 -1.67253415509
-1.00000000000 0.00000000000 2.42187500000 -0.01000000000 0.69122977620 -1.67407211424
-1.00000000000 0.00000000000 2.42187500000 -0.00875000000 0.69145341798 -1.67461374666
-1.00000000000 0.00000000000 2.42187500000 -0.00750000000 0.69168162826 -1.67516644344
-1.00000000000 0.00000000000 2.42187500000 -0.00625000000 0.69191441338 -1.67573021991
-1.00000000000 0.00000000000 2.42187500000 -0.00500000000 0.69215177979 -1.67630509169
-1.00000000000 0.00000000000 2.42187500000 -0.00375000000 0.69239373404 -1.67689107462
-1.00000000000 0.00000000000 2.42187500000 -0.00250000000 0.69264028277 -1.67748818483
-1.00000000000 0.00000000000 2.42187500000 -0.00125000000 0.69289143276 -1.67809643872
-1.00000000000 0.00000000000 2.42187500000 0.00000000000 0.69314719089 -1.67871585293
-1.00000000000 0.00000000000 2.42187500000 0.00125000000 0.69340756414 -1.67934644440
-1.00000000000 0.00000000000 2.42187500000 0.00250000000 0.69367255961 -1.67998823032
-1.00000000000 0.00000000000 2.42187500000 0.00375000000 0.69394218452 -1.68064122813
-1.00000000000 0.00000000000 2.42187500000 0.00500000000 0.69421644618 -1.68130545558
-1.00000000000 0.00000000000 2.42187500000 0.00625000000 0.69449535202 -1.68198093067
-1.00000000000 0.00000000000 2.42187500000 0.00750000000 0.69477890959 -1.68266767167
-1.00000000000 0.00000000000 2.42187500000 0.00875000000 0.69506712656 -1.68336569713
-1.00000000000 0.00000000000 2.43750000000 -0.01000000000 0.69124266896 -1.68490400560
-1.00000000000 0.00000000000 2.43750000000 -0.00875000000 0.69146473599 -1.68544529399
-1.00000000000 0.00000000000 2.43750000000 -0.00750000000 0.69169136112 -1.68599769274
-1.00000000000 0.00000000000 2.43750000000 -0.00625000000 0.69192255062 -1.68656121714
-1.00000000000 0.00000000000 2.43750000000 -0.00500000000 0.69215831087 -1.68713588276
-1.00000000000 0.00000000000 2.43750000000 -0.00375000000 0.69239864837 -1.68772170541
-1.00000000000 0.00000000000 2.43750000000 -0.00250000000 0.69264356972 -1.68831870119
-1.00000000000 0.00000000000 2.43750000000 -0.00125000000 0.69289308162 -1.68892688644
-1.00000000000 0.00000000000 2.43750000000 0.00000000000 0.69314719089 -1.68954627779
-1.00000000000 0.00000000000 2.43750000000 0.00125000000 0.69340590446 -1.69017689212
-1.00000000000 0.00000000000 2.43750000000 0.00250000000 0.69366922936 -1.69081874658
-1.00000000000 0.00000000000 2.43750000000 0.00375000000 0.69393717276 -1.69147185859
-1.00000000000 0.00000000000 2.43750000000 0.00500000000 0.69420974189 -1.69213624586
-1.00000000000 0.00000000000 2.43750000000 0.00625000000 0.69448694414 -1.69281192634
-1.00000000000 0.00000000000 2.43750000000 0.00750000000 0.69476878699 -1.69349891828
-1.00000000000 0.00000000000 2.43750000000 0.00875000000 0.69505527802 -1.69419724018
-1.00000000000 0.00000000000 2.45312500000 -0.01000000000 0.69125539798 -1.69573589818
-1.00000000000 0.00000000000 2.45312500000 -0.00875000000 0.69147591022 -1.69627684226
-1.00000000000 0.00000000000 2.45312500000 -0.00750000000 0.69170097028 -1.69682894273
-1.00000000000 0.00000000000 2.45312500000 -0.00625000000 0.69193058440 -1.69739221485
-1.00000000000 0.00000000000 2.45312500000 -0.00500000000 0.69216475888 -1.69796667414
-1.00000000000 0.00000000000 2.45312500000 -0.00375000000 0.69240350018 -1.69855233638
-1.00000000000 0.00000000000 2.45312500000 -0.00250000000 0.69264681483 -1.69914921763
-1.00000000000 0.00000000000 2.45312500000 -0.00125000000 0.69289470948 -1.69975733419
-1.00000000000 0.00000000000 2.45312500000 0.00000000000 0.69314719089 -1.70037670265
-1.00000000000 0.00000000000 2.45312500000 0.00125000000 0.69340426593 -1.70100733985
-1.00000000000 0.00000000000 2.45312500000 0.00250000000 0.69366594157 -1.70164926292
-1.00000000000 0.00000000000 2.45312500000 0.00375000000 0.69393222491 -1.70230248923
-1.00000000000 0.00000000000 2.45312500000 0.00500000000 0.69420312314 -1.70296703645
-1.00000000000 0.00000000000 2.45312500000 0.00625000000 0.69447864357 -1.70364292251
-1.00000000000 0.00000000000 2.45312500000 0.00750000000 0.69475879363 -1.70433016561
-1.00000000000 0.00000000000 2.45312500000 0.00875000000 0.69504358083 -1.70502878423
-1.00000000000 0.00000000000 2.46875000000 -0.01000000000 0.69126796636 -1.70656779195
-1.00000000000 0.00000000000 2.46875000000 -0.00875000000 0.69148694337 -1.70710839145
-1.00000000000 0.00000000000 2.46875000000 -0.00750000000 0.69171045809 -1.70766019340
-1.00000000000 0.00000000000 2.46875000000 -0.00625000000 0.69193851667 -1.70822321303
-1.00000000000 0.00000000000 2.46875000000 -0.00500000000 0.69217112540 -1.70879746583
-1.00000000000 0.00000000000 2.46875000000 -0.00375000000 0.69240829064 -1.70938296753
-1.00000000000 0.00000000000 2.46875000000 -0.00250000000 0.69265001889 -1.70997973415
-1.00000000000 0.00000000000 2.46875000000 -0.00125000000 0.69289631674 -1.71058778196
-1.00000000000 0.00000000000 2.46875000000 0.00000000000 0.69314719089 -1.71120712751
-1.00000000000 0.00000000000 2.46875000000 0.00125000000 0.69340264814 -1.71183778761
-1.00000000000 0.00000000000 2.46875000000 0.00250000000 0.69366269543 -1.71247977934
-1.00000000000 0.00000000000 2.46875000000 0.00375000000 0.69392733977 -1.71313312005
-1.00000000000 0.00000000000 2.46875000000 0.00500000000 0.69419658830 -1.71379782736
-1.00000000000 0.00000000000 2.46875000000 0.00625000000 0.69447044828 -1.71447391918
-1.00000000000 0.00000000000 2.46875000000 0.00750000000 0.69474892705 -1.71516141366
-1.00000000000 0.00000000000 2.46875000000 0.00875000000 0.69503203210 -1.71586032926
-1.00000000000 0.00000000000 2.48437500000 -0.01000000000 0.69128037712 -1.71739968691
-1.00000000000 0.00000000000 2.48437500000 -0.00875000000 0.69149783810 -1.71793994154
-1.00000000000 0.00000000000 2.48437500000 -0.00750000000 0.69171982681 -1.71849144474
-1.00000000000 0.00000000000 2.48437500000 -0.00625000000 0.69194634936 -1.71905421168
-1.00000000000 0.00000000000 2.48437500000 -0.00500000000 0.69217741195 -1.71962825781
-1.00000000000 0.00000000000 2.48437500000 -0.00375000000 0.69241302092 -1.72021359884
-1.00000000000 0.00000000000 2.48437500000 -0.00250000000 0.69265318269 -1.72081025074
-1.00000000000 0.00000000000 2.48437500000 -0.00125000000 0.69289790380 -1.72141822974
-1.00000000000 0.00000000000 2.48437500000 0.00000000000 0.69314719089 -1.72203755236
-1.00000000000 0.00000000000 2.48437500000 0.00125000000 0.69340105072 -1.72266823538
-1.00000000000 0.00000000000 2.48437500000 0.00250000000 0.69365949015 -1.72331029583
-1.00000000000 0.00000000000 2.48437500000 0.00375000000 0.69392251614 -1.72396375104
-1.00000000000 0.00000000000 2.48437500000 0.00500000000 0.69419013578 -1.72462861858
-1.00000000000 0.00000000000 2.48437500000 0.00625000000 0.69446235626 -1.72530491633
-1.00000000000 0.00000000000 2.48437500000 0.00750000000 0.69473918487 -1.72599266242
-1.00000000000 0.00000000000 2.48437500000 0.00875000000 0.69502062903 -1.72669187525
-1.00000000000 0.00000000000 2.50000000000 -0.01000000000 0.69129263320 -1.72823158301
-1.00000000000 0.00000000000 2.50000000000 -0.00875000000 0.69150859701 -1.72877149252
-1.00000000000 0.00000000000 2.50000000000 -0.00750000000 0.69172907869 -1.72932269673
-1.00000000000 0.00000000000 2.50000000000 -0.00625000000 0.69195408431 -1.72988521079
-1.00000000000 0.00000000000 2.50000000000 -0.00500000000 0.69218362004 -1.73045905009
-1.00000000000 0.00000000000 2.50000000000 -0.00375000000 0.69241769213 -1.73104423032
-1.00000000000 0.00000000000 2.50000000000 -0.00250000000 0.69265630696 -1.73164076740
-1.00000000000 0.00000000000 2.50000000000 -0.00125000000 0.69289947102 -1.73224867755
-1.00000000000 0.00000000000 2.50000000000 0.00000000000 0.69314719089 -1.73286797722
-1.00000000000 0.00000000000 2.50000000000 0.00125000000 0.69339947327 -1.73349868317
-1.00000000000 0.00000000000 2.50000000000 0.00250000000 0.69365632496 -1.73414081240
-1.00000000000 0.00000000000 2.50000000000 0.00375000000 0.69391775288 -1.73479438220
-1.00000000000 0.00000000000 2.50000000000 0.00500000000 0.69418376404 -1.73545941011
-1.00000000000 0.00000000000 2.50000000000 0.00625000000 0.69445436559 -1.73613591396
-1.00000000000 0.00000000000 2.50000000000 0.00750000000 0.69472956475 -1.73682391186
-1.00000000000 0.00000000000 2.50000000000 0.00875000000 0.69500936887 -1.73752342218
-1.00000000000 0.00000000000 2.51562500000 -0.01000000000 0.69130473749 -1.73906348025
-1.00000000000 0.00000000000 2.51562500000 -0.00875000000 0.69151922261 -1.73960304437
-1.00000000000 0.00000000000 2.51562500000 -0.00750000000 0.69173821590 -1.74015394937
-1.00000000000 0.00000000000 2.51562500000 -0.00625000000 0.69196172336 -1.74071621034
-1.00000000000 0.00000000000 2.51562500000 -0.00500000000 0.69218975112 -1.74128984266
-1.00000000000 0.00000000000 2.51562500000 -0.00375000000 0.69242230537 -1.74187486196
-1.00000000000 0.00000000000 2.51562500000 -0.00250000000 0.69265939245 -1.74247128414
-1.00000000000 0.00000000000 2.51562500000 -0.00125000000 0.69290101878 -1.74307912537
-1.00000000000 0.00000000000 2.51562500000 0.00000000000 0.69314719089 -1.74369840208
-1.00000000000 0.00000000000 2.51562500000 0.00125000000 0.69339791542 -1.74432913098
-1.00000000000 0.00000000000 2.51562500000 0.00250000000 0.69365319912 -1.74497132905
-1.00000000000 0.00000000000 2.51562500000 0.00375000000 0.69391304885 -1.74562501352
-1.00000000000 0.00000000000 2.51562500000 0.00500000000 0.69417747158 -1.74629020193
-1.00000000000 0.00000000000 2.51562500000 0.00625000000 0.69444647436 -1.74696691206
-1.00000000000 0.00000000000 2.51562500000 0.00750000000 0.69472006439 -1.74765516198
-1.00000000000 0.00000000000 2.51562500000 0.00875000000 0.69499824896 -1.74835497004
-1.00000000000 0.00000000000 2.53125000000 -0.01000000000 0.69131669278 -1.74989537860
-1.00000000000 0.00000000000 2.53125000000 -0.00875000000 0.69152971736 -1.75043459708
-1.00000000000 0.00000000000 2.53125000000 -0.00750000000 0.69174724055 -1.75098520263
-1.00000000000 0.00000000000 2.53125000000 -0.00625000000 0.69196926828 -1.75154721033
-1.00000000000 0.00000000000 2.53125000000 -0.00500000000 0.69219580662 -1.75212063551
-1.00000000000 0.00000000000 2.53125000000 -0.00375000000 0.69242686173 -1.75270549376
-1.00000000000 0.00000000000 2.53125000000 -0.00250000000 0.69266243988 -1.75330180095
-1.00000000000 0.00000000000 2.53125000000 -0.00125000000 0.69290254744 -1.75390957321
-1.00000000000 0.00000000000 2.53125000000 0.00000000000 0.69314719089 -1.75452882694
-1.00000000000 0.00000000000 2.53125000000 0.00125000000 0.69339637681 -1.75515957881
-1.00000000000 0.00000000000 2.53125000000 0.00250000000 0.69365011191 -1.75580184576
-1.00000000000 0.00000000000 2.53125000000 0.00375000000 0.69390840297 -1.75645564501
-1.00000000000 0.00000000000 2.53125000000 0.00500000000 0.69417125691 -1.75712099405
-1.00000000000 0.00000000000 2.53125000000 0.00625000000 0.69443868074 -1.75779791062
-1.00000000000 0.00000000000 2.53125000000 0.00750000000 0.69471068159 -1.75848641277
-1.00000000000 0.00000000000 2.53125000000 0.00875000000 0.69498726669 -1.75918651880
-1.00000000000 0.00000000000 2.54687500000 -0.01000000000 0.69132850181 -1.76072727804
-1.00000000000 0.00000000000 2.54687500000 -0.00875000000 0.69154008368 -1.76126615062
-1.00000000000 0.00000000000 2.54687500000 -0.00750000000 0.69175615471 -1.76181645652
-1.00000000000 0.00000000000 2.54687500000 -0.00625000000 0.69197672079 -1.76237821076
-1.00000000000 0.00000000000 2.54687500000 -0.00500000000 0.69220178793 -1.76295142864
-1.00000000000 0.00000000000 2.54687500000 -0.00375000000 0.69243136224 -1.76353612572
-1.00000000000 0.00000000000 2.54687500000 -0.00250000000 0.69266544994 -1.76413231783
-1.00000000000 0.00000000000 2.54687500000 -0.00125000000 0.69290405735 -1.76474002106
-1.00000000000 0.00000000000 2.54687500000 0.00000000000 0.69314719089 -1.76535925179
-1.00000000000 0.00000000000 2.54687500000 0.00125000000 0.69339485709 -1.76599002665
-1.00000000000 0.00000000000 2.54687500000 0.00250000000 0.69364706260 -1.76663236255
-1.00000000000 0.00000000000 2.54687500000 0.00375000000 0.69390381415 -1.76728627667
-1.00000000000 0.00000000000 2.54687500000 0.00500000000 0.69416511861 -1.76795178645
-1.00000000000 0.00000000000 2.54687500000 0.00625000000 0.69443098292 -1.76862890963
-1.00000000000 0.00000000000 2.54687500000 0.00750000000 0.69470141417 -1.76931766420
-1.00000000000 0.00000000000 2.54687500000 0.00875000000 0.69497641952 -1.77001806846
-1.00000000000 0.00000000000 2.56250000000 -0.01000000000 0.69134016724 -1.77155917855
-1.00000000000 0.00000000000 2.56250000000 -0.00875000000 0.69155032390 -1.77209770499
-1.00000000000 0.00000000000 2.56250000000 -0.00750000000 0.69176496039 -1.77264771101
-1.00000000000 0.00000000000 2.56250000000 -0.00625000000 0.69198408258 -1.77320921161
-1.00000000000 0.00000000000 2.56250000000 -0.00500000000 0.69220769640 -1.77378222204
-1.00000000000 0.00000000000 2.56250000000 -0.00375000000 0.69243580793 -1.77436675783
-1.00000000000 0.00000000000 2.56250000000 -0.00250000000 0.69266842333 -1.77496283477
-1.00000000000 0.00000000000 2.56250000000 -0.00125000000 0.69290554885 -1.77557046894
-1.00000000000 0.00000000000 2.56250000000 0.00000000000 0.69314719089 -1.77618967665
-1.00000000000 0.00000000000 2.56250000000 0.00125000000 0.69339335591 -1.77682047452
-1.00000000000 0.00000000000 2.56250000000 0.00250000000 0.69364405050 -1.77746287941
-1.00000000000 0.00000000000 2.56250000000 0.00375000000 0.69389928136 -1.77811690847
-1.00000000000 0.00000000000 2.56250000000 0.00500000000 0.69415905527 -1.77878257913
-1.00000000000 0.00000000000 2.56250000000 0.00625000000 0.69442337915 -1.77945990908
-1.00000000000 0.00000000000 2.56250000000 0.00750000000 0.69469226001 -1.78014891628
-1.00000000000 0.00000000000 2.56250000000 0.00875000000 0.69496570497 -1.78084961899
-1.00000000000 0.00000000000 2.57812500000 -0.01000000000 0.69135169168 -1.78239108011
-1.00000000000 0.00000000000 2.57812500000 -0.00875000000 0.69156044031 -1.78292926017
-1.00000000000 0.00000000000 2.57812500000 -0.00750000000 0.69177365958 -1.78347896610
-1.00000000000 0.00000000000 2.57812500000 -0.00625000000 0.69199135530 -1.78404021287
-1.00000000000 0.00000000000 2.57812500000 -0.00500000000 0.69221353336 -1.78461301570
-1.00000000000 0.00000000000 2.57812500000 -0.00375000000 0.69244019979 -1.78519739009
-1.00000000000 0.00000000000 2.57812500000 -0.00250000000 0.69267136069 -1.78579335179
-1.00000000000 0.00000000000 2.57812500000 -0.00125000000 0.69290702229 -1.78640091683
-1.00000000000 0.00000000000 2.57812500000 0.00000000000 0.69314719089 -1.78702010151
-1.00000000000 0.00000000000 2.57812500000 0.00125000000 0.69339187293 -1.78765092240
-1.00000000000 0.00000000000 2.57812500000 0.00250000000 0.69364107494 -1.78829339634
-1.00000000000 0.00000000000 2.57812500000 0.00375000000 0.69389480356 -1.78894754044
-1.00000000000 0.00000000000 2.57812500000 0.00500000000 0.69415306554 -1.78961337209
-1.00000000000 0.00000000000 2.57812500000 0.00625000000 0.69441586772 -1.79029090896
-1.00000000000 0.00000000000 2.57812500000 0.00750000000 0.69468321706 -1.79098016899
-1.00000000000 0.00000000000 2.57812500000 0.00875000000 0.69495512063 -1.79168117038
-1.00000000000 0.00000000000 2.59375000000 -0.01000000000 0.69136307767 -1.79322298271
-1.00000000000 0.00000000000 2.59375000000 -0.00875000000 0.69157043514 -1.79376081614
-1.00000000000 0.00000000000 2.59375000000 -0.00750000000 0.69178225418 -1.79431022177
-1.00000000000 0.00000000000 2.59375000000 -0.00625000000 0.69199854055 -1.79487121454
-1.00000000000 0.00000000000 2.59375000000 -0.00500000000 0.69221930010 -1.79544380963
-1.00000000000 0.00000000000 2.59375000000 -0.00375000000 0.69244453880 -1.79602802250
-1.00000000000 0.00000000000 2.59375000000 -0.00250000000 0.69267426270 -1.79662386887
-1.00000000000 0.00000000000 2.59375000000 -0.00125000000 0.69290847797 -1.79723136474
-1.00000000000 0.00000000000 2.59375000000 0.00000000000 0.69314719089 -1.79785052637
-1.00000000000 0.00000000000 2.59375000000 0.00125000000 0.69339040782 -1.79848137030
-1.00000000000 0.00000000000 2.59375000000 0.00250000000 0.69363813526 -1.79912391333
-1.00000000000 0.00000000000 2.59375000000 0.00375000000 0.69389037978 -1.79977817256
-1.00000000000 0.00000000000 2.59375000000 0.00500000000 0.69414714808 -1.80044416533
-1.00000000000 0.00000000000 2.59375000000 0.00625000000 0.69440844695 -1.80112190927
-1.00000000000 0.00000000000 2.59375000000 0.00750000000 0.69467428330 -1.80181142231
-1.00000000000 0.00000000000 2.59375000000 0.00875000000 0.69494466414 -1.80251272261
-1.00000000000 0.00000000000 2.60937500000 -0.01000000000 0.69137432769 -1.80405488632
-1.00000000000 0.00000000000 2.60937500000 -0.00875000000 0.69158031057 -1.80459237289
-1.00000000000 0.00000000000 2.60937500000 -0.00750000000 0.69179074607 -1.80514147802
-1.00000000000 0.00000000000 2.60937500000 -0.00625000000 0.69200563990 -1.80570221662
-1.00000000000 0.00000000000 2.60937500000 -0.00500000000 0.69222499787 -1.80627460382
-1.00000000000 0.00000000000 2.60937500000 -0.00375000000 0.69244882589 -1.80685865506
-1.00000000000 0.00000000000 2.60937500000 -0.00250000000 0.69267712997 -1.80745438602
-1.00000000000 0.00000000000 2.60937500000 -0.00125000000 0.69290991623 -1.80806181266
-1.00000000000 0.00000000000 2.60937500000 0.00000000000 0.69314719089 -1.80868095123
-1.00000000000 0.00000000000 2.60937500000 0.00125000000 0.69338896027 -1.80931181821
-1.00000000000 0.00000000000 2.60937500000 0.00250000000 0.69363523081 -1.80995443039
-1.00000000000 0.00000000000 2.60937500000 0.00375000000 0.69388600903 -1.81060880482
-1.00000000000 0.00000000000 2.60937500000 0.00500000000 0.69414130159 -1.81127495883
-1.00000000000 0.00000000000 2.60937500000 0.00625000000 0.69440111521 -1.81195291000
-1.00000000000 0.00000000000 2.60937500000 0.00750000000 0.69466545676 -1.81264267624
-1.00000000000 0.00000000000 2.60937500000 0.00875000000 0.69493433319 -1.81334427567
-1.00000000000 0.00000000000 2.62500000000 -0.01000000000 0.69138544416 -1.81488679092
-1.00000000000 0.00000000000 2.62500000000 -0.00875000000 0.69159006872 -1.81542393040
-1.00000000000 0.00000000000 2.62500000000 -0.00750000000 0.69179913708 -1.81597273484
-1.00000000000 0.00000000000 2.62500000000 -0.00625000000 0.69201265489 -1.81653321909
-1.00000000000 0.00000000000 2.62500000000 -0.00500000000 0.69223062791 -1.81710539826
-1.00000000000 0.00000000000 2.62500000000 -0.00375000000 0.69245306200 -1.81768928776
-1.00000000000 0.00000000000 2.62500000000 -0.00250000000 0.69267996313 -1.81828490323
-1.00000000000 0.00000000000 2.62500000000 -0.00125000000 0.69291133737 -1.81889226060
-1.00000000000 0.00000000000 2.62500000000 0.00000000000 0.69314719089 -1.81951137608
-1.00000000000 0.00000000000 2.62500000000 0.00125000000 0.69338752996 -1.82014226614
-1.00000000000 0.00000000000 2.62500000000 0.00250000000 0.69363236096 -1.82078494752
-1.00000000000 0.00000000000 2.62500000000 0.00375000000 0.69388169038 -1.82143943723
-1.00000000000 0.00000000000 2.62500000000 0.00500000000 0.69413552480 -1.82210575259
-1.00000000000 0.00000000000 2.62500000000 0.00625000000 0.69439387091 -1.82278391115
-1.00000000000 0.00000000000 2.62500000000 0.00750000000 0.69465673553 -1.82347393076
-1.00000000000 0.00000000000 2.62500000000 0.00875000000 0.69492412554 -1.82417582955
-1.00000000000 0.00000000000 2.64062500000 -0.01000000000 0.69139642945 -1.82571869650
-1.00000000000 0.00000000000 2.64062500000 -0.00875000000 0.69159971169 -1.82625548867
-1.00000000000 0.00000000000 2.64062500000 -0.00750000000 0.69180742900 -1.82680399221
-1.00000000000 0.00000000000 2.64062500000 -0.00625000000 0.69201958701 -1.82736422194
-1.00000000000 0.00000000000 2.64062500000 -0.00500000000 0.69223619141 -1.82793619295
-1.00000000000 0.00000000000 2.64062500000 -0.00375000000 0.69245724804 -1.82851992060
-1.00000000000 0.00000000000 2.64062500000 -0.00250000000 0.69268276279 -1.82911542050
-1.00000000000 0.00000000000 2.64062500000 -0.00125000000 0.69291274170 -1.82972270856
-1.00000000000 0.00000000000 2.64062500000 0.00000000000 0.69314719089 -1.83034180094
-1.00000000000 0.00000000000 2.64062500000 0.00125000000 0.69338611658 -1.83097271408
-1.00000000000 0.00000000000 2.64062500000 0.00250000000 0.69362952510 -1.83161546471
-1.00000000000 0.00000000000 2.64062500000 0.00375000000 0.69387742288 -1.83227006979
-1.00000000000 0.00000000000 2.64062500000 0.00500000000 0.69412981647 -1.83293654661
-1.00000000000 0.00000000000 2.64062500000 0.00625000000 0.69438671250 -1.83361491269
-1.00000000000 0.00000000000 2.64062500000 0.00750000000 0.69464811772 -1.83430518586
-1.00000000000 0.00000000000 2.64062500000 0.00875000000 0.69491403900 -1.83500738422
-1.00000000000 0.00000000000 2.65625000000 -0.01000000000 0.69140728585 -1.83655060305
-1.00000000000 0.00000000000 2.65625000000 -0.00875000000 0.69160924148 -1.83708704768
-1.00000000000 0.00000000000 2.65625000000 -0.00750000000 0.69181562358 -1.83763525013
-1.00000000000 0.00000000000 2.65625000000 -0.00625000000 0.69202643771 -1.83819522518
-1.00000000000 0.00000000000 2.65625000000 -0.00500000000 0.69224168956 -1.83876698789
-1.00000000000 0.00000000000 2.65625000000 -0.00375000000 0.69246138488 -1.83935055357
-1.00000000000 0.00000000000 2.65625000000 -0.00250000000 0.69268552954 -1.83994593783
-1.00000000000 0.00000000000 2.65625000000 -0.00125000000 0.69291412952 -1.84055315653
-1.00000000000 0.00000000000 2.65625000000 0.00000000000 0.69314719089 -1.84117222580
-1.00000000000 0.00000000000 2.65625000000 0.00125000000 0.69338471983 -1.84180316205
-1.00000000000 0.00000000000 2.65625000000 0.00250000000 0.69362672262 -1.84244598196
-1.00000000000 0.00000000000 2.65625000000 0.00375000000 0.69387320564 -1.84310070249
-1.00000000000 0.00000000000 2.65625000000 0.00500000000 0.69412417539 -1.84376734088
-1.00000000000 0.00000000000 2.65625000000 0.00625000000 0.69437963845 -1.84444591463
-1.00000000000 0.00000000000 2.65625000000 0.00750000000 0.69463960152 -1.84513644155
-1.00000000000 0.00000000000 2.65625000000 0.00875000000 0.69490407141 -1.84583893968
-1.00000000000 0.00000000000 2.67187500000 -0.01000000000 0.69141801564 -1.84738251054
-1.00000000000 0.00000000000 2.67187500000 -0.00875000000 0.69161866008 -1.84791860741
-1.00000000000 0.00000000000 2.67187500000 -0.00750000000 0.69182372251 -1.84846650858
-1.00000000000 0.00000000000 2.67187500000 -0.00625000000 0.69203320843 -1.84902622879
-1.00000000000 0.00000000000 2.67187500000 -0.00500000000 0.69224712348 -1.84959778306
-1.00000000000 0.00000000000 2.67187500000 -0.00375000000 0.69246547338 -1.85018118669
-1.00000000000 0.00000000000 2.67187500000 -0.00250000000 0.69268826395 -1.85077645523
-1.00000000000 0.00000000000 2.67187500000 -0.00125000000 0.69291550111 -1.85138360452
-1.00000000000 0.00000000000 2.67187500000 0.00000000000 0.69314719089 -1.85200265066
-1.00000000000 0.00000000000 2.67187500000 0.00125000000 0.69338333942 -1.85263361002
-1.00000000000 0.00000000000 2.67187500000 0.00250000000 0.69362395294 -1.85327649927
-1.00000000000 0.00000000000 2.67187500000 0.00375000000 0.69386903778 -1.85393133533
-1.00000000000 0.00000000000 2.67187500000 0.00500000000 0.69411860038 -1.85459813540
-1.00000000000 0.00000000000 2.67187500000 0.00625000000 0.69437264729 -1.85527691697
-1.00000000000 0.00000000000 2.67187500000 0.00750000000 0.69463118514 -1.85596769779
-1.00000000000 0.00000000000 2.67187500000 0.00875000000 0.69489422069 -1.85667049591
-1.00000000000 0.00000000000 2.68750000000 -0.01000000000 0.69142862101 -1.85821441896
-1.00000000000 0.00000000000 2.68750000000 -0.00875000000 0.69162796944 -1.85875016786
-1.00000000000 0.00000000000 2.68750000000 -0.00750000000 0.69183172746 -1.85929776755
-1.00000000000 0.00000000000 2.68750000000 -0.00625000000 0.69203990056 -1.85985723276
-1.00000000000 0.00000000000 2.68750000000 -0.00500000000 0.69225249431 -1.86042857847
-1.00000000000 0.00000000000 2.68750000000 -0.00375000000 0.69246951439 -1.86101181994
-1.00000000000 0.00000000000 2.68750000000 -0.00250000000 0.69269096658 -1.86160697268
-1.00000000000 0.00000000000 2.68750000000 -0.00125000000 0.69291685675 -1.86221405252
-1.00000000000 0.00000000000 2.68750000000 0.00000000000 0.69314719089 -1.86283307551
-1.00000000000 0.00000000000 2.68750000000 0.00125000000 0.69338197508 -1.86346405801
-1.00000000000 0.00000000000 2.68750000000 0.00250000000 0.69362121550 -1.86410701664
-1.00000000000 0.00000000000 2.68750000000 0.00375000000 0.69386491844 -1.86476196830
-1.00000000000 0.00000000000 2.68750000000 0.00500000000 0.69411309029 -1.86542893016
-1.00000000000 0.00000000000 2.68750000000 0.00625000000 0.69436573756 -1.86610791968
-1.00000000000 0.00000000000 2.68750000000 0.00750000000 0.69462286682 -1.86679895459
-1.00000000000 0.00000000000 2.68750000000 0.00875000000 0.69488448480 -1.86750205290
-1.00000000000 0.00000000000 2.70312500000 -0.01000000000 0.69143910411 -1.86904632828
-1.00000000000 0.00000000000 2.70312500000 -0.00875000000 0.69163717142 -1.86958172901
-1.00000000000 0.00000000000 2.70312500000 -0.00750000000 0.69183964006 -1.87012902705
-1.00000000000 0.00000000000 2.70312500000 -0.00625000000 0.69204651546 -1.87068823710
-1.00000000000 0.00000000000 2.70312500000 -0.00500000000 0.69225780314 -1.87125937411
-1.00000000000 0.00000000000 2.70312500000 -0.00375000000 0.69247350874 -1.87184245331
-1.00000000000 0.00000000000 2.70312500000 -0.00250000000 0.69269363799 -1.87243749020
-1.00000000000 0.00000000000 2.70312500000 -0.00125000000 0.69291819673 -1.87304450054
-1.00000000000 0.00000000000 2.70312500000 0.00000000000 0.69314719089 -1.87366350037
-1.00000000000 0.00000000000 2.70312500000 0.00125000000 0.69338062650 -1.87429450602
-1.00000000000 0.00000000000 2.70312500000 0.00250000000 0.69361850972 -1.87493753408
-1.00000000000 0.00000000000 2.70312500000 0.00375000000 0.69386084677 -1.87559260141
-1.00000000000 0.00000000000 2.70312500000 0.00500000000 0.69410764399 -1.87625972517
-1.00000000000 0.00000000000 2.70312500000 0.00625000000 0.69435890785 -1.87693892277
-1.00000000000 0.00000000000 2.70312500000 0.00750000000 0.69461464488 -1.87763021193
-1.00000000000 0.00000000000 2.70312500000 0.00875000000 0.69487486173 -1.87833361063
-1.00000000000 0.00000000000 2.71875000000 -0.01000000000 0.69144946704 -1.87987823851
-1.00000000000 0.00000000000 2.71875000000 -0.00875000000 0.69164626790 -1.88041329084
-1.00000000000 0.00000000000 2.71875000000 -0.00750000000 0.69184746190 -1.88096028705
-1.00000000000 0.00000000000 2.71875000000 -0.00625000000 0.69205305445 -1.88151924179
-1.00000000000 0.00000000000 2.71875000000 -0.00500000000 0.69226305103 -1.88209016998
-1.00000000000 0.00000000000 2.71875000000 -0.00375000000 0.69247745722 -1.88267308682
-1.00000000000 0.00000000000 2.71875000000 -0.00250000000 0.69269627872 -1.88326800777
-1.00000000000 0.00000000000 2.71875000000 -0.00125000000 0.69291952131 -1.88387494857
-1.00000000000 0.00000000000 2.71875000000 0.00000000000 0.69314719089 -1.88449392523
-1.00000000000 0.00000000000 2.71875000000 0.00125000000 0.69337929344 -1.88512495404
-1.00000000000 0.00000000000 2.71875000000 0.00250000000 0.69361583506 -1.88576805157
-1.00000000000 0.00000000000 2.71875000000 0.00375000000 0.69385682194 -1.88642323465
-1.00000000000 0.00000000000 2.71875000000 0.00500000000 0.69410226038 -1.88709052041
-1.00000000000 0.00000000000 2.71875000000 0.00625000000 0.69435215678 -1.88776992624
-1.00000000000 0.00000000000 2.71875000000 0.00750000000 0.69460651763 -1.88846146981
-1.00000000000 0.00000000000 2.71875000000 0.00875000000 0.69486534955 -1.88916516909
-1.00000000000 0.00000000000 2.73437500000 -0.01000000000 0.69145971186 -1.89071014962
-1.00000000000 0.00000000000 2.73437500000 -0.00875000000 0.69165526066 -1.89124485336
-1.00000000000 0.00000000000 2.73437500000 -0.00750000000 0.69185519453 -1.89179154756
-1.00000000000 0.00000000000 2.73437500000 -0.00625000000 0.69205951884 -1.89235024683
-1.00000000000 0.00000000000 2.73437500000 -0.00500000000 0.69226823902 -1.89292096608
-1.00000000000 0.00000000000 2.73437500000 -0.00375000000 0.69248136062 -1.89350372045
-1.00000000000 0.00000000000 2.73437500000 -0.00250000000 0.69269888929 -1.89409852539
-1.00000000000 0.00000000000 2.73437500000 -0.00125000000 0.69292083076 -1.89470539661
-1.00000000000 0.00000000000 2.73437500000 0.00000000000 0.69314719089 -1.89532435009
-1.00000000000 0.00000000000 2.73437500000 0.00125000000 0.69337797562 -1.89595540208
-1.00000000000 0.00000000000 2.73437500000 0.00250000000 0.69361319099 -1.89659856912
-1.00000000000 0.00000000000 2.73437500000 0.00375000000 0.69385284316 -1.89725386802
-1.00000000000 0.00000000000 2.73437500000 0.00500000000 0.69409693838 -1.89792131588
-1.00000000000 0.00000000000 2.73437500000 0.00625000000 0.69434548299 -1.89860093006
-1.00000000000 0.00000000000 2.73437500000 0.00750000000 0.69459848346 -1.89929272821
-1.00000000000 0.00000000000 2.73437500000 0.00875000000 0.69485594634 -1.89999672827
-1.00000000000 0.00000000000 2.75000000000 -0.01000000000 0.69146984058 -1.90154206159
-1.00000000000 0.00000000000 2.75000000000 -0.00875000000 0.69166415147 -1.90207641654
-1.00000000000 0.00000000000 2.75000000000 -0.00750000000 0.69186283947 -1.90262280855
-1.00000000000 0.00000000000 2.75000000000 -0.00625000000 0.69206590990 -1.90318125222
-1.00000000000 0.00000000000 2.75000000000 -0.00500000000 0.69227336814 -1.90375176239
-1.00000000000 0.00000000000 2.75000000000 -0.00375000000 0.69248521971 -1.90433435421
-1.00000000000 0.00000000000 2.75000000000 -0.00250000000 0.69270147021 -1.90492904308
-1.00000000000 0.00000000000 2.75000000000 -0.00125000000 0.69292212533 -1.90553584467
-1.00000000000 0.00000000000 2.75000000000 0.00000000000 0.69314719089 -1.90615477494
-1.00000000000 0.00000000000 2.75000000000 0.00125000000 0.69337667277 -1.90678585013
-1.00000000000 0.00000000000 2.75000000000 0.00250000000 0.69361057699 -1.90742908672
-1.00000000000 0.00000000000 2.75000000000 0.00375000000 0.69384890964 -1.90808450152
-1.00000000000 0.00000000000 2.75000000000 0.00500000000 0.69409167694 -1.90875211158
-1.00000000000 0.00000000000 2.75000000000 0.00625000000 0.69433888518 -1.90943193424
-1.00000000000 0.00000000000 2.75000000000 0.00750000000 0.69459054078 -1.91012398714
-1.00000000000 0.00000000000 2.75000000000 0.00875000000 0.69484665024 -1.91082828816
-1.00000000000 0.00000000000 2.76562500000 -0.01000000000 0.69147985515 -1.91237397441
-1.00000000000 0.00000000000 2.76562500000 -0.00875000000 0.69167294206 -1.91290798037
-1.00000000000 0.00000000000 2.76562500000 -0.00750000000 0.69187039820 -1.91345407003
-1.00000000000 0.00000000000 2.76562500000 -0.00625000000 0.69207222886 -1.91401225794
-1.00000000000 0.00000000000 2.76562500000 -0.00500000000 0.69227843938 -1.91458255892
-1.00000000000 0.00000000000 2.76562500000 -0.00375000000 0.69248903524 -1.91516498809
-1.00000000000 0.00000000000 2.76562500000 -0.00250000000 0.69270402199 -1.91575956081
-1.00000000000 0.00000000000 2.76562500000 -0.00125000000 0.69292340529 -1.91636629274
-1.00000000000 0.00000000000 2.76562500000 0.00000000000 0.69314719089 -1.91698519980
-1.00000000000 0.00000000000 2.76562500000 0.00125000000 0.69337538466 -1.91761629819
-1.00000000000 0.00000000000 2.76562500000 0.00250000000 0.69360799255 -1.91825960439
-1.00000000000 0.00000000000 2.76562500000 0.00375000000 0.69384502062 -1.91891513515
-1.00000000000 0.00000000000 2.76562500000 0.00500000000 0.69408647503 -1.91958290751
-1.00000000000 0.00000000000 2.76562500000 0.00625000000 0.69433236204 -1.92026293878
-1.00000000000 0.00000000000 2.76562500000 0.00750000000 0.69458268802 -1.92095524656
-1.00000000000 0.00000000000 2.76562500000 0.00875000000 0.69483745943 -1.92165984874
-1.00000000000 0.00000000000 2.78125000000 -0.01000000000 0.69148975751 -1.92320588807
-1.00000000000 0.00000000000 2.78125000000 -0.00875000000 0.69168163410 -1.92373954485
-1.00000000000 0.00000000000 2.78125000000 -0.00750000000 0.69187787217 -1.92428533198
-1.00000000000 0.00000000000 2.78125000000 -0.00625000000 0.69207847694 -1.92484326399
-1.00000000000 0.00000000000 2.78125000000 -0.00500000000 0.69228345372 -1.92541335567
-1.00000000000 0.00000000000 2.78125000000 -0.00375000000 0.69249280794 -1.92599562209
-1.00000000000 0.00000000000 2.78125000000 -0.00250000000 0.69270654512 -1.92659007861
-1.00000000000 0.00000000000 2.78125000000 -0.00125000000 0.69292467086 -1.92719674083
-1.00000000000 0.00000000000 2.78125000000 0.00000000000 0.69314719089 -1.92781562466
-1.00000000000 0.00000000000 2.78125000000 0.00125000000 0.69337411102 -1.92844674627
-1.00000000000 0.00000000000 2.78125000000 0.00250000000 0.69360543716 -1.92909012210
-1.00000000000 0.00000000000 2.78125000000 0.00375000000 0.69384117533 -1.92974576889
-1.00000000000 0.00000000000 2.78125000000 0.00500000000 0.69408133165 -1.93041370365
-1.00000000000 0.00000000000 2.78125000000 0.00625000000 0.69432591233 -1.93109394366
-1.00000000000 0.00000000000 2.78125000000 0.00750000000 0.69457492368 -1.93178650649
-1.00000000000 0.00000000000 2.78125000000 0.00875000000 0.69482837214 -1.93249141000
-1.00000000000 0.00000000000 2.79687500000 -0.01000000000 0.69149954952 -1.93403780255
-1.00000000000 0.00000000000 2.79687500000 -0.00875000000 0.69169022926 -1.93457110996
-1.00000000000 0.00000000000 2.79687500000 -0.00750000000 0.69188526280 -1.93511659440
-1.00000000000 0.00000000000 2.79687500000 -0.00625000000 0.69208465532 -1.93567427036
-1.00000000000 0.00000000000 2.79687500000 -0.00500000000 0.69228841211 -1.93624415262
-1.00000000000 0.00000000000 2.79687500000 -0.00375000000 0.69249653853 -1.93682625621
-1.00000000000 0.00000000000 2.79687500000 -0.00250000000 0.69270904007 -1.93742059645
-1.00000000000 0.00000000000 2.79687500000 -0.00125000000 0.69292592230 -1.93802718893
-1.00000000000 0.00000000000 2.79687500000 0.00000000000 0.69314719089 -1.93864604952
-1.00000000000 0.00000000000 2.79687500000 0.00125000000 0.69337285161 -1.93927719436
-1.00000000000 0.00000000000 2.79687500000 0.00250000000 0.69360291034 -1.93992063987
-1.00000000000 0.00000000000 2.79687500000 0.00375000000 0.69383737305 -1.94057640276
-1.00000000000 0.00000000000 2.79687500000 0.00500000000 0.69407624581 -1.94124450001
-1.00000000000 0.00000000000 2.79687500000 0.00625000000 0.69431953479 -1.94192494888
-1.00000000000 0.00000000000 2.79687500000 0.00750000000 0.69456724627 -1.94261776691
-1.00000000000 0.00000000000 2.79687500000 0.00875000000 0.69481938662 -1.94332297194
-1.00000000000 0.00000000000 2.81250000000 -0.01000000000 0.69150923301 -1.94486971785
-1.00000000000 0.00000000000 2.81250000000 -0.00875000000 0.69169872914 -1.94540267569
-1.00000000000 0.00000000000 2.81250000000 -0.00750000000 0.69189257148 -1.94594785728
-1.00000000000 0.00000000000 2.81250000000 -0.00625000000 0.69209076518 -1.94650527706
-1.00000000000 0.00000000000 2.81250000000 -0.00500000000 0.69229331548 -1.94707494978
-1.00000000000 0.00000000000 2.81250000000 -0.00375000000 0.69250022771 -1.94765689044
-1.00000000000 0.00000000000 2.81250000000 -0.00250000000 0.69271150732 -1.94825111434
-1.00000000000 0.00000000000 2.81250000000 -0.00125000000 0.69292715984 -1.94885763704
-1.00000000000 0.00000000000 2.81250000000 0.00000000000 0.69314719089 -1.94947647437
-1.00000000000 0.00000000000 2.81250000000 0.00125000000 0.69337160621 -1.95010764246
-1.00000000000 0.00000000000 2.81250000000 0.00250000000 0.69360041162 -1.95075115769
-1.00000000000 0.00000000000 2.81250000000 0.00375000000 0.69383361307 -1.95140703675
-1.00000000000 0.00000000000 2.81250000000 0.00500000000 0.69407121656 -1.95207529658
-1.00000000000 0.00000000000 2.81250000000 0.00625000000 0.69431322824 -1.95275595443
-1.00000000000 0.00000000000 2.81250000000 0.00750000000 0.69455965433 -1.95344902782
-1.00000000000 0.00000000000 2.81250000000 0.00875000000 0.69481050117 -1.95415453454
-1.00000000000 0.00000000000 2.82812500000 -0.01000000000 0.69151880979 -1.95570163394
-1.00000000000 0.00000000000 2.82812500000 -0.00875000000 0.69170713531 -1.95623424204
-1.00000000000 0.00000000000 2.82812500000 -0.00750000000 0.69189979955 -1.95677912061
-1.00000000000 0.00000000000 2.82812500000 -0.00625000000 0.69209680763 -1.95733628407
-1.00000000000 0.00000000000 2.82812500000 -0.00500000000 0.69229816473 -1.95790574714
-1.00000000000 0.00000000000 2.82812500000 -0.00375000000 0.69250387617 -1.95848752479
-1.00000000000 0.00000000000 2.82812500000 -0.00250000000 0.69271394733 -1.95908163229
-1.00000000000 0.00000000000 2.82812500000 -0.00125000000 0.69292838371 -1.95968808517
-1.00000000000 0.00000000000 2.82812500000 0.00000000000 0.69314719089 -1.96030689923
-1.00000000000 0.00000000000 2.82812500000 0.00125000000 0.69337037457 -1.96093809058
-1.00000000000 0.00000000000 2.82812500000 0.00250000000 0.69359794053 -1.96158167557
-1.00000000000 0.00000000000 2.82812500000 0.00375000000 0.69382989467 -1.96223767085
-1.00000000000 0.00000000000 2.82812500000 0.00500000000 0.69406624296 -1.96290609337
-1.00000000000 0.00000000000 2.82812500000 0.00625000000 0.69430699149 -1.96358696031
-1.00000000000 0.00000000000 2.82812500000 0.00750000000 0.69455214645 -1.96428028919
-1.00000000000 0.00000000000 2.82812500000 0.00875000000 0.69480171413 -1.96498609778
-1.00000000000 0.00000000000 2.84375000000 -0.01000000000 0.69152828160 -1.96653355081
-1.00000000000 0.00000000000 2.84375000000 -0.00875000000 0.69171544931 -1.96706580899
-1.00000000000 0.00000000000 2.84375000000 -0.00750000000 0.69190694835 -1.96761038438
-1.00000000000 0.00000000000 2.84375000000 -0.00625000000 0.69210278379 -1.96816729139
-1.00000000000 0.00000000000 2.84375000000 -0.00500000000 0.69230296077 -1.96873654470
-1.00000000000 0.00000000000 2.84375000000 -0.00375000000 0.69250748457 -1.96931815925
-1.00000000000 0.00000000000 2.84375000000 -0.00250000000 0.69271636054 -1.96991215029
-1.00000000000 0.00000000000 2.84375000000 -0.00125000000 0.69292959413 -1.97051853330
-1.00000000000 0.00000000000 2.84375000000 0.00000000000 0.69314719089 -1.97113732409
-1.00000000000 0.00000000000 2.84375000000 0.00125000000 0.69336915647 -1.97176853870
-1.00000000000 0.00000000000 2.84375000000 0.00250000000 0.69359549661 -1.97241219349
-1.00000000000 0.00000000000 2.84375000000 0.00375000000 0.69382621717 -1.97306830507
-1.00000000000 0.00000000000 2.84375000000 0.00500000000 0.69406132408 -1.97373689035
-1.00000000000 0.00000000000 2.84375000000 0.00625000000 0.69430082339 -1.97441796652
-1.00000000000 0.00000000000 2.84375000000 0.00750000000 0.69454472124 -1.97511155104
-1.00000000000 0.00000000000 2.84375000000 0.00875000000 0.69479302388 -1.97581766167
-1.00000000000 0.00000000000 2.85937500000 -0.01000000000 0.69153765017 -1.97736546845
-1.00000000000 0.00000000000 2.85937500000 -0.00875000000 0.69172367266 -1.97789737652
-1.00000000000 0.00000000000 2.85937500000 -0.00750000000 0.69191401918 -1.97844164859
-1.00000000000 0.00000000000 2.85937500000 -0.00625000000 0.69210869474 -1.97899829902
-1.00000000000 0.00000000000 2.85937500000 -0.00500000000 0.69230770446 -1.97956734245
-1.00000000000 0.00000000000 2.85937500000 -0.00375000000 0.69251105358 -1.98014879382
-1.00000000000 0.00000000000 2.85937500000 -0.00250000000 0.69271874739 -1.98074266833
-1.00000000000 0.00000000000 2.85937500000 -0.00125000000 0.69293079133 -1.98134898145
-1.00000000000 0.00000000000 2.85937500000 0.00000000000 0.69314719089 -1.98196774895
-1.00000000000 0.00000000000 2.85937500000 0.00125000000 0.69336795168 -1.98259898685
-1.00000000000 0.00000000000 2.85937500000 0.00250000000 0.69359307942 -1.98324271147
-1.00000000000 0.00000000000 2.85937500000 0.00375000000 0.69382257990 -1.98389893941
-1.00000000000 0.00000000000 2.85937500000 0.00500000000 0.69405645903 -1.98456768754
-1.00000000000 0.00000000000 2.85937500000 0.00625000000 0.69429472281 -1.98524897304
-1.00000000000 0.00000000000 2.85937500000 0.00750000000 0.69453737734 -1.98594281334
-1.00000000000 0.00000000000 2.85937500000 0.00875000000 0.69478442883 -1.98664922618
-1.00000000000 0.00000000000 2.87500000000 -0.01000000000 0.69154691716 -1.98819738685
-1.00000000000 0.00000000000 2.87500000000 -0.00875000000 0.69173180683 -1.98872894465
-1.00000000000 0.00000000000 2.87500000000 -0.00750000000 0.69192101330 -1.98927291323
-1.00000000000 0.00000000000 2.87500000000 -0.00625000000 0.69211454154 -1.98982930694
-1.00000000000 0.00000000000 2.87500000000 -0.00500000000 0.69231239666 -1.99039814040
-1.00000000000 0.00000000000 2.87500000000 -0.00375000000 0.69251458383 -1.99097942850
-1.00000000000 0.00000000000 2.87500000000 -0.00250000000 0.69272110832 -1.99157318643
-1.00000000000 0.00000000000 2.87500000000 -0.00125000000 0.69293197552 -1.99217942962
-1.00000000000 0.00000000000 2.87500000000 0.00000000000 0.69314719089 -1.99279817380
-1.00000000000 0.00000000000 2.87500000000 0.00125000000 0.69336676000 -1.99342943500
-1.00000000000 0.00000000000 2.87500000000 0.00250000000 0.69359068852 -1.99407322949
-1.00000000000 0.00000000000 2.87500000000 0.00375000000 0.69381898221 -1.99472957385
-1.00000000000 0.00000000000 2.87500000000 0.00500000000 0.69405164693 -1.99539848493
-1.00000000000 0.00000000000 2.87500000000 0.00625000000 0.69428868865 -1.99607997988
-1.00000000000 0.00000000000 2.87500000000 0.00750000000 0.69453011343 -1.99677407610
-1.00000000000 0.00000000000 2.87500000000 0.00875000000 0.69477592741 -1.99748079131
-1.00000000000 0.00000000000 2.89062500000 -0.01000000000 0.69155608423 -1.99902930599
-1.00000000000 0.00000000000 2.89062500000 -0.00875000000 0.69173985326 -1.99956051334
-1.00000000000 0.00000000000 2.89062500000 -0.00750000000 0.69192793195 -2.00010417829
-1.00000000000 0.00000000000 2.89062500000 -0.00625000000 0.69212032524 -2.00066031516
-1.00000000000 0.00000000000 2.89062500000 -0.00500000000 0.69231703820 -2.00122893854
-1.00000000000 0.00000000000 2.89062500000 -0.00375000000 0.69251807595 -2.00181006329
-1.00000000000 0.00000000000 2.89062500000 -0.00250000000 0.69272344374 -2.00240370457
-1.00000000000 0.00000000000 2.89062500000 -0.00125000000 0.69293314691 -2.00300987779
-1.00000000000 0.00000000000 2.89062500000 0.00000000000 0.69314719089 -2.00362859866
-1.00000000000 0.00000000000 2.89062500000 0.00125000000 0.69336558120 -2.00425988317
-1.00000000000 0.00000000000 2.89062500000 0.00250000000 0.69358832348 -2.00490374757
-1.00000000000 0.00000000000 2.89062500000 0.00375000000 0.69381542345 -2.00556020841
-1.00000000000 0.00000000000 2.89062500000 0.00500000000 0.69404688693 -2.00622928252
-1.00000000000 0.00000000000 2.89062500000 0.00625000000 0.69428271983 -2.00691098702
-1.00000000000 0.00000000000 2.89062500000 0.00750000000 0.69452292819 -2.00760533930
-1.00000000000 0.00000000000 2.89062500000 0.00875000000 0.69476751811 -2.00831235704
-1.00000000000 0.00000000000 2.90625000000 -0.01000000000 0.69156515299 -2.00986122587
-1.00000000000 0.00000000000 2.90625000000 -0.00875000000 0.69174781337 -2.01039208260
-1.00000000000 0.00000000000 2.90625000000 -0.00750000000 0.69193477635 -2.01093544377
-1.00000000000 0.00000000000 2.90625000000 -0.00625000000 0.69212604685 -2.01149132367
-1.00000000000 0.00000000000 2.90625000000 -0.00500000000 0.69232162989 -2.01205973686
-1.00000000000 0.00000000000 2.90625000000 -0.00375000000 0.69252153056 -2.01264069818
-1.00000000000 0.00000000000 2.90625000000 -0.00250000000 0.69272575407 -2.01323422276
-1.00000000000 0.00000000000 2.90625000000 -0.00125000000 0.69293430571 -2.01384032598
-1.00000000000 0.00000000000 2.90625000000 0.00000000000 0.69314719089 -2.01445902352
-1.00000000000 0.00000000000 2.90625000000 0.00125000000 0.69336441509 -2.01509033134
-1.00000000000 0.00000000000 2.90625000000 0.00250000000 0.69358598389 -2.01573426569
-1.00000000000 0.00000000000 2.90625000000 0.00375000000 0.69381190299 -2.01639084307
-1.00000000000 0.00000000000 2.90625000000 0.00500000000 0.69404217817 -2.01706008030
-1.00000000000 0.00000000000 2.90625000000 0.00625000000 0.69427681530 -2.01774199446
-1.00000000000 0.00000000000 2.90625000000 0.00750000000 0.69451582036 -2.01843660294
-1.00000000000 0.00000000000 2.90625000000 0.00875000000 0.69475919944 -2.01914392338
-1.00000000000 0.00000000000 2.92187500000 -0.01000000000 0.69157412499 -2.02069314647
-1.00000000000 0.00000000000 2.92187500000 -0.00875000000 0.69175568853 -2.02122365241
-1.00000000000 0.00000000000 2.92187500000 -0.00750000000 0.69194154769 -2.02176670966
-1.00000000000 0.00000000000 2.92187500000 -0.00625000000 0.69213170737 -2.02232233246
-1.00000000000 0.00000000000 2.92187500000 -0.00500000000 0.69232617253 -2.02289053537
-1.00000000000 0.00000000000 2.92187500000 -0.00375000000 0.69252494825 -2.02347133318
-1.00000000000 0.00000000000 2.92187500000 -0.00250000000 0.69272803970 -2.02406474099
-1.00000000000 0.00000000000 2.92187500000 -0.00125000000 0.69293545212 -2.02467077418
-1.00000000000 0.00000000000 2.92187500000 0.00000000000 0.69314719089 -2.02528944838
-1.00000000000 0.00000000000 2.92187500000 0.00125000000 0.69336326144 -2.02592077953
-1.00000000000 0.00000000000 2.92187500000 0.00250000000 0.69358366934 -2.02656478385
-1.00000000000 0.00000000000 2.92187500000 0.00375000000 0.69380842022 -2.02722147784
-1.00000000000 0.00000000000 2.92187500000 0.00500000000 0.69403751983 -2.02789087827
-1.00000000000 0.00000000000 2.92187500000 0.00625000000 0.69427097402 -2.02857300220
-1.00000000000 0.00000000000 2.92187500000 0.00750000000 0.69450878871 -2.02926786700
-1.00000000000 0.00000000000 2.92187500000 0.00875000000 0.69475096994 -2.02997549030
-1.00000000000 0.00000000000 2.93750000000 -0.01000000000 0.69158300180 -2.03152506777
-1.00000000000 0.00000000000 2.93750000000 -0.00875000000 0.69176348009 -2.03205522277
-1.00000000000 0.00000000000 2.93750000000 -0.00750000000 0.69194824713 -2.03259797595
-1.00000000000 0.00000000000 2.93750000000 -0.00625000000 0.69213730776 -2.03315334154
-1.00000000000 0.00000000000 2.93750000000 -0.00500000000 0.69233066691 -2.03372133406
-1.00000000000 0.00000000000 2.93750000000 -0.00375000000 0.69252832963 -2.03430196828
-1.00000000000 0.00000000000 2.93750000000 -0.00250000000 0.69273030103 -2.03489525927
-1.00000000000 0.00000000000 2.93750000000 -0.00125000000 0.69293658634 -2.03550122238
-1.00000000000 0.00000000000 2.93750000000 0.00000000000 0.69314719089 -2.03611987324
-1.00000000000 0.00000000000 2.93750000000 0.00125000000 0.69336212008 -2.03675122773
-1.00000000000 0.00000000000 2.93750000000 0.00250000000 0.69358137943 -2.03739530207
-1.00000000000 0.00000000000 2.93750000000 0.00375000000 0.69380497454 -2.03805211271
-1.00000000000 0.00000000000 2.93750000000 0.00500000000 0.69403291112 -2.03872167642
-1.00000000000 0.00000000000 2.93750000000 0.00625000000 0.69426519498 -2.03940401024
-1.00000000000 0.00000000000 2.93750000000 0.00750000000 0.69450183200 -2.04009913149
-1.00000000000 0.00000000000 2.93750000000 0.00875000000 0.69474282819 -2.04080705780
-1.00000000000 0.00000000000 2.95312500000 -0.01000000000 0.69159178490 -2.04235698978
-1.00000000000 0.00000000000 2.95312500000 -0.00875000000 0.69177118939 -2.04288679366
-1.00000000000 0.00000000000 2.95312500000 -0.00750000000 0.69195487581 -2.04342924263
-1.00000000000 0.00000000000 2.95312500000 -0.00625000000 0.69214284898 -2.04398435089
-1.00000000000 0.00000000000 2.95312500000 -0.00500000000 0.69233511379 -2.04455213292
-1.00000000000 0.00000000000 2.95312500000 -0.00375000000 0.69253167525 -2.04513260348
-1.00000000000 0.00000000000 2.95312500000 -0.00250000000 0.69273253845 -2.04572577760
-1.00000000000 0.00000000000 2.95312500000 -0.00125000000 0.69293770856 -2.04633167060
-1.00000000000 0.00000000000 2.95312500000 0.00000000000 0.69314719089 -2.04695029809
-1.00000000000 0.00000000000 2.95312500000 0.00125000000 0.69336099080 -2.04758167595
-1.00000000000 0.00000000000 2.95312500000 0.00250000000 0.69357911376 -2.04822582033
-1.00000000000 0.00000000000 2.95312500000 0.00375000000 0.69380156535 -2.04888274769
-1.00000000000 0.00000000000 2.95312500000 0.00500000000 0.69402835124 -2.04955247476
-1.00000000000 0.00000000000 2.95312500000 0.00625000000 0.69425947719 -2.05023501856
-1.00000000000 0.00000000000 2.95312500000 0.00750000000 0.69449494905 -2.05093039640
-1.00000000000 0.00000000000 2.95312500000 0.00875000000 0.69473477278 -2.05163862588
-1.00000000000 0.00000000000 2.96875000000 -0.01000000000 0.69160047578 -2.05318891248
-1.00000000000 0.00000000000 2.96875000000 -0.00875000000 0.69177881771 -2.05371836509
-1.00000000000 0.00000000000 2.96875000000 -0.00750000000 0.69196143485 -2.05426050971
-1.00000000000 0.00000000000 2.96875000000 -0.00625000000 0.69214833196 -2.05481536052
-1.00000000000 0.00000000000 2.96875000000 -0.00500000000 0.69233951392 -2.05538293196
-1.00000000000 0.00000000000 2.96875000000 -0.00375000000 0.69253498569 -2.05596323878
-1.00000000000 0.00000000000 2.96875000000 -0.00250000000 0.69273475233 -2.05655629597
-1.00000000000 0.00000000000 2.96875000000 -0.00125000000 0.69293881898 -2.05716211884
-1.00000000000 0.00000000000 2.96875000000 0.00000000000 0.69314719089 -2.05778072295
-1.00000000000 0.00000000000 2.96875000000 0.00125000000 0.69335987340 -2.05841212417
-1.00000000000 0.00000000000 2.96875000000 0.00250000000 0.69357687196 -2.05905633863
-1.00000000000 0.00000000000 2.96875000000 0.00375000000 0.69379819209 -2.05971338277
-1.00000000000 0.00000000000 2.96875000000 0.00500000000 0.69402383942 -2.06038327328
-1.00000000000 0.00000000000 2.96875000000 0.00625000000 0.69425381968 -2.06106602717
-1.00000000000 0.00000000000 2.96875000000 0.00750000000 0.69448813869 -2.06176166172
-1.00000000000 0.00000000000 2.96875000000 0.00875000000 0.69472680236 -2.06247019451
-1.00000000000 0.00000000000 2.98437500000 -0.01000000000 0.69160907589 -2.06402083585
-1.00000000000 0.00000000000 2.98437500000 -0.00875000000 0.69178636634 -2.06454993703
-1.00000000000 0.00000000000 2.98437500000 -0.00750000000 0.69196792533 -2.06509177717
-1.00000000000 0.00000000000 2.98437500000 -0.00625000000 0.69215375762 -2.06564637041
-1.00000000000 0.00000000000 2.98437500000 -0.00500000000 0.69234386804 -2.06621373117
-1.00000000000 0.00000000000 2.98437500000 -0.00375000000 0.69253826150 -2.06679387417
-1.00000000000 0.00000000000 2.98437500000 -0.00250000000 0.69273694304 -2.06738681438
-1.00000000000 0.00000000000 2.98437500000 -0.00125000000 0.69293991776 -2.06799256708
-1.00000000000 0.00000000000 2.98437500000 0.00000000000 0.69314719089 -2.06861114781
-1.00000000000 0.00000000000 2.98437500000 0.00125000000 0.69335876772 -2.06924257240
-1.00000000000 0.00000000000 2.98437500000 0.00250000000 0.69357465365 -2.06988685698
-1.00000000000 0.00000000000 2.98437500000 0.00375000000 0.69379485418 -2.07054401794
-1.00000000000 0.00000000000 2.98437500000 0.00500000000 0.69401937490 -2.07121407198
-1.00000000000 0.00000000000 2.98437500000 0.00625000000 0.69424822151 -2.07189703606
-1.00000000000 0.00000000000 2.98437500000 0.00750000000 0.69448139977 -2.07259292744
-1.00000000000 0.00000000000 2.98437500000 0.00875000000 0.69471891558 -2.07330176369
